5001 -0.17073
5002 -0.211703
5003 -0.166475
5004 -0.166187
5005 -0.177718
5006 -0.192577
5007 -0.161859
5008 -0.191042
5009 -0.193187
5010 -0.205642
5011 -0.164739
5012 -0.197292
5013 -0.163789
5014 -0.153882
5015 -0.194149
5016 -0.177544
5017 -0.199523
5018 -0.173477
5019 -0.174955
5020 -0.167826
5021 -0.194406
5022 -0.174021
5023 -0.171618
5024 -0.133873
5025 -0.177915
5026 -0.183298
5027 -0.189218
5028 -0.177148
5029 -0.151076
5030 -0.199572
5031 -0.16626
5032 -0.195013
5033 -0.204814
5034 -0.175
5035 -0.187384
5036 -0.181864
5037 -0.179081
5038 -0.190678
5039 -0.169524
5040 -0.191518
5041 -0.15745
5042 -0.152766
5043 -0.182135
5044 -0.184224
5045 -0.186339
5046 -0.197657
5047 -0.177459
5048 -0.17322
5049 -0.173258
5050 -0.159628
5051 -0.145139
5052 -0.158546
5053 -0.156257
5054 -0.149931
5055 -0.209594
5056 -0.175369
5057 -0.16542
5058 -0.199205
5059 -0.187786
5060 -0.192655
5061 -0.167717
5062 -0.20004
5063 -0.163226
5064 -0.183623
5065 -0.198303
5066 -0.188296
5067 -0.187006
5068 -0.146338
5069 -0.185481
5070 -0.152643
5071 -0.168611
5072 -0.165208
5073 -0.146739
5074 -0.186352
5075 -0.180732
5076 -0.160197
5077 -0.170187
5078 -0.174938
5079 -0.149336
5080 -0.185828
5081 -0.159747
5082 -0.185259
5083 -0.156773
5084 -0.175124
5085 -0.189105
5086 -0.185791
5087 -0.159819
5088 -0.178467
5089 -0.148793
5090 -0.158726
5091 -0.15646
5092 -0.167877
5093 -0.194199
5094 -0.2069
5095 -0.144361
5096 -0.191493
5097 -0.191068
5098 -0.197782
5099 -0.186951
5100 -0.181378
5101 -0.182791
5102 -0.184796
5103 -0.1731
5104 -0.152471
5105 -0.147276
5106 -0.169381
5107 -0.188075
5108 -0.185361
5109 -0.196057
5110 -0.159414
5111 -0.193209
5112 -0.176123
5113 -0.147288
5114 -0.167226
5115 -0.159652
5116 -0.198912
5117 -0.179544
5118 -0.15407
5119 -0.170109
5120 -0.16061
5121 -0.171755
5122 -0.176974
5123 -0.168685
5124 -0.175688
5125 -0.188893
5126 -0.182303
5127 -0.182158
5128 -0.184281
5129 -0.204873
5130 -0.159961
5131 -0.178181
5132 -0.178191
5133 -0.157982
5134 -0.173171
5135 -0.166706
5136 -0.167809
5137 -0.199835
5138 -0.148617
5139 -0.178405
5140 -0.184103
5141 -0.185891
5142 -0.175632
5143 -0.178716
5144 -0.174365
5145 -0.190941
5146 -0.171492
5147 -0.194649
5148 -0.149549
5149 -0.181951
5150 -0.197724
5151 -0.178742
5152 -0.190701
5153 -0.153848
5154 -0.188532
5155 -0.190823
5156 -0.189044
5157 -0.183316
5158 -0.162283
5159 -0.171156
5160 -0.166508
5161 -0.163903
5162 -0.168578
5163 -0.177146
5164 -0.192539
5165 -0.168827
5166 -0.181282
5167 -0.207863
5168 -0.190022
5169 -0.167881
5170 -0.185029
5171 -0.189789
5172 -0.192696
5173 -0.162418
5174 -0.194539
5175 -0.158531
5176 -0.184617
5177 -0.182739
5178 -0.177093
5179 -0.194763
5180 -0.178216
5181 -0.201714
5182 -0.161708
5183 -0.156355
5184 -0.171218
5185 -0.198276
5186 -0.188334
5187 -0.176108
5188 -0.158355
5189 -0.179174
5190 -0.174117
5191 -0.190098
5192 -0.160401
5193 -0.168601
5194 -0.20822
5195 -0.17856
5196 -0.185748
5197 -0.175126
5198 -0.174667
5199 -0.159027
5200 -0.161745
5201 -0.173846
5202 -0.182648
5203 -0.200505
5204 -0.161533
5205 -0.197572
5206 -0.170731
5207 -0.16377
5208 -0.146695
5209 -0.164335
5210 -0.201196
5211 -0.157129
5212 -0.186224
5213 -0.157163
5214 -0.201278
5215 -0.174342
5216 -0.171012
5217 -0.185577
5218 -0.187535
5219 -0.161207
5220 -0.178903
5221 -0.177485
5222 -0.183726
5223 -0.19759
5224 -0.160746
5225 -0.203381
5226 -0.164226
5227 -0.179762
5228 -0.193684
5229 -0.191421
5230 -0.160633
5231 -0.169477
5232 -0.150505
5233 -0.186865
5234 -0.180565
5235 -0.197985
5236 -0.16394
5237 -0.170699
5238 -0.191189
5239 -0.168876
5240 -0.178686
5241 -0.168656
5242 -0.179961
5243 -0.158002
5244 -0.190595
5245 -0.175532
5246 -0.178636
5247 -0.188802
5248 -0.179018
5249 -0.186833
5250 -0.173223
5251 -0.181906
5252 -0.15033
5253 -0.16733
5254 -0.169663
5255 -0.150498
5256 -0.19657
5257 -0.158504
5258 -0.173038
5259 -0.190798
5260 -0.19433
5261 -0.203598
5262 -0.196667
5263 -0.190244
5264 -0.181647
5265 -0.188417
5266 -0.192408
5267 -0.165825
5268 -0.165433
5269 -0.15867
5270 -0.19196
5271 -0.197746
5272 -0.192799
5273 -0.210723
5274 -0.193546
5275 -0.177873
5276 -0.207153
5277 -0.16232
5278 -0.181118
5279 -0.170827
5280 -0.164317
5281 -0.176566
5282 -0.162796
5283 -0.166534
5284 -0.210723
5285 -0.176208
5286 -0.205064
5287 -0.183632
5288 -0.186372
5289 -0.176332
5290 -0.145224
5291 -0.183002
5292 -0.177383
5293 -0.192209
5294 -0.151028
5295 -0.180435
5296 -0.195531
5297 -0.173302
5298 -0.187677
5299 -0.192805
5300 -0.178788
5301 -0.196567
5302 -0.177486
5303 -0.191124
5304 -0.207199
5305 -0.190948
5306 -0.200416
5307 -0.168336
5308 -0.194729
5309 -0.173113
5310 -0.184924
5311 -0.187852
5312 -0.162124
5313 -0.182226
5314 -0.193727
5315 -0.166777
5316 -0.121149
5317 -0.197242
5318 -0.188906
5319 -0.146964
5320 -0.183936
5321 -0.17484
5322 -0.195565
5323 -0.192702
5324 -0.163812
5325 -0.177203
5326 -0.176204
5327 -0.176782
5328 -0.176706
5329 -0.179705
5330 -0.189532
5331 -0.172475
5332 -0.195218
5333 -0.176388
5334 -0.179004
5335 -0.163027
5336 -0.201053
5337 -0.162974
5338 -0.161224
5339 -0.190749
5340 -0.178992
5341 -0.198126
5342 -0.187219
5343 -0.190592
5344 -0.184549
5345 -0.147125
5346 -0.201234
5347 -0.167456
5348 -0.18722
5349 -0.178924
5350 -0.193169
5351 -0.206916
5352 -0.205074
5353 -0.181689
5354 -0.189926
5355 -0.206267
5356 -0.192708
5357 -0.163739
5358 -0.171304
5359 -0.191668
5360 -0.194991
5361 -0.19728
5362 -0.195259
5363 -0.163661
5364 -0.18416
5365 -0.170389
5366 -0.163642
5367 -0.188665
5368 -0.194825
5369 -0.169204
5370 -0.188414
5371 -0.210072
5372 -0.193909
5373 -0.197503
5374 -0.180391
5375 -0.159278
5376 -0.191834
5377 -0.17624
5378 -0.166721
5379 -0.161351
5380 -0.189038
5381 -0.186327
5382 -0.186764
5383 -0.15707
5384 -0.165724
5385 -0.158197
5386 -0.198382
5387 -0.169437
5388 -0.189672
5389 -0.172556
5390 -0.172831
5391 -0.181372
5392 -0.156261
5393 -0.17984
5394 -0.195004
5395 -0.185821
5396 -0.162484
5397 -0.148841
5398 -0.166431
5399 -0.191182
5400 -0.167555
5401 -0.163317
5402 -0.158331
5403 -0.176381
5404 -0.192408
5405 -0.176881
5406 -0.175082
5407 -0.187394
5408 -0.148209
5409 -0.183594
5410 -0.201497
5411 -0.190898
5412 -0.149514
5413 -0.164145
5414 -0.177026
5415 -0.173647
5416 -0.193753
5417 -0.182746
5418 -0.17773
5419 -0.151007
5420 -0.189383
5421 -0.161503
5422 -0.168876
5423 -0.190915
5424 -0.194402
5425 -0.171236
5426 -0.173759
5427 -0.163036
5428 -0.157819
5429 -0.169695
5430 -0.195633
5431 -0.180755
5432 -0.189549
5433 -0.194289
5434 -0.181709
5435 -0.208278
5436 -0.195205
5437 -0.183807
5438 -0.201653
5439 -0.182
5440 -0.195991
5441 -0.181844
5442 -0.174608
5443 -0.171625
5444 -0.190399
5445 -0.154781
5446 -0.159653
5447 -0.164598
5448 -0.194296
5449 -0.163744
5450 -0.201936
5451 -0.15229
5452 -0.167336
5453 -0.18112
5454 -0.176877
5455 -0.168669
5456 -0.189517
5457 -0.183235
5458 -0.162333
5459 -0.18114
5460 -0.168184
5461 -0.166065
5462 -0.17315
5463 -0.181163
5464 -0.197276
5465 -0.184237
5466 -0.157714
5467 -0.165539
5468 -0.192521
5469 -0.180318
5470 -0.195175
5471 -0.196613
5472 -0.174478
5473 -0.196286
5474 -0.179522
5475 -0.18684
5476 -0.158287
5477 -0.17183
5478 -0.18165
5479 -0.171146
5480 -0.176857
5481 -0.198981
5482 -0.179373
5483 -0.183562
5484 -0.15342
5485 -0.207632
5486 -0.194787
5487 -0.193547
5488 -0.188365
5489 -0.18721
5490 -0.198028
5491 -0.184064
5492 -0.178348
5493 -0.165184
5494 -0.166656
5495 -0.155695
5496 -0.191707
5497 -0.203145
5498 -0.199517
5499 -0.136734
5500 -0.191861
5501 -0.162109
5502 -0.172208
5503 -0.150011
5504 -0.183717
5505 -0.155527
5506 -0.163159
5507 -0.174676
5508 -0.160173
5509 -0.19542
5510 -0.199199
5511 -0.187392
5512 -0.186054
5513 -0.180965
5514 -0.181527
5515 -0.176656
5516 -0.175142
5517 -0.171527
5518 -0.175327
5519 -0.146357
5520 -0.189881
5521 -0.178996
5522 -0.176903
5523 -0.200943
5524 -0.191597
5525 -0.174442
5526 -0.182125
5527 -0.189647
5528 -0.176487
5529 -0.171467
5530 -0.166413
5531 -0.203613
5532 -0.166583
5533 -0.191141
5534 -0.195303
5535 -0.191585
5536 -0.167267
5537 -0.179345
5538 -0.200545
5539 -0.144771
5540 -0.15222
5541 -0.18954
5542 -0.172277
5543 -0.139475
5544 -0.202981
5545 -0.15752
5546 -0.185308
5547 -0.165694
5548 -0.162321
5549 -0.157031
5550 -0.167964
5551 -0.191949
5552 -0.185647
5553 -0.205101
5554 -0.179528
5555 -0.176063
5556 -0.165815
5557 -0.169688
5558 -0.167198
5559 -0.177351
5560 -0.198912
5561 -0.184689
5562 -0.175481
5563 -0.186739
5564 -0.188431
5565 -0.174249
5566 -0.20289
5567 -0.195249
5568 -0.162856
5569 -0.142186
5570 -0.173364
5571 -0.173125
5572 -0.201651
5573 -0.197657
5574 -0.188405
5575 -0.186424
5576 -0.19128
5577 -0.16248
5578 -0.166278
5579 -0.177967
5580 -0.153728
5581 -0.173838
5582 -0.132863
5583 -0.176822
5584 -0.168378
5585 -0.169926
5586 -0.206658
5587 -0.174312
5588 -0.188474
5589 -0.175276
5590 -0.159338
5591 -0.166715
5592 -0.1905
5593 -0.177845
5594 -0.187339
5595 -0.192841
5596 -0.169807
5597 -0.17956
5598 -0.160411
5599 -0.179482
5600 -0.176563
5601 -0.16859
5602 -0.163637
5603 -0.18791
5604 -0.207576
5605 -0.160235
5606 -0.163031
5607 -0.175355
5608 -0.202295
5609 -0.179287
5610 -0.159476
5611 -0.154265
5612 -0.196186
5613 -0.185382
5614 -0.17587
5615 -0.196165
5616 -0.180469
5617 -0.153945
5618 -0.18139
5619 -0.16158
5620 -0.193446
5621 -0.171238
5622 -0.16128
5623 -0.188707
5624 -0.17937
5625 -0.161486
5626 -0.196915
5627 -0.168266
5628 -0.154553
5629 -0.191919
5630 -0.188407
5631 -0.184097
5632 -0.163328
5633 -0.190118
5634 -0.161497
5635 -0.153989
5636 -0.157232
5637 -0.149014
5638 -0.175491
5639 -0.199355
5640 -0.162373
5641 -0.178592
5642 -0.16328
5643 -0.167689
5644 -0.19244
5645 -0.180367
5646 -0.177551
5647 -0.149476
5648 -0.184005
5649 -0.204815
5650 -0.147514
5651 -0.175291
5652 -0.16712
5653 -0.171615
5654 -0.176986
5655 -0.143083
5656 -0.169093
5657 -0.172189
5658 -0.182453
5659 -0.166748
5660 -0.198812
5661 -0.164621
5662 -0.196617
5663 -0.15203
5664 -0.182246
5665 -0.167213
5666 -0.184554
5667 -0.160298
5668 -0.198555
5669 -0.188279
5670 -0.189471
5671 -0.159463
5672 -0.177946
5673 -0.165196
5674 -0.190923
5675 -0.168051
5676 -0.176283
5677 -0.179394
5678 -0.190374
5679 -0.183399
5680 -0.191857
5681 -0.161959
5682 -0.157738
5683 -0.16589
5684 -0.180565
5685 -0.175804
5686 -0.171177
5687 -0.193377
5688 -0.159977
5689 -0.148672
5690 -0.169955
5691 -0.174539
5692 -0.174372
5693 -0.160098
5694 -0.174282
5695 -0.173964
5696 -0.167456
5697 -0.184596
5698 -0.181577
5699 -0.17257
5700 -0.151707
5701 -0.199597
5702 -0.167122
5703 -0.186979
5704 -0.175155
5705 -0.160982
5706 -0.153138
5707 -0.156503
5708 -0.187129
5709 -0.14307
5710 -0.188634
5711 -0.142159
5712 -0.175618
5713 -0.189748
5714 -0.169345
5715 -0.18083
5716 -0.148338
5717 -0.188883
5718 -0.156251
5719 -0.159911
5720 -0.179242
5721 -0.189535
5722 -0.194092
5723 -0.180628
5724 -0.142165
5725 -0.177385
5726 -0.186694
5727 -0.16988
5728 -0.173707
5729 -0.173725
5730 -0.147507
5731 -0.172504
5732 -0.167098
5733 -0.159813
5734 -0.196177
5735 -0.197108
5736 -0.161602
5737 -0.193488
5738 -0.169639
5739 -0.158765
5740 -0.183596
5741 -0.198025
5742 -0.168302
5743 -0.17917
5744 -0.140484
5745 -0.186218
5746 -0.161698
5747 -0.182406
5748 -0.180399
5749 -0.197138
5750 -0.154269
5751 -0.197021
5752 -0.187512
5753 -0.172269
5754 -0.188574
5755 -0.173462
5756 -0.189141
5757 -0.18318
5758 -0.179407
5759 -0.168689
5760 -0.180046
5761 -0.17154
5762 -0.188002
5763 -0.150324
5764 -0.186985
5765 -0.190106
5766 -0.184574
5767 -0.182537
5768 -0.199922
5769 -0.159473
5770 -0.20171
5771 -0.17032
5772 -0.153588
5773 -0.149209
5774 -0.166646
5775 -0.154934
5776 -0.166023
5777 -0.182104
5778 -0.148165
5779 -0.185747
5780 -0.181066
5781 -0.186615
5782 -0.195421
5783 -0.202968
5784 -0.182084
5785 -0.168601
5786 -0.189569
5787 -0.148021
5788 -0.20746
5789 -0.186184
5790 -0.159862
5791 -0.20581
5792 -0.171823
5793 -0.150493
5794 -0.172397
5795 -0.194005
5796 -0.181704
5797 -0.195573
5798 -0.17958
5799 -0.207977
5800 -0.166867
5801 -0.192771
5802 -0.185243
5803 -0.168215
5804 -0.186541
5805 -0.156551
5806 -0.171081
5807 -0.166258
5808 -0.181997
5809 -0.193206
5810 -0.170806
5811 -0.196315
5812 -0.185951
5813 -0.180157
5814 -0.155862
5815 -0.153183
5816 -0.150971
5817 -0.170164
5818 -0.181363
5819 -0.144058
5820 -0.169715
5821 -0.157983
5822 -0.190213
5823 -0.170827
5824 -0.185013
5825 -0.169995
5826 -0.180291
5827 -0.160498
5828 -0.146532
5829 -0.197273
5830 -0.175946
5831 -0.155146
5832 -0.185302
5833 -0.169468
5834 -0.199778
5835 -0.196977
5836 -0.18264
5837 -0.176052
5838 -0.179946
5839 -0.187858
5840 -0.171433
5841 -0.174574
5842 -0.194596
5843 -0.196638
5844 -0.148203
5845 -0.162067
5846 -0.185601
5847 -0.201985
5848 -0.199703
5849 -0.16423
5850 -0.193226
5851 -0.190771
5852 -0.177569
5853 -0.190584
5854 -0.178417
5855 -0.15581
5856 -0.164475
5857 -0.175099
5858 -0.196514
5859 -0.179596
5860 -0.162766
5861 -0.184413
5862 -0.178291
5863 -0.195148
5864 -0.171917
5865 -0.191537
5866 -0.151959
5867 -0.195937
5868 -0.163635
5869 -0.183191
5870 -0.166124
5871 -0.175498
5872 -0.173759
5873 -0.151309
5874 -0.191726
5875 -0.173509
5876 -0.16513
5877 -0.186714
5878 -0.175672
5879 -0.164548
5880 -0.182773
5881 -0.157862
5882 -0.161367
5883 -0.189856
5884 -0.133416
5885 -0.176179
5886 -0.17719
5887 -0.153364
5888 -0.171505
5889 -0.199609
5890 -0.203732
5891 -0.182939
5892 -0.180084
5893 -0.200032
5894 -0.175731
5895 -0.161135
5896 -0.153834
5897 -0.171172
5898 -0.198522
5899 -0.161038
5900 -0.171129
5901 -0.163114
5902 -0.206708
5903 -0.177446
5904 -0.191653
5905 -0.167076
5906 -0.192007
5907 -0.207266
5908 -0.177249
5909 -0.166086
5910 -0.174613
5911 -0.16066
5912 -0.192352
5913 -0.185383
5914 -0.204849
5915 -0.193129
5916 -0.15215
5917 -0.176408
5918 -0.169401
5919 -0.199878
5920 -0.192561
5921 -0.179929
5922 -0.193415
5923 -0.1744
5924 -0.19363
5925 -0.154348
5926 -0.157939
5927 -0.205904
5928 -0.179597
5929 -0.203082
5930 -0.182565
5931 -0.196055
5932 -0.177735
5933 -0.164275
5934 -0.17934
5935 -0.148636
5936 -0.159851
5937 -0.198582
5938 -0.187924
5939 -0.183079
5940 -0.211388
5941 -0.161766
5942 -0.163888
5943 -0.209927
5944 -0.163808
5945 -0.172024
5946 -0.17086
5947 -0.19046
5948 -0.188458
5949 -0.189174
5950 -0.183367
5951 -0.165656
5952 -0.195989
5953 -0.178507
5954 -0.168174
5955 -0.159068
5956 -0.192696
5957 -0.155021
5958 -0.188723
5959 -0.166123
5960 -0.156645
5961 -0.150335
5962 -0.197677
5963 -0.176793
5964 -0.159098
5965 -0.160929
5966 -0.200023
5967 -0.185379
5968 -0.182174
5969 -0.152885
5970 -0.180201
5971 -0.175253
5972 -0.177544
5973 -0.1855
5974 -0.170681
5975 -0.175429
5976 -0.192607
5977 -0.162529
5978 -0.188328
5979 -0.178692
5980 -0.178506
5981 -0.157357
5982 -0.173856
5983 -0.196023
5984 -0.198322
5985 -0.187883
5986 -0.192974
5987 -0.192406
5988 -0.204822
5989 -0.167955
5990 -0.181026
5991 -0.198574
5992 -0.170047
5993 -0.191997
5994 -0.181411
5995 -0.1899
5996 -0.195333
5997 -0.16632
5998 -0.175069
5999 -0.193988
6000 -0.18637
