12001 -0.205372
12002 -0.171059
12003 -0.161791
12004 -0.158798
12005 -0.188594
12006 -0.188618
12007 -0.190657
12008 -0.147802
12009 -0.185266
12010 -0.15566
12011 -0.196643
12012 -0.198812
12013 -0.189567
12014 -0.194966
12015 -0.157916
12016 -0.170488
12017 -0.186343
12018 -0.1577
12019 -0.165568
12020 -0.187844
12021 -0.16888
12022 -0.192067
12023 -0.18415
12024 -0.173698
12025 -0.183055
12026 -0.187135
12027 -0.185361
12028 -0.18884
12029 -0.175986
12030 -0.17891
12031 -0.177057
12032 -0.167581
12033 -0.178855
12034 -0.155664
12035 -0.176338
12036 -0.195321
12037 -0.176347
12038 -0.195777
12039 -0.160482
12040 -0.191326
12041 -0.198196
12042 -0.18695
12043 -0.179347
12044 -0.188896
12045 -0.19234
12046 -0.195208
12047 -0.153472
12048 -0.159647
12049 -0.152461
12050 -0.160939
12051 -0.188753
12052 -0.193016
12053 -0.199761
12054 -0.164569
12055 -0.176908
12056 -0.193133
12057 -0.201903
12058 -0.189349
12059 -0.191533
12060 -0.187589
12061 -0.151101
12062 -0.183963
12063 -0.175917
12064 -0.195197
12065 -0.178502
12066 -0.196482
12067 -0.163159
12068 -0.175658
12069 -0.159994
12070 -0.18598
12071 -0.194543
12072 -0.157958
12073 -0.190717
12074 -0.163391
12075 -0.177249
12076 -0.169352
12077 -0.193274
12078 -0.174348
12079 -0.188499
12080 -0.176377
12081 -0.180335
12082 -0.168205
12083 -0.192589
12084 -0.145045
12085 -0.175898
12086 -0.182489
12087 -0.174046
12088 -0.196252
12089 -0.144259
12090 -0.1615
12091 -0.209873
12092 -0.188187
12093 -0.190549
12094 -0.178482
12095 -0.176721
12096 -0.176395
12097 -0.176187
12098 -0.172627
12099 -0.188609
12100 -0.190239
12101 -0.15875
12102 -0.177519
12103 -0.196846
12104 -0.188
12105 -0.152675
12106 -0.144266
12107 -0.181828
12108 -0.17858
12109 -0.154385
12110 -0.164969
12111 -0.174299
12112 -0.168033
12113 -0.16276
12114 -0.180021
12115 -0.182018
12116 -0.189862
12117 -0.151832
12118 -0.177174
12119 -0.202358
12120 -0.16098
12121 -0.173187
12122 -0.160719
12123 -0.158501
12124 -0.191707
12125 -0.190017
12126 -0.155885
12127 -0.199295
12128 -0.164458
12129 -0.178788
12130 -0.167703
12131 -0.176187
12132 -0.151922
12133 -0.166646
12134 -0.160599
12135 -0.169706
12136 -0.15804
12137 -0.152101
12138 -0.181762
12139 -0.201987
12140 -0.180062
12141 -0.16879
12142 -0.181782
12143 -0.183281
12144 -0.167639
12145 -0.152164
12146 -0.149901
12147 -0.186657
12148 -0.186701
12149 -0.151449
12150 -0.185075
12151 -0.151679
12152 -0.172352
12153 -0.152883
12154 -0.164519
12155 -0.180042
12156 -0.163882
12157 -0.149623
12158 -0.181375
12159 -0.200188
12160 -0.141062
12161 -0.171417
12162 -0.182281
12163 -0.165883
12164 -0.152855
12165 -0.196803
12166 -0.182141
12167 -0.16404
12168 -0.175589
12169 -0.185944
12170 -0.186349
12171 -0.189195
12172 -0.198594
12173 -0.178847
12174 -0.166909
12175 -0.187065
12176 -0.16477
12177 -0.149251
12178 -0.165398
12179 -0.170188
12180 -0.17405
12181 -0.202263
12182 -0.154777
12183 -0.162173
12184 -0.170997
12185 -0.17014
12186 -0.164206
12187 -0.170396
12188 -0.198491
12189 -0.184546
12190 -0.180521
12191 -0.181843
12192 -0.194553
12193 -0.197882
12194 -0.159302
12195 -0.147187
12196 -0.201541
12197 -0.187396
12198 -0.168839
12199 -0.162119
12200 -0.198694
12201 -0.155304
12202 -0.149757
12203 -0.176574
12204 -0.176737
12205 -0.183521
12206 -0.186247
12207 -0.190387
12208 -0.190761
12209 -0.189177
12210 -0.164411
12211 -0.185176
12212 -0.189261
12213 -0.171051
12214 -0.161019
12215 -0.17023
12216 -0.188321
12217 -0.174419
12218 -0.170646
12219 -0.172449
12220 -0.187342
12221 -0.18132
12222 -0.195805
12223 -0.166792
12224 -0.194925
12225 -0.193311
12226 -0.162336
12227 -0.199013
12228 -0.177189
12229 -0.155952
12230 -0.174749
12231 -0.177983
12232 -0.15692
12233 -0.182533
12234 -0.194154
12235 -0.195841
12236 -0.173071
12237 -0.158658
12238 -0.203938
12239 -0.203675
12240 -0.158201
12241 -0.170638
12242 -0.190961
12243 -0.196975
12244 -0.156893
12245 -0.198302
12246 -0.164845
12247 -0.184483
12248 -0.154491
12249 -0.169548
12250 -0.184239
12251 -0.196717
12252 -0.163546
12253 -0.193531
12254 -0.194655
12255 -0.160715
12256 -0.209333
12257 -0.192385
12258 -0.174915
12259 -0.18229
12260 -0.199931
12261 -0.147586
12262 -0.182198
12263 -0.182191
12264 -0.166729
12265 -0.184176
12266 -0.205597
12267 -0.196827
12268 -0.165224
12269 -0.196027
12270 -0.189439
12271 -0.189878
12272 -0.196622
12273 -0.177541
12274 -0.180383
12275 -0.159481
12276 -0.153882
12277 -0.165851
12278 -0.191996
12279 -0.184378
12280 -0.185091
12281 -0.176624
12282 -0.196874
12283 -0.155764
12284 -0.158633
12285 -0.188528
12286 -0.185633
12287 -0.162139
12288 -0.173197
12289 -0.164182
12290 -0.168866
12291 -0.187891
12292 -0.18661
12293 -0.199622
12294 -0.174676
12295 -0.202866
12296 -0.194156
12297 -0.172417
12298 -0.180648
12299 -0.173493
12300 -0.171291
12301 -0.177893
12302 -0.172205
12303 -0.160281
12304 -0.201296
12305 -0.196894
12306 -0.196558
12307 -0.1649
12308 -0.173817
12309 -0.152472
12310 -0.153945
12311 -0.182372
12312 -0.197403
12313 -0.173783
12314 -0.180002
12315 -0.18942
12316 -0.185232
12317 -0.186217
12318 -0.166946
12319 -0.183
12320 -0.160917
12321 -0.186893
12322 -0.193217
12323 -0.167607
12324 -0.192527
12325 -0.163335
12326 -0.158187
12327 -0.187424
12328 -0.156
12329 -0.182107
12330 -0.160265
12331 -0.154055
12332 -0.184641
12333 -0.1931
12334 -0.135669
12335 -0.214287
12336 -0.199197
12337 -0.174131
12338 -0.152614
12339 -0.152313
12340 -0.197441
12341 -0.189957
12342 -0.162058
12343 -0.151864
12344 -0.194915
12345 -0.166524
12346 -0.161735
12347 -0.175564
12348 -0.174459
12349 -0.203186
12350 -0.18079
12351 -0.183473
12352 -0.184226
12353 -0.154516
12354 -0.204956
12355 -0.153
12356 -0.188933
12357 -0.170764
12358 -0.207368
12359 -0.169979
12360 -0.179065
12361 -0.199759
12362 -0.174617
12363 -0.146722
12364 -0.164096
12365 -0.183117
12366 -0.202196
12367 -0.194017
12368 -0.184644
12369 -0.203309
12370 -0.177966
12371 -0.160083
12372 -0.192027
12373 -0.199745
12374 -0.188507
12375 -0.18806
12376 -0.184067
12377 -0.175933
12378 -0.206
12379 -0.202533
12380 -0.18243
12381 -0.155636
12382 -0.160499
12383 -0.172224
12384 -0.194835
12385 -0.182452
12386 -0.198185
12387 -0.198346
12388 -0.170119
12389 -0.167174
12390 -0.184103
12391 -0.169123
12392 -0.165672
12393 -0.194301
12394 -0.183195
12395 -0.175766
12396 -0.176529
12397 -0.205793
12398 -0.18142
12399 -0.180501
12400 -0.179812
12401 -0.191292
12402 -0.194012
12403 -0.149041
12404 -0.154563
12405 -0.179188
12406 -0.157469
12407 -0.175752
12408 -0.166804
12409 -0.188862
12410 -0.168008
12411 -0.203707
12412 -0.151455
12413 -0.160418
12414 -0.17494
12415 -0.172978
12416 -0.187434
12417 -0.187601
12418 -0.181495
12419 -0.191318
12420 -0.190519
12421 -0.134787
12422 -0.173043
12423 -0.196155
12424 -0.175348
12425 -0.170696
12426 -0.184508
12427 -0.184524
12428 -0.182527
12429 -0.175932
12430 -0.17103
12431 -0.179808
12432 -0.171694
12433 -0.18161
12434 -0.187564
12435 -0.174218
12436 -0.202658
12437 -0.178584
12438 -0.165214
12439 -0.132113
12440 -0.160447
12441 -0.169228
12442 -0.184909
12443 -0.165651
12444 -0.168376
12445 -0.190733
12446 -0.187397
12447 -0.205422
12448 -0.191859
12449 -0.187068
12450 -0.168507
12451 -0.17134
12452 -0.165714
12453 -0.186208
12454 -0.174351
12455 -0.137786
12456 -0.198436
12457 -0.202126
12458 -0.198379
12459 -0.1939
12460 -0.17573
12461 -0.190023
12462 -0.196608
12463 -0.203483
12464 -0.178856
12465 -0.136216
12466 -0.185616
12467 -0.169143
12468 -0.176334
12469 -0.195897
12470 -0.134089
12471 -0.152454
12472 -0.1617
12473 -0.184791
12474 -0.197438
12475 -0.170356
12476 -0.187334
12477 -0.189055
12478 -0.190385
12479 -0.210573
12480 -0.190264
12481 -0.154032
12482 -0.164228
12483 -0.179278
12484 -0.178899
12485 -0.195569
12486 -0.176235
12487 -0.163569
12488 -0.16474
12489 -0.14711
12490 -0.181773
12491 -0.164337
12492 -0.210266
12493 -0.172652
12494 -0.171595
12495 -0.195532
12496 -0.152598
12497 -0.192255
12498 -0.178981
12499 -0.15333
12500 -0.177619
12501 -0.153425
12502 -0.159771
12503 -0.182131
12504 -0.160333
12505 -0.173973
12506 -0.186616
12507 -0.143885
12508 -0.156072
12509 -0.19061
12510 -0.185193
12511 -0.186002
12512 -0.165383
12513 -0.144946
12514 -0.167715
12515 -0.162807
12516 -0.17183
12517 -0.166092
12518 -0.164128
12519 -0.176367
12520 -0.165629
12521 -0.169243
12522 -0.140664
12523 -0.161028
12524 -0.202797
12525 -0.16286
12526 -0.188037
12527 -0.205639
12528 -0.155927
12529 -0.173144
12530 -0.169356
12531 -0.189148
12532 -0.15683
12533 -0.178081
12534 -0.182211
12535 -0.169947
12536 -0.175288
12537 -0.203717
12538 -0.177619
12539 -0.175373
12540 -0.187941
12541 -0.188923
12542 -0.154917
12543 -0.177586
12544 -0.185305
12545 -0.153198
12546 -0.183497
12547 -0.166815
12548 -0.19996
12549 -0.18757
12550 -0.160065
12551 -0.164555
12552 -0.191075
12553 -0.185408
12554 -0.174366
12555 -0.167931
12556 -0.178804
12557 -0.175075
12558 -0.194461
12559 -0.155998
12560 -0.156812
12561 -0.169573
12562 -0.196607
12563 -0.203493
12564 -0.173469
12565 -0.194346
12566 -0.186119
12567 -0.192096
12568 -0.160906
12569 -0.201377
12570 -0.154506
12571 -0.158066
12572 -0.188581
12573 -0.169987
12574 -0.169686
12575 -0.150917
12576 -0.193165
12577 -0.184287
12578 -0.180374
12579 -0.156584
12580 -0.18112
12581 -0.196603
12582 -0.1952
12583 -0.196741
12584 -0.169562
12585 -0.17471
12586 -0.169972
12587 -0.174799
12588 -0.168497
12589 -0.168956
12590 -0.179003
12591 -0.192125
12592 -0.198388
12593 -0.157349
12594 -0.152718
12595 -0.15377
12596 -0.157682
12597 -0.1892
12598 -0.18286
12599 -0.171384
12600 -0.175433
12601 -0.160597
12602 -0.150623
12603 -0.170674
12604 -0.199509
12605 -0.174843
12606 -0.173415
12607 -0.204521
12608 -0.186639
12609 -0.191293
12610 -0.185324
12611 -0.166843
12612 -0.163324
12613 -0.166281
12614 -0.196282
12615 -0.190562
12616 -0.176789
12617 -0.160193
12618 -0.170239
12619 -0.155093
12620 -0.212818
12621 -0.169706
12622 -0.174702
12623 -0.182063
12624 -0.197583
12625 -0.181783
12626 -0.160902
12627 -0.166314
12628 -0.182624
12629 -0.161123
12630 -0.170174
12631 -0.156306
12632 -0.200582
12633 -0.171806
12634 -0.179045
12635 -0.202244
12636 -0.204291
12637 -0.173422
12638 -0.186668
12639 -0.158327
12640 -0.165832
12641 -0.150297
12642 -0.203349
12643 -0.182566
12644 -0.173069
12645 -0.15695
12646 -0.184941
12647 -0.159853
12648 -0.159328
12649 -0.174087
12650 -0.167053
12651 -0.171279
12652 -0.197159
12653 -0.160638
12654 -0.198935
12655 -0.193087
12656 -0.167012
12657 -0.173903
12658 -0.187455
12659 -0.194673
12660 -0.15661
12661 -0.181091
12662 -0.158882
12663 -0.177635
12664 -0.1936
12665 -0.171219
12666 -0.184993
12667 -0.193409
12668 -0.162606
12669 -0.192173
12670 -0.203202
12671 -0.19931
12672 -0.154002
12673 -0.152407
12674 -0.181989
12675 -0.180915
12676 -0.173948
12677 -0.156127
12678 -0.184184
12679 -0.179973
12680 -0.178193
12681 -0.177039
12682 -0.171941
12683 -0.157453
12684 -0.187962
12685 -0.16689
12686 -0.187619
12687 -0.174933
12688 -0.183226
12689 -0.185579
12690 -0.200026
12691 -0.187309
12692 -0.175904
12693 -0.187575
12694 -0.193122
12695 -0.177114
12696 -0.180476
12697 -0.192423
12698 -0.187658
12699 -0.192536
12700 -0.196132
12701 -0.19005
12702 -0.155636
12703 -0.162294
12704 -0.180782
12705 -0.174516
12706 -0.164341
12707 -0.166248
12708 -0.156576
12709 -0.18628
12710 -0.143537
12711 -0.161956
12712 -0.143088
12713 -0.191868
12714 -0.189873
12715 -0.175162
12716 -0.205904
12717 -0.175995
12718 -0.180042
12719 -0.195465
12720 -0.171125
12721 -0.190418
12722 -0.178575
12723 -0.167939
12724 -0.198308
12725 -0.184683
12726 -0.167001
12727 -0.17994
12728 -0.168776
12729 -0.162003
12730 -0.187766
12731 -0.212361
12732 -0.20771
12733 -0.167945
12734 -0.192303
12735 -0.170367
12736 -0.172188
12737 -0.171342
12738 -0.198836
12739 -0.173554
12740 -0.151827
12741 -0.143801
12742 -0.196393
12743 -0.194464
12744 -0.166689
12745 -0.192898
12746 -0.143014
12747 -0.17612
12748 -0.197821
12749 -0.189563
12750 -0.164357
12751 -0.17349
12752 -0.177465
12753 -0.168419
12754 -0.197306
12755 -0.193062
12756 -0.152239
12757 -0.191573
12758 -0.17015
12759 -0.168299
12760 -0.192443
12761 -0.161665
12762 -0.193138
12763 -0.173445
12764 -0.204287
12765 -0.15746
12766 -0.194247
12767 -0.194095
12768 -0.156854
12769 -0.165924
12770 -0.163306
12771 -0.194112
12772 -0.155522
12773 -0.181435
12774 -0.192207
12775 -0.173364
12776 -0.166375
12777 -0.149395
12778 -0.191685
12779 -0.145915
12780 -0.170021
12781 -0.186829
12782 -0.164717
12783 -0.196966
12784 -0.176174
12785 -0.200473
12786 -0.166386
12787 -0.169578
12788 -0.195469
12789 -0.180294
12790 -0.152068
12791 -0.202363
12792 -0.20378
12793 -0.149339
12794 -0.188289
12795 -0.165257
12796 -0.14258
12797 -0.174938
12798 -0.189204
12799 -0.178118
12800 -0.180234
12801 -0.197468
12802 -0.164524
12803 -0.186782
12804 -0.164573
12805 -0.165946
12806 -0.182953
12807 -0.182514
12808 -0.152606
12809 -0.199429
12810 -0.182936
12811 -0.186975
12812 -0.171138
12813 -0.189365
12814 -0.193265
12815 -0.189116
12816 -0.205449
12817 -0.200594
12818 -0.171566
12819 -0.160746
12820 -0.187312
12821 -0.173163
12822 -0.146829
12823 -0.174461
12824 -0.198244
12825 -0.190663
12826 -0.186398
12827 -0.157624
12828 -0.177557
12829 -0.172967
12830 -0.146278
12831 -0.186401
12832 -0.185848
12833 -0.167225
12834 -0.181079
12835 -0.187426
12836 -0.182586
12837 -0.184282
12838 -0.180871
12839 -0.178216
12840 -0.19504
12841 -0.152127
12842 -0.198103
12843 -0.18233
12844 -0.18467
12845 -0.189981
12846 -0.172561
12847 -0.161122
12848 -0.178829
12849 -0.173103
12850 -0.205084
12851 -0.185646
12852 -0.160791
12853 -0.17706
12854 -0.170156
12855 -0.16409
12856 -0.140213
12857 -0.197857
12858 -0.160929
12859 -0.16624
12860 -0.180853
12861 -0.186255
12862 -0.18924
12863 -0.140746
12864 -0.15198
12865 -0.176916
12866 -0.169468
12867 -0.15968
12868 -0.200459
12869 -0.149387
12870 -0.167567
12871 -0.158631
12872 -0.216351
12873 -0.160586
12874 -0.20433
12875 -0.19918
12876 -0.198413
12877 -0.18498
12878 -0.203478
12879 -0.192985
12880 -0.186641
12881 -0.199613
12882 -0.190927
12883 -0.182449
12884 -0.155237
12885 -0.19563
12886 -0.190036
12887 -0.193982
12888 -0.19369
12889 -0.203003
12890 -0.165002
12891 -0.167117
12892 -0.167962
12893 -0.167775
12894 -0.195076
12895 -0.157728
12896 -0.193435
12897 -0.176725
12898 -0.188148
12899 -0.192698
12900 -0.189075
12901 -0.155086
12902 -0.180377
12903 -0.19212
12904 -0.180154
12905 -0.175352
12906 -0.156881
12907 -0.157171
12908 -0.153882
12909 -0.173543
12910 -0.206378
12911 -0.191466
12912 -0.156715
12913 -0.150277
12914 -0.174886
12915 -0.179166
12916 -0.166238
12917 -0.15203
12918 -0.178555
12919 -0.185057
12920 -0.140554
12921 -0.151609
12922 -0.19878
12923 -0.172515
12924 -0.189571
12925 -0.136192
12926 -0.182508
12927 -0.154444
12928 -0.18357
12929 -0.195501
12930 -0.179768
12931 -0.16935
12932 -0.197358
12933 -0.162669
12934 -0.156953
12935 -0.173561
12936 -0.185704
12937 -0.164004
12938 -0.188549
12939 -0.160776
12940 -0.208042
12941 -0.142032
12942 -0.177626
12943 -0.165061
12944 -0.168546
12945 -0.187075
12946 -0.192208
12947 -0.170761
12948 -0.163643
12949 -0.165597
12950 -0.179098
12951 -0.158709
12952 -0.160867
12953 -0.172058
12954 -0.177359
12955 -0.151683
12956 -0.176498
12957 -0.18309
12958 -0.166706
12959 -0.181942
12960 -0.180906
12961 -0.154483
12962 -0.190642
12963 -0.176242
12964 -0.168896
12965 -0.184954
12966 -0.16425
12967 -0.191756
12968 -0.181382
12969 -0.200249
12970 -0.162561
12971 -0.209006
12972 -0.186472
12973 -0.165169
12974 -0.17825
12975 -0.185881
12976 -0.173448
12977 -0.185352
12978 -0.166447
12979 -0.194942
12980 -0.178821
12981 -0.184075
12982 -0.193348
12983 -0.196605
12984 -0.162606
12985 -0.215677
12986 -0.182766
12987 -0.160178
12988 -0.198076
12989 -0.165174
12990 -0.166681
12991 -0.126493
12992 -0.189823
12993 -0.16577
12994 -0.184327
12995 -0.158953
12996 -0.163858
12997 -0.175938
12998 -0.175049
12999 -0.170581
13000 -0.188815
