8001 -0.200609
8002 -0.176279
8003 -0.184638
8004 -0.177704
8005 -0.155376
8006 -0.172997
8007 -0.172662
8008 -0.195989
8009 -0.18963
8010 -0.161544
8011 -0.185338
8012 -0.165094
8013 -0.200187
8014 -0.16341
8015 -0.167168
8016 -0.165267
8017 -0.1999
8018 -0.183969
8019 -0.161965
8020 -0.195195
8021 -0.148931
8022 -0.193558
8023 -0.18575
8024 -0.182069
8025 -0.186736
8026 -0.182507
8027 -0.172116
8028 -0.173849
8029 -0.194512
8030 -0.176095
8031 -0.162518
8032 -0.197357
8033 -0.192787
8034 -0.170831
8035 -0.176373
8036 -0.187937
8037 -0.202527
8038 -0.172744
8039 -0.17316
8040 -0.184719
8041 -0.156851
8042 -0.157515
8043 -0.147634
8044 -0.184703
8045 -0.147936
8046 -0.190541
8047 -0.181226
8048 -0.184431
8049 -0.164254
8050 -0.177999
8051 -0.184372
8052 -0.176505
8053 -0.160989
8054 -0.146611
8055 -0.201416
8056 -0.161325
8057 -0.179459
8058 -0.148306
8059 -0.178069
8060 -0.167797
8061 -0.170382
8062 -0.197652
8063 -0.18493
8064 -0.174996
8065 -0.164303
8066 -0.170991
8067 -0.172878
8068 -0.185431
8069 -0.19557
8070 -0.159771
8071 -0.170741
8072 -0.198698
8073 -0.172839
8074 -0.188979
8075 -0.16505
8076 -0.166407
8077 -0.166127
8078 -0.177237
8079 -0.157248
8080 -0.188122
8081 -0.168949
8082 -0.186917
8083 -0.190107
8084 -0.210595
8085 -0.206685
8086 -0.174253
8087 -0.16105
8088 -0.189417
8089 -0.193396
8090 -0.192114
8091 -0.181732
8092 -0.164239
8093 -0.168711
8094 -0.176024
8095 -0.172583
8096 -0.166442
8097 -0.186887
8098 -0.200409
8099 -0.165507
8100 -0.162863
8101 -0.186478
8102 -0.189448
8103 -0.178392
8104 -0.167268
8105 -0.154897
8106 -0.183046
8107 -0.19623
8108 -0.178
8109 -0.141018
8110 -0.157776
8111 -0.173727
8112 -0.172549
8113 -0.177103
8114 -0.198414
8115 -0.158856
8116 -0.186608
8117 -0.183931
8118 -0.180751
8119 -0.18975
8120 -0.179722
8121 -0.187313
8122 -0.156927
8123 -0.168002
8124 -0.17306
8125 -0.187159
8126 -0.167136
8127 -0.177002
8128 -0.156118
8129 -0.183475
8130 -0.172265
8131 -0.179699
8132 -0.165295
8133 -0.185073
8134 -0.183501
8135 -0.159559
8136 -0.154637
8137 -0.151285
8138 -0.142508
8139 -0.182518
8140 -0.192887
8141 -0.181196
8142 -0.163169
8143 -0.181161
8144 -0.136687
8145 -0.178767
8146 -0.170809
8147 -0.18368
8148 -0.204824
8149 -0.163708
8150 -0.15883
8151 -0.173237
8152 -0.155955
8153 -0.191493
8154 -0.198685
8155 -0.171523
8156 -0.195958
8157 -0.190799
8158 -0.192618
8159 -0.202615
8160 -0.178165
8161 -0.190357
8162 -0.193873
8163 -0.150621
8164 -0.164177
8165 -0.172682
8166 -0.188583
8167 -0.189789
8168 -0.198936
8169 -0.167125
8170 -0.175077
8171 -0.157394
8172 -0.202742
8173 -0.179644
8174 -0.17623
8175 -0.179429
8176 -0.198657
8177 -0.175476
8178 -0.168861
8179 -0.170182
8180 -0.152313
8181 -0.176565
8182 -0.17875
8183 -0.203466
8184 -0.176723
8185 -0.165418
8186 -0.190612
8187 -0.157446
8188 -0.180423
8189 -0.169203
8190 -0.188639
8191 -0.172332
8192 -0.171571
8193 -0.175381
8194 -0.156099
8195 -0.196249
8196 -0.179994
8197 -0.172485
8198 -0.161348
8199 -0.141496
8200 -0.169124
8201 -0.181041
8202 -0.197143
8203 -0.167803
8204 -0.17346
8205 -0.190851
8206 -0.169752
8207 -0.197869
8208 -0.167605
8209 -0.170924
8210 -0.16124
8211 -0.167369
8212 -0.204824
8213 -0.189591
8214 -0.19283
8215 -0.185374
8216 -0.17653
8217 -0.189968
8218 -0.163401
8219 -0.146162
8220 -0.183264
8221 -0.178104
8222 -0.177606
8223 -0.184396
8224 -0.183756
8225 -0.155781
8226 -0.173552
8227 -0.191045
8228 -0.177263
8229 -0.166104
8230 -0.197992
8231 -0.185205
8232 -0.176937
8233 -0.153727
8234 -0.172521
8235 -0.163575
8236 -0.189783
8237 -0.189835
8238 -0.181249
8239 -0.1429
8240 -0.189979
8241 -0.166522
8242 -0.150429
8243 -0.17087
8244 -0.174805
8245 -0.185872
8246 -0.186993
8247 -0.170934
8248 -0.191285
8249 -0.171068
8250 -0.170007
8251 -0.16942
8252 -0.16845
8253 -0.159501
8254 -0.160102
8255 -0.149894
8256 -0.182616
8257 -0.142063
8258 -0.165312
8259 -0.153303
8260 -0.172845
8261 -0.166815
8262 -0.192996
8263 -0.175105
8264 -0.177553
8265 -0.191473
8266 -0.194136
8267 -0.157637
8268 -0.16265
8269 -0.195399
8270 -0.177328
8271 -0.176779
8272 -0.20627
8273 -0.14523
8274 -0.158394
8275 -0.182586
8276 -0.175162
8277 -0.189745
8278 -0.176244
8279 -0.189642
8280 -0.169402
8281 -0.210457
8282 -0.151044
8283 -0.159165
8284 -0.165154
8285 -0.195045
8286 -0.179457
8287 -0.186217
8288 -0.188328
8289 -0.183524
8290 -0.159613
8291 -0.175993
8292 -0.199143
8293 -0.176759
8294 -0.186469
8295 -0.169714
8296 -0.150728
8297 -0.186154
8298 -0.164915
8299 -0.174591
8300 -0.18043
8301 -0.189694
8302 -0.182632
8303 -0.199005
8304 -0.163789
8305 -0.182442
8306 -0.178344
8307 -0.173761
8308 -0.191735
8309 -0.193388
8310 -0.171764
8311 -0.170547
8312 -0.178458
8313 -0.207114
8314 -0.182204
8315 -0.170341
8316 -0.157078
8317 -0.149999
8318 -0.162374
8319 -0.179373
8320 -0.164565
8321 -0.180214
8322 -0.168434
8323 -0.198298
8324 -0.15825
8325 -0.167984
8326 -0.208399
8327 -0.158684
8328 -0.195632
8329 -0.201967
8330 -0.149861
8331 -0.186893
8332 -0.16075
8333 -0.192868
8334 -0.175778
8335 -0.168716
8336 -0.146692
8337 -0.165563
8338 -0.18424
8339 -0.143962
8340 -0.177993
8341 -0.164781
8342 -0.186875
8343 -0.157562
8344 -0.185674
8345 -0.152985
8346 -0.191192
8347 -0.169754
8348 -0.180311
8349 -0.202992
8350 -0.161944
8351 -0.174137
8352 -0.179508
8353 -0.175491
8354 -0.187916
8355 -0.171546
8356 -0.142944
8357 -0.183054
8358 -0.187408
8359 -0.188391
8360 -0.16439
8361 -0.184101
8362 -0.160958
8363 -0.201485
8364 -0.172716
8365 -0.173801
8366 -0.198354
8367 -0.177236
8368 -0.190586
8369 -0.17378
8370 -0.198579
8371 -0.181602
8372 -0.155085
8373 -0.198006
8374 -0.161848
8375 -0.182277
8376 -0.177817
8377 -0.160034
8378 -0.164988
8379 -0.185321
8380 -0.194575
8381 -0.188882
8382 -0.170599
8383 -0.159058
8384 -0.191583
8385 -0.194479
8386 -0.187909
8387 -0.178605
8388 -0.154564
8389 -0.17346
8390 -0.177905
8391 -0.153299
8392 -0.189471
8393 -0.183497
8394 -0.182615
8395 -0.17005
8396 -0.182867
8397 -0.167003
8398 -0.159046
8399 -0.185818
8400 -0.197629
8401 -0.185754
8402 -0.17688
8403 -0.143153
8404 -0.164311
8405 -0.157538
8406 -0.157571
8407 -0.156023
8408 -0.16563
8409 -0.169537
8410 -0.180342
8411 -0.146984
8412 -0.176815
8413 -0.179961
8414 -0.173753
8415 -0.180446
8416 -0.175342
8417 -0.188726
8418 -0.164967
8419 -0.173973
8420 -0.147657
8421 -0.171129
8422 -0.198781
8423 -0.18764
8424 -0.174524
8425 -0.163228
8426 -0.206776
8427 -0.155791
8428 -0.201485
8429 -0.181127
8430 -0.190408
8431 -0.164916
8432 -0.161562
8433 -0.187479
8434 -0.170113
8435 -0.181607
8436 -0.187989
8437 -0.184328
8438 -0.189334
8439 -0.150417
8440 -0.191992
8441 -0.18752
8442 -0.196766
8443 -0.172885
8444 -0.175877
8445 -0.194736
8446 -0.183777
8447 -0.175895
8448 -0.163545
8449 -0.135013
8450 -0.168959
8451 -0.189051
8452 -0.148718
8453 -0.157821
8454 -0.16879
8455 -0.18194
8456 -0.188037
8457 -0.169358
8458 -0.176313
8459 -0.189318
8460 -0.182643
8461 -0.175126
8462 -0.175422
8463 -0.186237
8464 -0.182341
8465 -0.168843
8466 -0.17988
8467 -0.164786
8468 -0.157888
8469 -0.173874
8470 -0.193259
8471 -0.158084
8472 -0.187101
8473 -0.17108
8474 -0.151274
8475 -0.17456
8476 -0.170633
8477 -0.181765
8478 -0.166349
8479 -0.188616
8480 -0.156642
8481 -0.172392
8482 -0.196929
8483 -0.194568
8484 -0.198346
8485 -0.181205
8486 -0.181246
8487 -0.177144
8488 -0.158306
8489 -0.158451
8490 -0.176818
8491 -0.195565
8492 -0.187681
8493 -0.180963
8494 -0.18811
8495 -0.177078
8496 -0.16438
8497 -0.170128
8498 -0.186888
8499 -0.17956
8500 -0.169698
8501 -0.16224
8502 -0.190732
8503 -0.149442
8504 -0.155646
8505 -0.194376
8506 -0.193884
8507 -0.174204
8508 -0.188505
8509 -0.18074
8510 -0.184032
8511 -0.145679
8512 -0.184757
8513 -0.176102
8514 -0.175443
8515 -0.176352
8516 -0.161028
8517 -0.146089
8518 -0.184863
8519 -0.182287
8520 -0.183778
8521 -0.173417
8522 -0.187508
8523 -0.168413
8524 -0.152798
8525 -0.181666
8526 -0.186988
8527 -0.200632
8528 -0.189305
8529 -0.16199
8530 -0.188986
8531 -0.188864
8532 -0.157065
8533 -0.169912
8534 -0.1565
8535 -0.19607
8536 -0.194178
8537 -0.168047
8538 -0.146882
8539 -0.178055
8540 -0.210489
8541 -0.180928
8542 -0.163462
8543 -0.160524
8544 -0.199946
8545 -0.203696
8546 -0.164987
8547 -0.187309
8548 -0.200269
8549 -0.145399
8550 -0.201061
8551 -0.180256
8552 -0.185852
8553 -0.187394
8554 -0.171941
8555 -0.179162
8556 -0.186205
8557 -0.168354
8558 -0.189617
8559 -0.199436
8560 -0.191971
8561 -0.149469
8562 -0.176118
8563 -0.175857
8564 -0.174263
8565 -0.167927
8566 -0.167186
8567 -0.152386
8568 -0.198603
8569 -0.152108
8570 -0.199814
8571 -0.187723
8572 -0.201722
8573 -0.205979
8574 -0.171114
8575 -0.168313
8576 -0.171099
8577 -0.166283
8578 -0.176783
8579 -0.181773
8580 -0.203364
8581 -0.190419
8582 -0.168207
8583 -0.195223
8584 -0.184469
8585 -0.194735
8586 -0.166049
8587 -0.181501
8588 -0.161808
8589 -0.161224
8590 -0.14265
8591 -0.181202
8592 -0.168931
8593 -0.145151
8594 -0.159595
8595 -0.205006
8596 -0.194983
8597 -0.172273
8598 -0.168334
8599 -0.18435
8600 -0.166423
8601 -0.201476
8602 -0.158982
8603 -0.191697
8604 -0.188943
8605 -0.142548
8606 -0.169837
8607 -0.161932
8608 -0.18476
8609 -0.167846
8610 -0.174312
8611 -0.16854
8612 -0.150684
8613 -0.156587
8614 -0.165535
8615 -0.17714
8616 -0.179246
8617 -0.190606
8618 -0.193389
8619 -0.172789
8620 -0.200138
8621 -0.172516
8622 -0.193563
8623 -0.164243
8624 -0.181755
8625 -0.168556
8626 -0.20276
8627 -0.174781
8628 -0.192335
8629 -0.19042
8630 -0.175493
8631 -0.157419
8632 -0.180281
8633 -0.162704
8634 -0.17841
8635 -0.179343
8636 -0.203413
8637 -0.139248
8638 -0.17361
8639 -0.1909
8640 -0.195836
8641 -0.183694
8642 -0.159805
8643 -0.182755
8644 -0.171359
8645 -0.143973
8646 -0.200401
8647 -0.170496
8648 -0.159738
8649 -0.182746
8650 -0.202187
8651 -0.17335
8652 -0.187172
8653 -0.163439
8654 -0.184003
8655 -0.184809
8656 -0.172942
8657 -0.194027
8658 -0.181474
8659 -0.170156
8660 -0.18181
8661 -0.192905
8662 -0.201879
8663 -0.16517
8664 -0.164735
8665 -0.194614
8666 -0.170093
8667 -0.169234
8668 -0.174228
8669 -0.155979
8670 -0.180599
8671 -0.160158
8672 -0.168387
8673 -0.176645
8674 -0.192345
8675 -0.169808
8676 -0.172666
8677 -0.175798
8678 -0.166262
8679 -0.175114
8680 -0.179294
8681 -0.170084
8682 -0.213578
8683 -0.184518
8684 -0.15335
8685 -0.200832
8686 -0.154504
8687 -0.196587
8688 -0.163485
8689 -0.198316
8690 -0.173621
8691 -0.190205
8692 -0.157846
8693 -0.149854
8694 -0.182247
8695 -0.154391
8696 -0.195456
8697 -0.179881
8698 -0.162592
8699 -0.187187
8700 -0.154111
8701 -0.167868
8702 -0.177559
8703 -0.150871
8704 -0.199544
8705 -0.160535
8706 -0.165666
8707 -0.201143
8708 -0.180783
8709 -0.185642
8710 -0.16766
8711 -0.181555
8712 -0.183912
8713 -0.195574
8714 -0.187788
8715 -0.186355
8716 -0.188445
8717 -0.19069
8718 -0.172881
8719 -0.187921
8720 -0.171671
8721 -0.153118
8722 -0.172118
8723 -0.17032
8724 -0.168057
8725 -0.186642
8726 -0.203078
8727 -0.161432
8728 -0.177191
8729 -0.163765
8730 -0.190368
8731 -0.185271
8732 -0.171566
8733 -0.171194
8734 -0.198921
8735 -0.163302
8736 -0.186642
8737 -0.164147
8738 -0.190774
8739 -0.156357
8740 -0.148723
8741 -0.138729
8742 -0.170243
8743 -0.205986
8744 -0.191777
8745 -0.156712
8746 -0.177004
8747 -0.179228
8748 -0.205382
8749 -0.151924
8750 -0.174238
8751 -0.195526
8752 -0.183607
8753 -0.157052
8754 -0.182707
8755 -0.169436
8756 -0.187068
8757 -0.167297
8758 -0.180706
8759 -0.15489
8760 -0.192578
8761 -0.166276
8762 -0.180726
8763 -0.184544
8764 -0.191468
8765 -0.206645
8766 -0.183082
8767 -0.180547
8768 -0.189887
8769 -0.15117
8770 -0.154251
8771 -0.174572
8772 -0.167101
8773 -0.160121
8774 -0.194386
8775 -0.189252
8776 -0.212975
8777 -0.205537
8778 -0.164499
8779 -0.197667
8780 -0.166924
8781 -0.180837
8782 -0.165299
8783 -0.166898
8784 -0.154854
8785 -0.203401
8786 -0.184775
8787 -0.146474
8788 -0.188275
8789 -0.186323
8790 -0.19918
8791 -0.18237
8792 -0.184548
8793 -0.167264
8794 -0.165929
8795 -0.187628
8796 -0.142832
8797 -0.166922
8798 -0.180984
8799 -0.170458
8800 -0.186333
8801 -0.173452
8802 -0.179195
8803 -0.200565
8804 -0.188306
8805 -0.161571
8806 -0.153945
8807 -0.166748
8808 -0.156861
8809 -0.163361
8810 -0.157007
8811 -0.193897
8812 -0.151979
8813 -0.165286
8814 -0.166549
8815 -0.164166
8816 -0.191157
8817 -0.170315
8818 -0.195578
8819 -0.17359
8820 -0.180256
8821 -0.1812
8822 -0.153192
8823 -0.173089
8824 -0.171078
8825 -0.157548
8826 -0.199629
8827 -0.201891
8828 -0.13687
8829 -0.198516
8830 -0.180776
8831 -0.162482
8832 -0.192136
8833 -0.173269
8834 -0.192767
8835 -0.181018
8836 -0.16081
8837 -0.190375
8838 -0.193176
8839 -0.18307
8840 -0.162676
8841 -0.167884
8842 -0.166745
8843 -0.178274
8844 -0.159557
8845 -0.185511
8846 -0.185656
8847 -0.165959
8848 -0.183473
8849 -0.204022
8850 -0.183623
8851 -0.188485
8852 -0.157637
8853 -0.170868
8854 -0.158399
8855 -0.162614
8856 -0.191835
8857 -0.151802
8858 -0.179083
8859 -0.160124
8860 -0.158231
8861 -0.171902
8862 -0.195344
8863 -0.164842
8864 -0.191836
8865 -0.166624
8866 -0.189488
8867 -0.196048
8868 -0.145594
8869 -0.17999
8870 -0.148399
8871 -0.169754
8872 -0.187306
8873 -0.157216
8874 -0.189198
8875 -0.143744
8876 -0.169623
8877 -0.194074
8878 -0.138941
8879 -0.173004
8880 -0.206426
8881 -0.169411
8882 -0.155891
8883 -0.18172
8884 -0.170053
8885 -0.187484
8886 -0.200401
8887 -0.146395
8888 -0.160941
8889 -0.184416
8890 -0.188554
8891 -0.194245
8892 -0.185819
8893 -0.172657
8894 -0.204493
8895 -0.189862
8896 -0.15673
8897 -0.174874
8898 -0.181008
8899 -0.161509
8900 -0.172839
8901 -0.211005
8902 -0.165335
8903 -0.168426
8904 -0.196654
8905 -0.194503
8906 -0.166975
8907 -0.176087
8908 -0.159524
8909 -0.181083
8910 -0.176579
8911 -0.181324
8912 -0.17959
8913 -0.161257
8914 -0.187417
8915 -0.193652
8916 -0.16044
8917 -0.158774
8918 -0.189363
8919 -0.155487
8920 -0.155274
8921 -0.151089
8922 -0.163152
8923 -0.137754
8924 -0.163564
8925 -0.161191
8926 -0.18412
8927 -0.173754
8928 -0.150764
8929 -0.187074
8930 -0.188044
8931 -0.147515
8932 -0.172642
8933 -0.170403
8934 -0.184028
8935 -0.160676
8936 -0.173436
8937 -0.203965
8938 -0.18822
8939 -0.189076
8940 -0.184606
8941 -0.148174
8942 -0.210884
8943 -0.180437
8944 -0.178591
8945 -0.171857
8946 -0.155587
8947 -0.170438
8948 -0.207806
8949 -0.199312
8950 -0.167422
8951 -0.190937
8952 -0.168468
8953 -0.154801
8954 -0.159263
8955 -0.198515
8956 -0.175046
8957 -0.168182
8958 -0.187013
8959 -0.18625
8960 -0.17251
8961 -0.178785
8962 -0.153349
8963 -0.197394
8964 -0.172939
8965 -0.159343
8966 -0.196025
8967 -0.175771
8968 -0.179077
8969 -0.192952
8970 -0.203411
8971 -0.168691
8972 -0.177183
8973 -0.182959
8974 -0.186746
8975 -0.181197
8976 -0.188542
8977 -0.162966
8978 -0.184002
8979 -0.148833
8980 -0.180571
8981 -0.192596
8982 -0.176222
8983 -0.189478
8984 -0.195205
8985 -0.194838
8986 -0.14495
8987 -0.176557
8988 -0.167975
8989 -0.152319
8990 -0.173721
8991 -0.159897
8992 -0.162647
8993 -0.143753
8994 -0.186972
8995 -0.146231
8996 -0.159956
8997 -0.136961
8998 -0.132147
8999 -0.181879
9000 -0.168515
