14001 -0.0335381
14002 0.0469481
14003 -0.0191112
14004 -0.000711955
14005 -0.0449502
14006 -0.0167014
14007 0.00715087
14008 0.0149534
14009 -0.0361293
14010 -0.0548656
14011 -0.0412738
14012 -0.00822282
14013 -0.0067138
14014 -0.04206
14015 -0.0607708
14016 0.0284715
14017 -0.0439984
14018 -0.043264
14019 -0.0772364
14020 -0.074975
14021 0.0122066
14022 0.0242722
14023 -0.0254921
14024 0.00408425
14025 0.0052181
14026 -0.0167257
14027 0.0492323
14028 -0.00583202
14029 -0.0803578
14030 0.00489707
14031 -0.000776973
14032 0.00135852
14033 -0.0275882
14034 0.00109665
14035 -0.0270701
14036 0.0156137
14037 -0.0415752
14038 0.0110279
14039 -0.109993
14040 0.0434058
14041 0.0127425
14042 0.0311543
14043 -0.00762012
14044 -0.0501619
14045 0.019857
14046 0.0326675
14047 0.012342
14048 -0.0280645
14049 -0.0145628
14050 0.0282577
14051 -0.0137987
14052 -0.0514621
14053 -0.0529402
14054 -0.0478544
14055 -0.0123225
14056 -0.0177447
14057 -0.0264318
14058 -0.0267037
14059 -0.0205946
14060 0.021484
14061 0.00791418
14062 -0.000150938
14063 0.0325681
14064 0.0101529
14065 -0.0578513
14066 -0.041865
14067 -0.0252576
14068 -0.00749045
14069 -0.00189952
14070 0.00601492
14071 0.0269012
14072 -0.00768406
14073 -0.0484478
14074 0.018977
14075 -0.0305416
14076 -0.04629
14077 -0.0187075
14078 -0.0313787
14079 -0.0607211
14080 0.0245016
14081 -0.0397351
14082 -0.0205805
14083 -0.020854
14084 0.000136283
14085 -0.0538387
14086 -0.0164555
14087 0.0268362
14088 -0.0236085
14089 0.0144238
14090 -0.0785883
14091 -0.0125404
14092 0.0290881
14093 -0.056479
14094 -0.0312703
14095 -0.0223125
14096 -0.0977322
14097 -0.0264462
14098 8.30733e-05
14099 0.00122681
14100 -0.0808864
14101 -0.0437714
14102 0.00088028
14103 -0.00847463
14104 -0.0303653
14105 -0.0362765
14106 -0.0487844
14107 -0.0308368
14108 -0.0306383
14109 -0.059613
14110 -0.03304
14111 -0.0430492
14112 -0.0452014
14113 0.0146774
14114 0.0112558
14115 -0.054433
14116 -0.0290718
14117 -0.0333397
14118 -0.0116479
14119 -0.0469275
14120 -0.0547849
14121 0.0237705
14122 0.00889282
14123 0.0035852
14124 -0.0596244
14125 0.0156296
14126 -0.0345552
14127 -0.0665023
14128 0.0140968
14129 -0.00781575
14130 -0.0693991
14131 -0.0286521
14132 0.0240742
14133 0.0336624
14134 -0.0316774
14135 -0.0153994
14136 -0.0306194
14137 0.0415711
14138 -0.00713003
14139 -0.0280298
14140 -0.0263378
14141 0.00832846
14142 -0.0287953
14143 -0.0379336
14144 -0.0558863
14145 -0.012551
14146 -0.000897477
14147 -0.0584882
14148 -0.014784
14149 -0.0179109
14150 -0.0257585
14151 -0.0138033
14152 -0.0496529
14153 0.015374
14154 0.0197983
14155 -0.0566446
14156 -0.0156864
14157 0.0202435
14158 0.0291138
14159 0.00522958
14160 -0.0106147
14161 -0.0430939
14162 -0.00106882
14163 0.0305687
14164 -0.0106921
14165 0.0262186
14166 -0.0353222
14167 0.00742616
14168 -0.0734395
14169 -0.0581814
14170 -0.0124126
14171 0.00914861
14172 -0.0179535
14173 0.0101179
14174 -0.0796006
14175 0.0052942
14176 -0.0436054
14177 -0.0176618
14178 0.00181395
14179 -0.0162314
14180 -0.0269043
14181 -0.0373428
14182 -0.023402
14183 -0.0268964
14184 -0.0298527
14185 -0.0221731
14186 -0.0673924
14187 -0.0222559
14188 -0.0105771
14189 -0.0578086
14190 -0.0473733
14191 -0.0159955
14192 -0.0347236
14193 -0.0944699
14194 -0.0536779
14195 -0.0494035
14196 -0.0232666
14197 -0.0698679
14198 -0.021628
14199 -0.0224465
14200 -0.0380633
14201 -0.0423025
14202 0.0264183
14203 -0.00253669
14204 -0.00859724
14205 -0.0845664
14206 0.012826
14207 -0.0359219
14208 0.0680061
14209 0.00932753
14210 -0.0446217
14211 -0.0933605
14212 0.0189612
14213 -0.000148697
14214 -0.0498533
14215 0.0102725
14216 -0.02918
14217 -0.0179438
14218 0.0460726
14219 -0.0264576
14220 -0.0383341
14221 -0.0178598
14222 -0.0240404
14223 0.0176433
14224 -0.0362327
14225 -0.02701
14226 -0.0772186
14227 -0.0310161
14228 0.015163
14229 0.0145621
14230 0.0235114
14231 0.00162088
14232 -0.028713
14233 -0.0305613
14234 -0.00757283
14235 -0.0305557
14236 0.014704
14237 0.00957512
14238 -0.0540005
14239 -0.103698
14240 -0.00581508
14241 -0.0746589
14242 -0.0646973
14243 -0.0471557
14244 -0.0110368
14245 -0.057683
14246 -0.0462557
14247 -0.00654387
14248 0.0421448
14249 -0.030408
14250 -0.0359782
14251 -0.0129836
14252 0.0144078
14253 -0.0250236
14254 -0.00515109
14255 0.00898313
14256 -0.0910105
14257 0.0292354
14258 -0.0685961
14259 0.0115333
14260 -0.0871954
14261 0.00463827
14262 -0.0802318
14263 -0.00394387
14264 -0.0368008
14265 0.0151215
14266 -0.048738
14267 -0.0155905
14268 -0.00803034
14269 0.0300576
14270 -0.0359117
14271 -0.0260503
14272 -0.0235859
14273 -0.00522476
14274 -0.0174226
14275 -0.0141027
14276 -0.0391434
14277 -0.0261413
14278 0.00764287
14279 0.0205146
14280 -0.012677
14281 -0.00548063
14282 -0.0361454
14283 -0.0666963
14284 -0.0345152
14285 -0.00053869
14286 -0.0216011
14287 -0.0149575
14288 -0.0232494
14289 -0.0272786
14290 -0.011079
14291 -0.0338877
14292 -0.016676
14293 0.0184898
14294 -0.0319524
14295 -0.0523653
14296 -0.00217216
14297 -0.0652749
14298 -0.0237661
14299 -0.0109912
14300 -0.02158
14301 -0.010592
14302 -0.0307079
14303 -0.0196904
14304 -0.021476
14305 -0.0279996
14306 -0.0764915
14307 -0.016983
14308 -0.0589955
14309 -0.0692994
14310 0.00207814
14311 -0.0377954
14312 -0.0515663
14313 -0.00173133
14314 -0.0433522
14315 -0.0567516
14316 -0.0414482
14317 -0.00716494
14318 -0.0692681
14319 -0.0142609
14320 0.00112517
14321 -0.0396791
14322 0.0263663
14323 0.0183287
14324 0.00413978
14325 -0.0979083
14326 -0.0317186
14327 -0.0426803
14328 -0.0125249
14329 -0.0620971
14330 -0.00276088
14331 -0.051971
14332 -0.0225462
14333 -0.0248849
14334 -0.0260506
14335 -0.0142784
14336 -0.00483129
14337 -0.0285975
14338 0.0184475
14339 -0.0623248
14340 -0.0147588
14341 -0.003803
14342 -0.00751473
14343 -0.0173686
14344 0.00386021
14345 -0.033468
14346 -0.00857254
14347 -0.00368482
14348 -0.0213438
14349 0.0149209
14350 -0.0346854
14351 -0.0309936
14352 -0.0341689
14353 -0.00154779
14354 -0.0708314
14355 0.00467611
14356 0.00875504
14357 0.0325789
14358 -0.0745507
14359 -0.00219724
14360 -0.00204312
14361 0.0097933
14362 -0.0281606
14363 -0.0228794
14364 -0.0115748
14365 -0.0478942
14366 -0.0317449
14367 -0.105925
14368 -0.0781084
14369 -0.0344247
14370 -0.0128251
14371 -0.0224673
14372 -0.00927121
14373 -0.047276
14374 -0.0209187
14375 0.00571741
14376 -0.0146839
14377 0.012709
14378 -0.0215285
14379 -0.00309157
14380 -0.0199434
14381 -0.0478575
14382 0.00114793
14383 0.0359358
14384 -0.00638704
14385 -0.0921753
14386 0.00967244
14387 -0.0061394
14388 -0.0355499
14389 -0.0156309
14390 -0.0503811
14391 -0.0197702
14392 -0.00623239
14393 -0.0339267
14394 -0.0413002
14395 0.0348322
14396 -0.0167642
14397 0.00316695
14398 -0.0760921
14399 -0.0367404
14400 -0.0514545
14401 0.00638221
14402 -0.0477373
14403 -0.000447393
14404 0.000249295
14405 0.0253272
14406 0.0191041
14407 0.0339206
14408 -0.0670987
14409 -0.0104559
14410 -0.051594
14411 -0.0202798
14412 -0.029851
14413 0.0298469
14414 -0.00870154
14415 -0.0177444
14416 -0.00999585
14417 -0.000697583
14418 -0.0298448
14419 -0.0145102
14420 0.0149946
14421 -0.0308982
14422 -0.0107399
14423 0.0135784
14424 -0.00739933
14425 0.0223554
14426 -0.0364355
14427 -0.0291368
14428 -0.0382376
14429 -0.0786898
14430 -0.0569168
14431 -0.0554097
14432 0.0238968
14433 -0.0283887
14434 0.0254178
14435 0.0185711
14436 -0.0507938
14437 0.00301768
14438 -0.0676463
14439 -0.0347477
14440 -0.0494374
14441 -0.00426862
14442 0.0196193
14443 0.0232674
14444 0.0370834
14445 -0.0712215
14446 -0.0871865
14447 -0.0529564
14448 0.0134762
14449 -0.0844812
14450 -0.0116607
14451 0.00711765
14452 0.0100757
14453 -0.0256198
14454 -0.0123873
14455 -0.0152735
14456 -0.0172172
14457 0.0156554
14458 -0.0242373
14459 -0.00507551
14460 -0.0822494
14461 -0.0499652
14462 -0.016416
14463 0.021669
14464 -0.0443785
14465 0.039171
14466 -0.00462475
14467 -0.0166675
14468 -0.0594511
14469 0.00960301
14470 -0.0144527
14471 -0.0412723
14472 -0.0432704
14473 -0.0327713
14474 -0.0386885
14475 -0.00569173
14476 0.00735379
14477 0.0113839
14478 -0.0489217
14479 -0.0168427
14480 -0.0375465
14481 -0.0558937
14482 -0.0267533
14483 -0.00559055
14484 0.0240717
14485 0.00237339
14486 -0.00867904
14487 -0.0702034
14488 0.00571915
14489 0.0253622
14490 -0.0238117
14491 0.0107545
14492 -0.0169356
14493 -0.0580673
14494 -0.0107004
14495 0.0016065
14496 -0.0315818
14497 -0.0025009
14498 -0.03776
14499 -0.0288065
14500 -0.000275847
14501 -0.0665697
14502 0.043602
14503 -0.0307468
14504 0.0353496
14505 0.00195452
14506 -0.0142709
14507 0.00454528
14508 0.00496153
14509 -0.0115436
14510 -0.0318426
14511 -0.0342665
14512 -0.0352414
14513 0.00241599
14514 -0.0477917
14515 -0.0170521
14516 -0.0149543
14517 -0.00385936
14518 -0.0403518
14519 0.0080382
14520 -0.0310552
14521 -0.0296525
14522 0.0199019
14523 -0.0656972
14524 0.00154644
14525 0.00906108
14526 -0.0492897
14527 -0.0157315
14528 -0.0593469
14529 -0.0187434
14530 -0.0534973
14531 -0.0755396
14532 0.00484398
14533 -0.0383538
14534 -0.00973839
14535 -0.0049737
14536 -0.0321361
14537 -0.0704411
14538 0.0082306
14539 -0.0983844
14540 0.00636541
14541 0.046448
14542 0.0230561
14543 0.0152483
14544 -0.0167853
14545 -0.0238101
14546 0.00684784
14547 -0.0248023
14548 -0.065591
14549 -0.021232
14550 -0.0072341
14551 -0.0689126
14552 -0.0467652
14553 -0.0261754
14554 -0.0491994
14555 -0.0175989
14556 0.0594823
14557 -0.0183622
14558 -0.019657
14559 -0.0418614
14560 0.0348811
14561 0.0249754
14562 0.00839732
14563 -0.00713839
14564 -0.0317914
14565 0.0229204
14566 -0.00669609
14567 -0.0511635
14568 -0.0153885
14569 0.00164813
14570 -0.0323574
14571 -0.0805257
14572 -0.0606004
14573 -0.0514023
14574 0.0268998
14575 -0.0263122
14576 -0.0450824
14577 -0.0316399
14578 0.014351
14579 -0.0595486
14580 0.00386136
14581 -0.0728396
14582 0.00542883
14583 -0.0296337
14584 -0.021594
14585 -0.0175885
14586 -0.0471235
14587 -0.0186598
14588 -0.0953247
14589 -0.0325151
14590 0.0584929
14591 -0.0281709
14592 -0.0488083
14593 0.016822
14594 -0.0498335
14595 -0.0129659
14596 -0.0411623
14597 -0.050582
14598 0.0222287
14599 -0.040486
14600 -0.017693
14601 0.0131629
14602 -0.00128738
14603 -0.0342632
14604 -0.0452649
14605 -0.0357755
14606 0.061259
14607 -0.0876969
14608 -0.0176354
14609 0.0238824
14610 -0.0439494
14611 -0.061542
14612 -0.0441459
14613 -0.0667166
14614 0.0158137
14615 -0.0634838
14616 0.00625657
14617 0.0163537
14618 -0.0427115
14619 0.031436
14620 -0.0753599
14621 0.00506152
14622 -0.0575518
14623 -0.0495967
14624 0.038947
14625 -0.00101398
14626 -0.0132045
14627 -0.0260113
14628 -0.0293608
14629 0.0483493
14630 -0.0159805
14631 -0.0728279
14632 0.0229324
14633 -0.0677691
14634 -0.0320476
14635 0.00901894
14636 -0.0870022
14637 -0.0192244
14638 0.0178914
14639 0.00480272
14640 0.0372331
14641 -0.0452878
14642 -0.0322893
14643 -0.033553
14644 -0.0211926
14645 0.0177283
14646 -0.00694525
14647 -0.0178052
14648 -0.0331748
14649 -0.0146655
14650 -0.0173199
14651 0.0157303
14652 -0.0168357
14653 -0.0204796
14654 -0.0210781
14655 0.0148411
14656 0.0180176
14657 -0.0405009
14658 0.00704738
14659 0.00271248
14660 -0.0353489
14661 -0.0240241
14662 0.0212146
14663 -0.00473811
14664 -0.0191102
14665 0.0108425
14666 0.0129603
14667 -0.00776745
14668 -0.044504
14669 0.0289472
14670 -0.0960724
14671 -0.0303562
14672 -0.0264232
14673 -0.0556295
14674 -0.00208016
14675 -0.0477529
14676 0.0217885
14677 -0.0696015
14678 -0.0645659
14679 -0.0552298
14680 -0.0401262
14681 -0.0170643
14682 -0.0626193
14683 0.00065969
14684 0.0120843
14685 0.000944275
14686 -0.0162949
14687 0.0376996
14688 -0.0442764
14689 -0.011456
14690 -0.0645638
14691 -0.000924202
14692 -0.0821365
14693 -0.0224101
14694 -0.0146717
14695 0.0138753
14696 0.024766
14697 -0.0108638
14698 -0.0161225
14699 -0.00486378
14700 -0.0105251
14701 -0.0672457
14702 0.0120875
14703 -0.0447402
14704 0.00243822
14705 -0.0335353
14706 -0.0453914
14707 -0.0274441
14708 -0.0435018
14709 -0.0306132
14710 0.0105014
14711 0.0317315
14712 -0.0675919
14713 -0.0476405
14714 0.00237642
14715 0.00518535
14716 -0.0710234
14717 -0.0371524
14718 -0.039343
14719 -0.0546867
14720 -0.0208338
14721 0.0342581
14722 -0.0271737
14723 -0.0275896
14724 -0.0264629
14725 -0.0345837
14726 -0.0740322
14727 -0.0149055
14728 -0.0269407
14729 -0.0389155
14730 -0.00383357
14731 0.0180056
14732 -0.00381279
14733 -0.0337306
14734 -0.0708044
14735 0.0520873
14736 -0.0371697
14737 -0.0196364
14738 -0.0150622
14739 -0.014382
14740 -0.0135258
14741 0.0111589
14742 0.010606
14743 -0.0705407
14744 -0.00506561
14745 -0.00358573
14746 0.00898421
14747 0.00871163
14748 -0.0262805
14749 -0.00617355
14750 0.0333706
14751 -0.0227939
14752 -0.0379913
14753 -0.0120724
14754 -0.0433315
14755 -0.0324464
14756 0.00227432
14757 -0.0191022
14758 0.0398087
14759 0.034198
14760 -0.0105761
14761 -0.0454081
14762 -0.0360776
14763 -0.0170755
14764 0.0344625
14765 -0.00204907
14766 -0.0520436
14767 0.00805848
14768 -0.0233961
14769 0.00236541
14770 -0.0375553
14771 -0.00886363
14772 -0.0716012
14773 -0.0478646
14774 -0.0506923
14775 -0.0124602
14776 0.00656279
14777 -0.0387401
14778 -0.0157116
14779 -0.0176889
14780 -0.00479158
14781 0.0138351
14782 -0.00763767
14783 -0.0912879
14784 0.0162019
14785 -0.0155886
14786 0.00946741
14787 0.00896807
14788 -0.0374762
14789 -0.055788
14790 0.0349245
14791 -0.0296704
14792 -0.0139752
14793 -0.0413098
14794 -0.0357364
14795 -0.0506407
14796 -0.0147732
14797 -0.0350777
14798 0.00815411
14799 -0.019496
14800 0.00923286
14801 -0.0199196
14802 -0.0570487
14803 -0.0382032
14804 -0.00941098
14805 -0.0278611
14806 0.0585741
14807 -0.0323817
14808 -0.0532543
14809 -0.00233478
14810 -0.0595179
14811 -0.00236361
14812 0.00270407
14813 -0.0531955
14814 -0.0281751
14815 -0.0231803
14816 0.0442766
14817 0.0370565
14818 -0.014214
14819 -0.038996
14820 0.0290193
14821 -0.0537526
14822 -0.0221375
14823 -0.00874907
14824 0.0338448
14825 -0.0488773
14826 -0.00743418
14827 0.0276301
14828 -0.0218767
14829 -0.0913606
14830 0.015107
14831 -0.0215933
14832 -0.0275431
14833 -0.0718282
14834 -0.00937231
14835 0.0127846
14836 -0.00632716
14837 0.0096055
14838 -0.0195456
14839 -0.0636996
14840 -0.0301437
14841 -0.0195137
14842 0.00631547
14843 -0.0310378
14844 -0.035588
14845 0.00190579
14846 0.0129112
14847 -0.0240875
14848 -0.064677
14849 0.033653
14850 -0.0421495
14851 0.0177407
14852 -0.0381099
14853 -0.0625856
14854 -0.012313
14855 -0.0603211
14856 0.0202135
14857 -0.047737
14858 0.004159
14859 -0.0361508
14860 -0.0146133
14861 -0.0434201
14862 -0.0516481
14863 -0.0774016
14864 -0.0342744
14865 0.0108008
14866 -0.00596513
14867 0.0217341
14868 -0.0410659
14869 -0.0441753
14870 -0.0220694
14871 -0.014837
14872 -0.0789268
14873 -0.0341828
14874 -0.0091997
14875 0.0062949
14876 0.0248036
14877 -0.0466854
14878 -0.0475816
14879 -0.0310698
14880 -0.0447236
14881 0.00300149
14882 -0.02808
14883 -0.0843424
14884 -0.0108035
14885 -0.0416569
14886 -0.00617673
14887 -0.0221136
14888 0.0102428
14889 -0.0366148
14890 -0.0619723
14891 -0.0100193
14892 0.0324506
14893 -0.0295433
14894 0.0280651
14895 -0.0213273
14896 0.000327845
14897 -0.0539823
14898 -0.0284882
14899 0.0608362
14900 -0.0455125
14901 -0.026366
14902 0.022734
14903 0.0191321
14904 -0.0411906
14905 0.0326202
14906 -0.0469672
14907 -0.0115837
14908 0.0625801
14909 -0.0221269
14910 -0.00299237
14911 -0.00487412
14912 -0.0821847
14913 -0.038347
14914 -0.0244701
14915 0.0197428
14916 -0.0444173
14917 -0.10765
14918 -0.0497619
14919 -0.0558076
14920 0.0109215
14921 -0.0170107
14922 -0.0406354
14923 -0.0233372
14924 0.00211474
14925 0.0125855
14926 -0.0153868
14927 -0.0183702
14928 0.00793593
14929 -0.0238775
14930 0.0354594
14931 -0.0287794
14932 -0.00367792
14933 0.0205948
14934 0.000767538
14935 -0.0344136
14936 0.0407385
14937 -0.0489827
14938 0.0599309
14939 0.0284223
14940 -0.0642438
14941 0.0278091
14942 -0.0108688
14943 -0.0603579
14944 -0.00572418
14945 0.031011
14946 -0.0210844
14947 -0.0106763
14948 -0.00450712
14949 0.0225604
14950 0.00103793
14951 0.0256207
14952 -0.0336853
14953 -0.0677397
14954 -0.0115844
14955 -0.0204903
14956 -0.0172176
14957 -0.0262033
14958 0.00758801
14959 -0.0198222
14960 -0.0158381
14961 0.0297499
14962 -0.0366432
14963 -0.0605557
14964 -0.0314878
14965 -0.0462766
14966 -0.0314335
14967 -0.0309811
14968 0.0132349
14969 -0.0186123
14970 0.00985056
14971 -0.00674869
14972 0.0147798
14973 -0.0624558
14974 -0.00218824
14975 0.0294516
14976 -0.113175
14977 -0.0303654
14978 -0.0345612
14979 0.0174706
14980 0.0139684
14981 -0.0432533
14982 0.0256632
14983 -0.068817
14984 -0.0310433
14985 0.0212271
14986 -0.030643
14987 -0.0177745
14988 -0.00563472
14989 -0.0324117
14990 0.00538835
14991 -0.00726921
14992 -0.00091062
14993 -0.0921709
14994 -0.0732936
14995 -0.058945
14996 0.011102
14997 -0.0306232
14998 -0.074173
14999 -0.0161077
15000 0.0244344
