10001 -0.172967
10002 -0.195267
10003 -0.185849
10004 -0.158432
10005 -0.175967
10006 -0.178372
10007 -0.19622
10008 -0.205272
10009 -0.188027
10010 -0.195643
10011 -0.149771
10012 -0.196949
10013 -0.146449
10014 -0.176332
10015 -0.186686
10016 -0.170884
10017 -0.183403
10018 -0.162834
10019 -0.204315
10020 -0.160507
10021 -0.169517
10022 -0.200026
10023 -0.182695
10024 -0.185044
10025 -0.158358
10026 -0.178898
10027 -0.174644
10028 -0.163467
10029 -0.192269
10030 -0.147738
10031 -0.202558
10032 -0.194093
10033 -0.174359
10034 -0.205593
10035 -0.192157
10036 -0.160791
10037 -0.182358
10038 -0.174899
10039 -0.167097
10040 -0.140035
10041 -0.173605
10042 -0.14764
10043 -0.183664
10044 -0.208435
10045 -0.1596
10046 -0.182713
10047 -0.169233
10048 -0.174454
10049 -0.16328
10050 -0.18375
10051 -0.162619
10052 -0.192887
10053 -0.179877
10054 -0.171096
10055 -0.156583
10056 -0.20164
10057 -0.179092
10058 -0.187721
10059 -0.178049
10060 -0.18229
10061 -0.183445
10062 -0.18074
10063 -0.145129
10064 -0.165818
10065 -0.190465
10066 -0.194154
10067 -0.182368
10068 -0.17357
10069 -0.168917
10070 -0.182942
10071 -0.156365
10072 -0.181272
10073 -0.168446
10074 -0.185282
10075 -0.202322
10076 -0.150574
10077 -0.177645
10078 -0.169847
10079 -0.18413
10080 -0.169271
10081 -0.173889
10082 -0.173875
10083 -0.196495
10084 -0.168131
10085 -0.180102
10086 -0.170298
10087 -0.132658
10088 -0.154506
10089 -0.153742
10090 -0.192466
10091 -0.187517
10092 -0.170118
10093 -0.171702
10094 -0.199857
10095 -0.162002
10096 -0.196163
10097 -0.189558
10098 -0.190173
10099 -0.177726
10100 -0.180685
10101 -0.175988
10102 -0.185332
10103 -0.182344
10104 -0.144626
10105 -0.18248
10106 -0.156404
10107 -0.143131
10108 -0.164962
10109 -0.200151
10110 -0.203607
10111 -0.174242
10112 -0.181573
10113 -0.185577
10114 -0.147086
10115 -0.18245
10116 -0.149169
10117 -0.205798
10118 -0.182141
10119 -0.199306
10120 -0.168807
10121 -0.187129
10122 -0.161975
10123 -0.175653
10124 -0.158095
10125 -0.1894
10126 -0.172291
10127 -0.152821
10128 -0.177631
10129 -0.162668
10130 -0.156479
10131 -0.14778
10132 -0.188096
10133 -0.184153
10134 -0.152659
10135 -0.181445
10136 -0.155174
10137 -0.170842
10138 -0.18104
10139 -0.188282
10140 -0.151804
10141 -0.165413
10142 -0.175941
10143 -0.199034
10144 -0.15262
10145 -0.17448
10146 -0.152614
10147 -0.148275
10148 -0.188764
10149 -0.182773
10150 -0.183341
10151 -0.191797
10152 -0.174299
10153 -0.165108
10154 -0.173902
10155 -0.15692
10156 -0.142894
10157 -0.16829
10158 -0.177342
10159 -0.155764
10160 -0.172492
10161 -0.171185
10162 -0.135651
10163 -0.167717
10164 -0.157862
10165 -0.175937
10166 -0.154093
10167 -0.172051
10168 -0.173258
10169 -0.17764
10170 -0.170318
10171 -0.194888
10172 -0.187335
10173 -0.172506
10174 -0.187318
10175 -0.175092
10176 -0.172426
10177 -0.148581
10178 -0.151834
10179 -0.170892
10180 -0.172119
10181 -0.18679
10182 -0.175428
10183 -0.170152
10184 -0.17345
10185 -0.183006
10186 -0.166433
10187 -0.191793
10188 -0.156081
10189 -0.170439
10190 -0.160984
10191 -0.185648
10192 -0.164723
10193 -0.199698
10194 -0.190618
10195 -0.169036
10196 -0.180529
10197 -0.158967
10198 -0.196608
10199 -0.18706
10200 -0.160645
10201 -0.178503
10202 -0.186637
10203 -0.195159
10204 -0.187119
10205 -0.158981
10206 -0.169266
10207 -0.166769
10208 -0.178989
10209 -0.180055
10210 -0.202197
10211 -0.17607
10212 -0.18756
10213 -0.152815
10214 -0.170896
10215 -0.169098
10216 -0.190566
10217 -0.167817
10218 -0.16562
10219 -0.158903
10220 -0.163592
10221 -0.174703
10222 -0.197478
10223 -0.166648
10224 -0.147516
10225 -0.168951
10226 -0.160483
10227 -0.188851
10228 -0.20044
10229 -0.174055
10230 -0.202393
10231 -0.185851
10232 -0.153428
10233 -0.186224
10234 -0.189067
10235 -0.169804
10236 -0.208295
10237 -0.16388
10238 -0.182148
10239 -0.187283
10240 -0.165052
10241 -0.183335
10242 -0.180411
10243 -0.158219
10244 -0.191996
10245 -0.18541
10246 -0.159692
10247 -0.171764
10248 -0.16815
10249 -0.175987
10250 -0.147891
10251 -0.168583
10252 -0.171571
10253 -0.191522
10254 -0.163497
10255 -0.177671
10256 -0.183877
10257 -0.163245
10258 -0.178264
10259 -0.192502
10260 -0.196736
10261 -0.174551
10262 -0.193041
10263 -0.162858
10264 -0.194275
10265 -0.165098
10266 -0.194251
10267 -0.170344
10268 -0.169568
10269 -0.195948
10270 -0.206429
10271 -0.178968
10272 -0.171412
10273 -0.170279
10274 -0.192527
10275 -0.179194
10276 -0.191848
10277 -0.192978
10278 -0.160382
10279 -0.18948
10280 -0.184577
10281 -0.172304
10282 -0.19904
10283 -0.183237
10284 -0.159607
10285 -0.166511
10286 -0.186081
10287 -0.170763
10288 -0.179316
10289 -0.1538
10290 -0.165508
10291 -0.18079
10292 -0.156945
10293 -0.184125
10294 -0.193192
10295 -0.154582
10296 -0.167721
10297 -0.197912
10298 -0.181755
10299 -0.178529
10300 -0.178666
10301 -0.158693
10302 -0.191417
10303 -0.194697
10304 -0.1663
10305 -0.162999
10306 -0.16434
10307 -0.193797
10308 -0.168444
10309 -0.163909
10310 -0.162664
10311 -0.153198
10312 -0.184694
10313 -0.192239
10314 -0.166145
10315 -0.152491
10316 -0.15237
10317 -0.179263
10318 -0.139788
10319 -0.173877
10320 -0.189496
10321 -0.17799
10322 -0.202289
10323 -0.173527
10324 -0.162339
10325 -0.145878
10326 -0.153869
10327 -0.193781
10328 -0.181168
10329 -0.155561
10330 -0.170453
10331 -0.187056
10332 -0.163266
10333 -0.198025
10334 -0.148126
10335 -0.177671
10336 -0.2041
10337 -0.175903
10338 -0.176232
10339 -0.178753
10340 -0.164967
10341 -0.168454
10342 -0.162093
10343 -0.168996
10344 -0.18401
10345 -0.163183
10346 -0.162717
10347 -0.191642
10348 -0.197894
10349 -0.18615
10350 -0.147194
10351 -0.184709
10352 -0.208137
10353 -0.171446
10354 -0.187035
10355 -0.185799
10356 -0.171598
10357 -0.176849
10358 -0.155796
10359 -0.173523
10360 -0.197388
10361 -0.156488
10362 -0.182393
10363 -0.202304
10364 -0.178502
10365 -0.167137
10366 -0.194861
10367 -0.182948
10368 -0.179568
10369 -0.203023
10370 -0.190748
10371 -0.185565
10372 -0.16115
10373 -0.175783
10374 -0.162193
10375 -0.194472
10376 -0.154664
10377 -0.154572
10378 -0.170273
10379 -0.193044
10380 -0.203299
10381 -0.190024
10382 -0.177133
10383 -0.199018
10384 -0.188758
10385 -0.159599
10386 -0.172398
10387 -0.167787
10388 -0.15032
10389 -0.156386
10390 -0.163146
10391 -0.179826
10392 -0.181013
10393 -0.179192
10394 -0.179604
10395 -0.166857
10396 -0.194894
10397 -0.188493
10398 -0.171925
10399 -0.179353
10400 -0.159901
10401 -0.172547
10402 -0.15866
10403 -0.183717
10404 -0.169409
10405 -0.164306
10406 -0.177856
10407 -0.162814
10408 -0.188823
10409 -0.18026
10410 -0.165472
10411 -0.1989
10412 -0.170946
10413 -0.202235
10414 -0.181798
10415 -0.176221
10416 -0.160368
10417 -0.139954
10418 -0.183226
10419 -0.175207
10420 -0.147988
10421 -0.166801
10422 -0.171925
10423 -0.189381
10424 -0.191194
10425 -0.186882
10426 -0.149203
10427 -0.16927
10428 -0.186026
10429 -0.206242
10430 -0.190603
10431 -0.181551
10432 -0.18472
10433 -0.199006
10434 -0.197789
10435 -0.189886
10436 -0.184409
10437 -0.170622
10438 -0.202984
10439 -0.178454
10440 -0.190582
10441 -0.194629
10442 -0.169951
10443 -0.162545
10444 -0.169554
10445 -0.165568
10446 -0.19748
10447 -0.175425
10448 -0.196192
10449 -0.195967
10450 -0.162516
10451 -0.167848
10452 -0.195664
10453 -0.189596
10454 -0.199726
10455 -0.193524
10456 -0.157926
10457 -0.189368
10458 -0.154388
10459 -0.192602
10460 -0.187691
10461 -0.190214
10462 -0.210311
10463 -0.143186
10464 -0.191972
10465 -0.170628
10466 -0.153055
10467 -0.169737
10468 -0.190822
10469 -0.186764
10470 -0.199495
10471 -0.187075
10472 -0.204248
10473 -0.171647
10474 -0.185999
10475 -0.182276
10476 -0.192819
10477 -0.15126
10478 -0.150851
10479 -0.17974
10480 -0.147862
10481 -0.174634
10482 -0.170937
10483 -0.172609
10484 -0.190805
10485 -0.161836
10486 -0.165385
10487 -0.169718
10488 -0.169466
10489 -0.182017
10490 -0.14881
10491 -0.177465
10492 -0.199381
10493 -0.163407
10494 -0.159546
10495 -0.203494
10496 -0.174526
10497 -0.188908
10498 -0.146355
10499 -0.180858
10500 -0.134781
10501 -0.195623
10502 -0.160212
10503 -0.160079
10504 -0.160126
10505 -0.169793
10506 -0.18681
10507 -0.169096
10508 -0.155882
10509 -0.174002
10510 -0.193805
10511 -0.170342
10512 -0.191017
10513 -0.174559
10514 -0.143212
10515 -0.186309
10516 -0.179803
10517 -0.182296
10518 -0.167335
10519 -0.169133
10520 -0.190125
10521 -0.175703
10522 -0.178057
10523 -0.205367
10524 -0.169573
10525 -0.203411
10526 -0.162047
10527 -0.169192
10528 -0.166065
10529 -0.19936
10530 -0.157434
10531 -0.175111
10532 -0.16521
10533 -0.173272
10534 -0.183679
10535 -0.194184
10536 -0.165663
10537 -0.181284
10538 -0.186276
10539 -0.20092
10540 -0.173146
10541 -0.170007
10542 -0.208476
10543 -0.152468
10544 -0.160215
10545 -0.175526
10546 -0.196907
10547 -0.165026
10548 -0.172644
10549 -0.185994
10550 -0.166763
10551 -0.178395
10552 -0.172807
10553 -0.188629
10554 -0.191137
10555 -0.18217
10556 -0.198578
10557 -0.163987
10558 -0.186626
10559 -0.199014
10560 -0.140952
10561 -0.18488
10562 -0.187291
10563 -0.176164
10564 -0.201787
10565 -0.194873
10566 -0.201114
10567 -0.200013
10568 -0.195718
10569 -0.166088
10570 -0.180596
10571 -0.170729
10572 -0.166058
10573 -0.161668
10574 -0.191569
10575 -0.187923
10576 -0.188746
10577 -0.17438
10578 -0.203251
10579 -0.17416
10580 -0.186952
10581 -0.189912
10582 -0.161651
10583 -0.186338
10584 -0.168054
10585 -0.167813
10586 -0.185341
10587 -0.170477
10588 -0.163215
10589 -0.1919
10590 -0.151568
10591 -0.16767
10592 -0.199034
10593 -0.186976
10594 -0.181951
10595 -0.161109
10596 -0.198216
10597 -0.152521
10598 -0.162148
10599 -0.19158
10600 -0.187784
10601 -0.164654
10602 -0.153177
10603 -0.188132
10604 -0.191587
10605 -0.164968
10606 -0.172746
10607 -0.151509
10608 -0.189965
10609 -0.187104
10610 -0.171306
10611 -0.171219
10612 -0.160314
10613 -0.185507
10614 -0.153651
10615 -0.197156
10616 -0.161127
10617 -0.15941
10618 -0.174205
10619 -0.173244
10620 -0.18767
10621 -0.17459
10622 -0.17521
10623 -0.17704
10624 -0.191603
10625 -0.151023
10626 -0.172253
10627 -0.176759
10628 -0.145642
10629 -0.198343
10630 -0.165671
10631 -0.197613
10632 -0.161517
10633 -0.166192
10634 -0.185882
10635 -0.152679
10636 -0.191513
10637 -0.188068
10638 -0.214761
10639 -0.174686
10640 -0.162516
10641 -0.205849
10642 -0.162232
10643 -0.183641
10644 -0.177658
10645 -0.181161
10646 -0.183052
10647 -0.188993
10648 -0.175874
10649 -0.193241
10650 -0.180723
10651 -0.172282
10652 -0.176813
10653 -0.17598
10654 -0.164321
10655 -0.162542
10656 -0.159812
10657 -0.158516
10658 -0.175863
10659 -0.144032
10660 -0.178706
10661 -0.204664
10662 -0.201388
10663 -0.20409
10664 -0.193196
10665 -0.161598
10666 -0.183194
10667 -0.163988
10668 -0.173475
10669 -0.174667
10670 -0.20563
10671 -0.178
10672 -0.181562
10673 -0.195672
10674 -0.162921
10675 -0.171595
10676 -0.193115
10677 -0.168795
10678 -0.160684
10679 -0.185815
10680 -0.169495
10681 -0.162276
10682 -0.198895
10683 -0.204372
10684 -0.207063
10685 -0.193918
10686 -0.205653
10687 -0.158701
10688 -0.173692
10689 -0.163454
10690 -0.168559
10691 -0.164717
10692 -0.20265
10693 -0.172155
10694 -0.185874
10695 -0.185624
10696 -0.140773
10697 -0.175625
10698 -0.184557
10699 -0.204766
10700 -0.162185
10701 -0.185009
10702 -0.170237
10703 -0.187947
10704 -0.189059
10705 -0.172511
10706 -0.168688
10707 -0.183078
10708 -0.15906
10709 -0.184388
10710 -0.193748
10711 -0.148684
10712 -0.153517
10713 -0.172885
10714 -0.165643
10715 -0.187907
10716 -0.189948
10717 -0.169159
10718 -0.164673
10719 -0.192085
10720 -0.170189
10721 -0.159775
10722 -0.184585
10723 -0.163972
10724 -0.156589
10725 -0.1781
10726 -0.180311
10727 -0.180437
10728 -0.178904
10729 -0.171171
10730 -0.190073
10731 -0.201276
10732 -0.183606
10733 -0.198392
10734 -0.153554
10735 -0.196876
10736 -0.157068
10737 -0.164837
10738 -0.151507
10739 -0.194929
10740 -0.15909
10741 -0.158485
10742 -0.164292
10743 -0.176213
10744 -0.187305
10745 -0.174945
10746 -0.155287
10747 -0.179878
10748 -0.196581
10749 -0.160236
10750 -0.175487
10751 -0.17337
10752 -0.165668
10753 -0.188436
10754 -0.188818
10755 -0.184905
10756 -0.186072
10757 -0.170974
10758 -0.155088
10759 -0.182597
10760 -0.190961
10761 -0.180163
10762 -0.186451
10763 -0.189847
10764 -0.181885
10765 -0.158957
10766 -0.169058
10767 -0.166955
10768 -0.192705
10769 -0.162295
10770 -0.164671
10771 -0.166609
10772 -0.181142
10773 -0.195227
10774 -0.177345
10775 -0.182361
10776 -0.17699
10777 -0.154773
10778 -0.16915
10779 -0.193415
10780 -0.178757
10781 -0.198945
10782 -0.188007
10783 -0.198255
10784 -0.20142
10785 -0.189669
10786 -0.157997
10787 -0.178058
10788 -0.16016
10789 -0.160218
10790 -0.178324
10791 -0.17999
10792 -0.1751
10793 -0.210655
10794 -0.197733
10795 -0.189363
10796 -0.191141
10797 -0.169809
10798 -0.189905
10799 -0.205098
10800 -0.194575
10801 -0.182899
10802 -0.213543
10803 -0.154138
10804 -0.177548
10805 -0.200453
10806 -0.16642
10807 -0.166202
10808 -0.186725
10809 -0.189812
10810 -0.163843
10811 -0.190144
10812 -0.182393
10813 -0.169933
10814 -0.191599
10815 -0.161082
10816 -0.186348
10817 -0.175905
10818 -0.199353
10819 -0.185127
10820 -0.164936
10821 -0.176941
10822 -0.171624
10823 -0.190822
10824 -0.206618
10825 -0.174147
10826 -0.149936
10827 -0.191802
10828 -0.201579
10829 -0.156501
10830 -0.167827
10831 -0.185719
10832 -0.196288
10833 -0.206424
10834 -0.159712
10835 -0.180003
10836 -0.204158
10837 -0.163099
10838 -0.181902
10839 -0.153471
10840 -0.1742
10841 -0.16339
10842 -0.17001
10843 -0.182505
10844 -0.167145
10845 -0.199884
10846 -0.15713
10847 -0.170772
10848 -0.19528
10849 -0.188482
10850 -0.165185
10851 -0.185809
10852 -0.192839
10853 -0.151729
10854 -0.190444
10855 -0.168229
10856 -0.191567
10857 -0.155865
10858 -0.167939
10859 -0.179193
10860 -0.170565
10861 -0.178401
10862 -0.172444
10863 -0.198331
10864 -0.18837
10865 -0.194604
10866 -0.180209
10867 -0.18284
10868 -0.169502
10869 -0.199728
10870 -0.191548
10871 -0.178199
10872 -0.163497
10873 -0.187071
10874 -0.17403
10875 -0.181319
10876 -0.189929
10877 -0.178454
10878 -0.165247
10879 -0.194938
10880 -0.195976
10881 -0.201078
10882 -0.169392
10883 -0.205145
10884 -0.19098
10885 -0.15073
10886 -0.201273
10887 -0.202877
10888 -0.158285
10889 -0.166534
10890 -0.180397
10891 -0.173684
10892 -0.179915
10893 -0.165299
10894 -0.170628
10895 -0.183106
10896 -0.189338
10897 -0.164078
10898 -0.188516
10899 -0.169803
10900 -0.175158
10901 -0.16159
10902 -0.176231
10903 -0.149896
10904 -0.20041
10905 -0.161918
10906 -0.170643
10907 -0.190605
10908 -0.195031
10909 -0.179999
10910 -0.175931
10911 -0.167871
10912 -0.175775
10913 -0.173459
10914 -0.185429
10915 -0.188788
10916 -0.179068
10917 -0.184366
10918 -0.190686
10919 -0.139111
10920 -0.176233
10921 -0.199256
10922 -0.169605
10923 -0.159477
10924 -0.164494
10925 -0.19472
10926 -0.195507
10927 -0.195138
10928 -0.164451
10929 -0.156615
10930 -0.193674
10931 -0.182908
10932 -0.199473
10933 -0.16847
10934 -0.156633
10935 -0.183417
10936 -0.173065
10937 -0.190222
10938 -0.170776
10939 -0.162528
10940 -0.154832
10941 -0.176493
10942 -0.154885
10943 -0.165462
10944 -0.161063
10945 -0.166035
10946 -0.208215
10947 -0.170324
10948 -0.176036
10949 -0.17841
10950 -0.180968
10951 -0.158222
10952 -0.159857
10953 -0.175709
10954 -0.142723
10955 -0.159708
10956 -0.168957
10957 -0.150931
10958 -0.158283
10959 -0.165472
10960 -0.190387
10961 -0.178737
10962 -0.165402
10963 -0.174264
10964 -0.19527
10965 -0.175583
10966 -0.18037
10967 -0.157239
10968 -0.187574
10969 -0.150295
10970 -0.173851
10971 -0.171734
10972 -0.164935
10973 -0.177096
10974 -0.185014
10975 -0.169957
10976 -0.181967
10977 -0.188559
10978 -0.141224
10979 -0.194877
10980 -0.185653
10981 -0.178426
10982 -0.161657
10983 -0.153638
10984 -0.160078
10985 -0.180108
10986 -0.177529
10987 -0.153607
10988 -0.171746
10989 -0.130137
10990 -0.164358
10991 -0.191948
10992 -0.159468
10993 -0.186777
10994 -0.171302
10995 -0.196086
10996 -0.149717
10997 -0.176233
10998 -0.18936
10999 -0.19249
11000 -0.193061
