6001 -0.04912
6002 0.000139978
6003 -0.00151276
6004 0.00827266
6005 -0.0596066
6006 -0.0305558
6007 -0.0575584
6008 -0.0341341
6009 0.0445041
6010 -0.0333482
6011 -0.038249
6012 -0.0422473
6013 -0.0650769
6014 0.0153147
6015 -0.043598
6016 0.0202229
6017 -0.00868137
6018 -0.0216041
6019 -0.0424083
6020 -0.067022
6021 -0.0443187
6022 0.0114575
6023 -0.0604985
6024 0.00723089
6025 -0.0663277
6026 -0.0304775
6027 0.0506629
6028 -0.0219786
6029 0.016065
6030 0.0182941
6031 0.00356937
6032 -0.0605629
6033 -0.0206624
6034 -0.0243562
6035 -0.111598
6036 0.0335484
6037 -0.0302244
6038 -0.0397633
6039 -0.0214013
6040 -0.0612242
6041 0.0144771
6042 -0.0339069
6043 0.0306343
6044 -0.0458267
6045 0.0343561
6046 -0.10565
6047 -0.060793
6048 -0.0339897
6049 -0.073522
6050 -0.0347525
6051 -0.048408
6052 -0.0169921
6053 -0.0271044
6054 -0.0394743
6055 -0.0591187
6056 -0.0313649
6057 -0.0844903
6058 -0.0139894
6059 0.0028595
6060 -0.0478816
6061 -0.0121619
6062 -0.0229054
6063 -0.0210739
6064 -0.0669713
6065 -0.0490599
6066 0.012908
6067 -0.00137364
6068 -0.0043626
6069 -0.0283704
6070 -0.0368999
6071 -0.0176309
6072 -0.016491
6073 0.02552
6074 -0.0437701
6075 0.0639783
6076 -0.0333953
6077 -0.0503449
6078 -0.0423491
6079 0.0135423
6080 0.0188719
6081 -0.00763179
6082 -0.036462
6083 0.0140778
6084 -0.0272632
6085 -0.011615
6086 -0.0237251
6087 -0.0025083
6088 -0.0337709
6089 -0.0058227
6090 -0.00546297
6091 -0.023328
6092 -0.0334436
6093 -0.0283804
6094 -0.0264108
6095 0.00297167
6096 -0.0512917
6097 -0.101476
6098 -0.0390139
6099 -0.0302559
6100 -0.0568355
6101 0.0192534
6102 -0.0782266
6103 -0.0542661
6104 -0.0172707
6105 0.026073
6106 0.0212829
6107 -0.079322
6108 -0.00631719
6109 0.0218247
6110 -0.0201771
6111 -0.0254053
6112 -0.00253292
6113 -0.00460101
6114 -0.0563664
6115 -0.060688
6116 -0.017548
6117 0.0165166
6118 -0.0369397
6119 -0.0132293
6120 0.0369031
6121 -0.0115161
6122 0.00328128
6123 -0.0600635
6124 -0.0167155
6125 -0.0635063
6126 -0.10583
6127 -0.000797648
6128 0.0228283
6129 0.0186058
6130 -0.0263431
6131 -0.0191959
6132 0.0187535
6133 0.0701246
6134 -0.0773573
6135 -0.0306847
6136 -0.0307184
6137 -0.0699355
6138 -0.00652816
6139 0.00647482
6140 -0.0424324
6141 -0.0556721
6142 -0.0477189
6143 -0.0256845
6144 -0.0339203
6145 0.0138663
6146 -0.0167246
6147 -0.0323308
6148 -0.0434423
6149 0.0247759
6150 -0.092868
6151 -0.0435398
6152 -0.0311069
6153 -0.0415704
6154 -0.0490746
6155 -0.027201
6156 0.00164196
6157 0.00731175
6158 0.00162045
6159 0.0270411
6160 -0.0130619
6161 -0.0112832
6162 -0.0450067
6163 -0.0406862
6164 0.0323473
6165 -0.0195879
6166 -0.0403564
6167 -4.159e-05
6168 0.0355124
6169 -0.0166234
6170 -0.0133428
6171 -0.0135119
6172 -0.0120886
6173 -0.0415084
6174 0.0240806
6175 -0.0220709
6176 -0.0723946
6177 -0.0321438
6178 -0.0635541
6179 -0.0115536
6180 -0.00296219
6181 -0.0508397
6182 0.0431609
6183 0.0106259
6184 0.0292574
6185 -0.0657243
6186 -0.000602203
6187 0.0176589
6188 -0.0120032
6189 -0.0252619
6190 -0.0327864
6191 0.0110468
6192 -0.00903545
6193 -0.0567376
6194 -0.0218372
6195 -0.0598467
6196 0.0614287
6197 -0.0740553
6198 0.00133955
6199 -0.0539134
6200 0.0196145
6201 -0.0532171
6202 0.00810795
6203 0.0629667
6204 -0.0365921
6205 -0.104048
6206 0.00897208
6207 0.0162246
6208 0.0102475
6209 0.0180574
6210 -0.0231712
6211 -0.00681707
6212 -0.0157323
6213 0.0135072
6214 0.0388265
6215 0.0138332
6216 -0.0401774
6217 -0.00180334
6218 -0.0547165
6219 -0.0174086
6220 -0.0509651
6221 -0.0247681
6222 -0.00599125
6223 -0.00807717
6224 0.0261651
6225 -0.02416
6226 -0.0191993
6227 -0.00555753
6228 -0.0279118
6229 0.0100097
6230 -0.00408568
6231 -0.0596012
6232 -0.0316146
6233 0.0610945
6234 0.0191347
6235 -0.0224392
6236 -0.0592509
6237 -0.0524836
6238 -0.00810492
6239 -0.0534306
6240 -0.0182608
6241 0.00564944
6242 -0.0228042
6243 0.00944407
6244 -0.0273857
6245 -0.000463055
6246 -0.0127411
6247 -0.0189283
6248 -0.0311158
6249 -0.0110398
6250 -0.0887277
6251 -0.0452747
6252 -0.0334823
6253 -0.02531
6254 0.00836911
6255 -0.0162191
6256 0.00236159
6257 0.0304863
6258 -0.0363918
6259 -0.0362967
6260 -0.0161851
6261 -0.0301918
6262 -0.0132787
6263 -0.0490812
6264 -0.0230045
6265 -0.0256279
6266 0.0222271
6267 -0.0546036
6268 -0.0126529
6269 0.0307038
6270 -0.0292839
6271 -0.0171187
6272 -0.0864414
6273 -0.0583182
6274 -0.0162952
6275 0.0251346
6276 -0.0405266
6277 0.0353276
6278 -0.046339
6279 -0.0270525
6280 -0.0377431
6281 0.000692058
6282 0.00302158
6283 0.0201824
6284 -0.0504519
6285 -0.0887775
6286 -0.0753084
6287 -0.0498873
6288 0.0220818
6289 0.0378145
6290 -0.0558545
6291 -0.0200225
6292 -0.0643203
6293 0.00698394
6294 -0.00933662
6295 -0.0260129
6296 -0.0577748
6297 -0.0586415
6298 0.0328785
6299 -0.0664959
6300 -0.0365204
6301 0.0623217
6302 0.0326859
6303 -0.00939492
6304 -0.0271605
6305 0.0244662
6306 -0.0566595
6307 -0.0184503
6308 -0.000101728
6309 0.0101288
6310 0.054005
6311 -0.0688715
6312 -0.000989975
6313 -0.0597261
6314 -0.023814
6315 0.0147532
6316 0.0164545
6317 -0.0415088
6318 0.0229324
6319 -0.0291956
6320 -0.0530673
6321 -0.0605075
6322 0.0099036
6323 0.018475
6324 -0.0413033
6325 -0.061245
6326 -0.0364831
6327 -0.0675246
6328 -0.00266435
6329 0.0285236
6330 -0.0205901
6331 -0.0148747
6332 0.0158455
6333 -0.0517758
6334 -0.0376415
6335 0.0180519
6336 0.0269435
6337 -0.0136204
6338 -0.0339938
6339 0.0140446
6340 -0.023196
6341 -0.0426738
6342 0.00526047
6343 -0.0330442
6344 0.000646082
6345 -0.040937
6346 -0.108391
6347 -0.0515584
6348 0.02104
6349 -0.090351
6350 -0.0361911
6351 0.0475292
6352 0.00141158
6353 -0.0608227
6354 -0.0211102
6355 -0.0187416
6356 -0.0435907
6357 -0.0226391
6358 0.0269711
6359 -0.0479155
6360 -0.0529015
6361 0.0155918
6362 -0.0741765
6363 -0.0347786
6364 0.00263714
6365 0.014632
6366 -0.0240071
6367 -0.0667761
6368 0.00191681
6369 0.0380257
6370 -0.0109188
6371 0.0123608
6372 0.0193094
6373 -0.0152672
6374 -0.000354115
6375 -0.00775263
6376 0.017325
6377 -0.0684326
6378 0.0124209
6379 -0.0498356
6380 -0.0296481
6381 -0.0115382
6382 -0.0340963
6383 -0.0298713
6384 -0.0573555
6385 -0.0350852
6386 -0.0338964
6387 -0.0450324
6388 -0.0591523
6389 -0.0348849
6390 -0.0127873
6391 0.0162945
6392 -0.052556
6393 -0.0223905
6394 0.00320302
6395 -0.0061392
6396 -0.0183314
6397 -0.0626044
6398 0.0139974
6399 -0.0126642
6400 -0.0109179
6401 0.00792977
6402 -0.0648591
6403 0.0198276
6404 -0.0363523
6405 -0.0279408
6406 -0.0192463
6407 -0.0794964
6408 0.00925733
6409 -0.0212158
6410 -0.0497723
6411 -0.00661473
6412 -0.0676113
6413 -0.0718737
6414 -0.0285904
6415 -0.0269789
6416 -0.0673339
6417 0.00387276
6418 -0.0309571
6419 -0.0120185
6420 -0.0651313
6421 -0.0633594
6422 -0.00684427
6423 -0.0274391
6424 0.000305032
6425 -0.0356034
6426 -0.0227158
6427 -0.029745
6428 -0.0242809
6429 -0.0255142
6430 -0.0302783
6431 -0.0918782
6432 -0.0742404
6433 0.037738
6434 0.0420327
6435 -0.0115972
6436 0.025757
6437 0.0347654
6438 -0.00558911
6439 -0.035706
6440 -0.0693998
6441 -0.0315477
6442 -0.0367356
6443 -0.0599337
6444 0.00972567
6445 -0.0889677
6446 0.0593706
6447 -0.0367696
6448 0.0181258
6449 -0.039373
6450 -0.000509977
6451 0.0111533
6452 0.0146382
6453 -0.074591
6454 -0.0490202
6455 0.0446398
6456 -0.0126153
6457 -0.0341377
6458 0.0277892
6459 -0.00472034
6460 -0.0899975
6461 -0.0491253
6462 -0.0260416
6463 -0.0835611
6464 0.0143271
6465 -0.0468978
6466 -0.0359034
6467 -0.0367435
6468 -0.0818111
6469 -0.0198294
6470 -0.0222707
6471 -0.0623027
6472 -0.00221675
6473 -0.00746257
6474 0.0295232
6475 -0.00512093
6476 -0.0696782
6477 -0.0745972
6478 -0.0339389
6479 -0.106251
6480 0.0413361
6481 -0.0168905
6482 -0.030612
6483 0.00865545
6484 -0.0152082
6485 0.0136621
6486 -0.0349086
6487 -0.0137076
6488 0.0195146
6489 -0.0425838
6490 -0.00829227
6491 -0.0602511
6492 0.0109819
6493 -0.0798807
6494 0.0265336
6495 -0.0423201
6496 0.0130624
6497 -0.0368466
6498 -0.0683346
6499 -0.0353907
6500 0.0579924
6501 -0.0523945
6502 -0.01007
6503 -0.0156077
6504 -0.0200717
6505 -0.00601101
6506 -0.0145482
6507 -0.0301777
6508 -0.0217424
6509 -0.032989
6510 -0.0383017
6511 -0.0521668
6512 -0.0382571
6513 -0.0122613
6514 0.0282432
6515 0.0322611
6516 0.0218287
6517 -0.0228582
6518 -0.0119147
6519 -0.0250364
6520 0.00106938
6521 -0.025547
6522 -0.0513618
6523 0.0314028
6524 0.0459447
6525 -0.0123579
6526 -0.0116272
6527 -0.0376672
6528 -0.00122251
6529 -0.00843636
6530 -0.0357405
6531 -0.0553686
6532 -0.0255353
6533 -0.0639872
6534 0.00908763
6535 0.0103827
6536 -0.0614657
6537 -0.0265031
6538 -0.02795
6539 -0.00637335
6540 -0.0178033
6541 -0.0279175
6542 -0.0072375
6543 -0.0389486
6544 -0.0590453
6545 -0.0165914
6546 -0.00660149
6547 -0.0817348
6548 0.0318566
6549 -0.0453812
6550 -0.0817406
6551 0.0597459
6552 -0.0566507
6553 -0.031552
6554 -0.0345754
6555 -0.0477634
6556 0.0155609
6557 -0.0262746
6558 -0.0238919
6559 0.0303493
6560 -0.0305422
6561 -0.0123085
6562 -0.017864
6563 -0.0212284
6564 0.0521307
6565 -0.0643144
6566 0.00924145
6567 0.0128958
6568 -0.0745758
6569 -0.0240951
6570 -0.0197307
6571 -0.0845538
6572 0.00758033
6573 -0.0405598
6574 0.0444639
6575 0.00185071
6576 -0.0850085
6577 -0.0287905
6578 -0.0151306
6579 0.0220772
6580 0.00429951
6581 -0.00399231
6582 -0.057932
6583 0.0331247
6584 -0.0239363
6585 0.0196608
6586 0.000523897
6587 -0.09598
6588 -0.0929948
6589 -0.0288599
6590 -0.0645159
6591 0.00461693
6592 0.0149402
6593 0.0348764
6594 -0.0139284
6595 0.0199313
6596 0.00405842
6597 -0.0524605
6598 -0.0294559
6599 -0.0271588
6600 0.0225519
6601 -0.00191166
6602 -0.0526239
6603 -0.0594215
6604 0.000823847
6605 -0.0271035
6606 0.0184972
6607 -0.0278603
6608 -0.0174403
6609 -0.0448752
6610 -0.00754485
6611 -0.0270594
6612 -0.0205762
6613 -0.00379138
6614 0.0100377
6615 -0.0287093
6616 -0.00774332
6617 -0.0658284
6618 0.0237536
6619 -0.0408173
6620 0.0533731
6621 -0.0227547
6622 -0.107982
6623 -0.0557998
6624 -0.00759866
6625 0.0173382
6626 0.0342518
6627 -0.01565
6628 -0.0779445
6629 0.0208044
6630 -0.0166081
6631 -0.00853652
6632 0.0268032
6633 -0.00145349
6634 -0.0261702
6635 0.0380262
6636 -0.0185093
6637 -0.0133767
6638 -0.0249178
6639 0.016623
6640 -0.0491204
6641 -0.0045312
6642 -0.0199217
6643 -0.0745071
6644 -0.0376902
6645 0.000836543
6646 -0.0387956
6647 -0.00542879
6648 -0.00156713
6649 0.0215289
6650 0.000886433
6651 -0.0422872
6652 -0.0607149
6653 -0.0256872
6654 -0.00581327
6655 0.00781987
6656 -0.0686234
6657 -0.0651958
6658 -0.0789364
6659 -0.0231853
6660 0.0306569
6661 0.0417737
6662 -0.0553204
6663 -0.0289217
6664 -0.0234821
6665 -0.0308
6666 -0.0479083
6667 -0.00810097
6668 0.0412634
6669 0.0152366
6670 0.0147521
6671 0.0424274
6672 0.0107795
6673 -0.0888319
6674 -0.0295662
6675 0.0254979
6676 0.00411896
6677 -0.0286018
6678 0.00859518
6679 -0.0012321
6680 -0.0235754
6681 -0.0428332
6682 -0.106412
6683 -0.0233454
6684 -1.66633e-05
6685 -0.012405
6686 -0.00317942
6687 -0.0473555
6688 -0.0805027
6689 -0.0168428
6690 -0.0529005
6691 -0.0214421
6692 -0.00113377
6693 0.0242448
6694 -0.0274234
6695 0.00894215
6696 -0.0417041
6697 0.0378154
6698 -0.0429075
6699 -0.0122563
6700 -0.0247351
6701 -0.0345325
6702 0.0423873
6703 0.00895374
6704 -0.0517945
6705 -0.0195757
6706 0.0129675
6707 -0.038429
6708 -0.0137164
6709 -0.0139302
6710 -0.0405849
6711 -0.00944556
6712 -0.039426
6713 -0.0621501
6714 -0.0136951
6715 -0.0255125
6716 -0.0242801
6717 -0.0169213
6718 0.016257
6719 -0.0166064
6720 -0.00171137
6721 -0.0561326
6722 0.00780726
6723 -0.0481616
6724 -0.0497699
6725 -0.0416288
6726 -0.0720949
6727 -0.0969182
6728 0.0248906
6729 -0.0330682
6730 -0.0206697
6731 -0.0271594
6732 -0.0113577
6733 -0.040405
6734 -0.00387657
6735 -0.0543238
6736 -0.100253
6737 -0.0731266
6738 -0.0514644
6739 -0.0361769
6740 -0.0948799
6741 -0.030674
6742 0.0305126
6743 0.00085529
6744 -0.0327819
6745 -0.00312346
6746 -0.054432
6747 0.00123454
6748 -0.023359
6749 0.0146226
6750 -0.0341907
6751 -0.0313259
6752 -0.0216608
6753 -0.0499896
6754 -0.0822982
6755 0.00412824
6756 -0.029431
6757 -0.0531642
6758 -0.0185344
6759 0.00025798
6760 0.0218684
6761 -0.0128637
6762 -0.0729479
6763 -0.0335651
6764 -0.0284656
6765 0.00658554
6766 0.00839006
6767 -0.00244351
6768 -0.0731885
6769 -0.0065191
6770 -0.00951556
6771 -0.0128671
6772 -0.0322111
6773 -0.00184895
6774 -0.0540823
6775 -0.0111089
6776 -0.0456603
6777 -0.0217852
6778 -0.016809
6779 -0.0332331
6780 -0.0994475
6781 0.0157875
6782 -0.0404399
6783 0.0203103
6784 0.0100048
6785 -0.00653256
6786 0.017362
6787 -0.07527
6788 -0.0174958
6789 -0.0311111
6790 -0.0388232
6791 0.0372117
6792 -0.0420126
6793 0.0125468
6794 -0.0318568
6795 -0.0478585
6796 0.0450016
6797 -0.00970353
6798 -0.044816
6799 -0.020833
6800 -0.0149251
6801 0.00333041
6802 -0.0224819
6803 -0.0222154
6804 -0.0287052
6805 -0.00957958
6806 -0.0850027
6807 -0.0493753
6808 -0.0458125
6809 -0.0212626
6810 -0.0168812
6811 0.0145254
6812 0.00878764
6813 -0.0293624
6814 -0.0728117
6815 -0.0344065
6816 0.0317373
6817 0.0341117
6818 -0.00050504
6819 -0.0472003
6820 -0.0509613
6821 -0.045804
6822 -0.0590664
6823 -0.063529
6824 -0.0596146
6825 -0.023783
6826 -0.0296195
6827 -0.00259802
6828 -0.0708913
6829 -0.0325649
6830 -0.012357
6831 -0.0301516
6832 -0.028863
6833 -0.0258977
6834 5.66767e-05
6835 -0.0584471
6836 -0.0952397
6837 -0.00278067
6838 0.0184154
6839 -0.0523456
6840 -0.0178984
6841 -0.0498581
6842 -0.0216099
6843 0.0251327
6844 -0.0379539
6845 -0.0152055
6846 -0.0681347
6847 0.0179038
6848 -0.00530547
6849 -0.0348007
6850 0.0126802
6851 -0.0219058
6852 -0.0497
6853 -0.00245254
6854 -0.0290396
6855 -0.0627614
6856 -0.0317546
6857 -0.0312786
6858 0.0109427
6859 -0.0141506
6860 -0.051888
6861 -0.0349025
6862 -0.0548374
6863 -0.017659
6864 -0.0179223
6865 -0.0883501
6866 0.0227247
6867 -0.0555976
6868 -0.0428224
6869 -0.031933
6870 -0.024935
6871 -0.0336322
6872 0.0364915
6873 -0.0353697
6874 -0.00173017
6875 -0.0264024
6876 -0.071041
6877 0.0410689
6878 0.0253343
6879 0.00940515
6880 -0.0223678
6881 -0.0236503
6882 0.00830297
6883 -0.0524863
6884 -0.0381183
6885 0.0155856
6886 -0.0225971
6887 -0.0473806
6888 0.00299775
6889 0.0453204
6890 -0.00387147
6891 0.00265926
6892 0.0218652
6893 -0.0373245
6894 -0.0407559
6895 -0.0494916
6896 -0.0528363
6897 0.057024
6898 -0.0206729
6899 -0.0974207
6900 -0.0278541
6901 -0.0564221
6902 -0.051193
6903 0.0239732
6904 -0.033462
6905 -0.0280652
6906 -0.000744028
6907 -0.0520061
6908 -0.0198564
6909 -0.0208369
6910 -0.0828524
6911 -0.0389959
6912 -0.019171
6913 0.0225112
6914 -0.00541539
6915 -0.0363324
6916 -0.0551328
6917 -0.00920901
6918 -0.00090802
6919 -0.00455108
6920 -0.0353533
6921 -0.0600461
6922 -0.0326821
6923 -0.0108229
6924 -0.0219745
6925 -0.000899442
6926 -0.0839803
6927 -0.0589864
6928 0.00238966
6929 0.00412411
6930 0.0104828
6931 -0.0261841
6932 -0.0238344
6933 -0.0590628
6934 -0.0286443
6935 0.0196302
6936 0.022184
6937 -0.0343967
6938 0.0267514
6939 -0.0494723
6940 0.0159162
6941 -0.0520769
6942 -0.0273382
6943 -0.0161015
6944 0.0174945
6945 -0.0671786
6946 -0.0364468
6947 -0.00161881
6948 -0.0409274
6949 -0.0115969
6950 0.00854318
6951 -0.0110186
6952 -0.0550154
6953 0.0102341
6954 0.00357991
6955 0.00708213
6956 -0.0293879
6957 -0.0268097
6958 -0.0967822
6959 -0.0493817
6960 0.0227363
6961 0.00713601
6962 -0.0487362
6963 -0.0281792
6964 -0.0381451
6965 -0.0251689
6966 0.00971424
6967 -0.0574685
6968 -0.0619018
6969 -0.052296
6970 -0.0379734
6971 -0.068103
6972 -0.0761879
6973 0.0749967
6974 -0.00277235
6975 -0.0562078
6976 -0.0338061
6977 0.0169343
6978 -0.0355491
6979 -0.0447413
6980 0.08776
6981 -0.0278842
6982 -0.0365477
6983 0.0283657
6984 -0.0191433
6985 -0.0029715
6986 -0.00198202
6987 -0.0197753
6988 0.0386802
6989 0.0397007
6990 0.00581448
6991 -0.0335866
6992 0.0111549
6993 -0.0248529
6994 -0.00385562
6995 -0.0693112
6996 -0.0237289
6997 0.0160163
6998 0.0173382
6999 -0.0531201
7000 -0.00103914
