12001 -0.0263903
12002 -0.0413962
12003 -0.00840823
12004 -0.00194147
12005 0.00117233
12006 -0.0243943
12007 0.014471
12008 -0.0184452
12009 -0.0100253
12010 -0.00661401
12011 -0.0362099
12012 -0.0653711
12013 -0.0718573
12014 -0.0237918
12015 -0.00365006
12016 0.00714031
12017 -0.0196736
12018 -0.00490297
12019 0.0124152
12020 -0.0541009
12021 -0.0217635
12022 -0.0152823
12023 0.00924322
12024 0.00603039
12025 -0.0134724
12026 0.0367807
12027 -0.0175709
12028 -0.0316375
12029 0.000206305
12030 -0.0502366
12031 -0.0347598
12032 0.00643923
12033 0.00258716
12034 -0.0205869
12035 -0.0803682
12036 -0.0226176
12037 -0.00812842
12038 -0.0710441
12039 -0.0545161
12040 -0.059166
12041 0.0913699
12042 -0.057175
12043 -0.0744162
12044 -0.0453054
12045 -0.0235627
12046 -0.0658733
12047 -0.0201722
12048 -0.0212588
12049 -0.0138879
12050 -0.0290705
12051 -0.0498029
12052 -0.00467576
12053 -0.0131163
12054 -0.0440692
12055 0.0191778
12056 -0.0323882
12057 -0.0764852
12058 0.0464932
12059 -0.0521523
12060 -0.0542164
12061 -0.051642
12062 -0.00654496
12063 -0.0118225
12064 -0.0589634
12065 -0.0196488
12066 0.0351823
12067 -0.00239609
12068 -0.0191785
12069 -0.00442708
12070 -0.00921865
12071 -0.0327227
12072 -0.016782
12073 -0.0629771
12074 -0.00663733
12075 -0.0118302
12076 -0.0586298
12077 -0.0497268
12078 -0.0108605
12079 0.0575938
12080 0.00614744
12081 -0.0100467
12082 -0.0248661
12083 -0.0757048
12084 -0.0258726
12085 -0.0640661
12086 -0.0248718
12087 -0.00117175
12088 -0.0695018
12089 -0.0213485
12090 -0.0183949
12091 0.0767424
12092 -0.00725666
12093 -0.0110743
12094 -0.0412803
12095 -0.0309988
12096 0.0114668
12097 -0.059701
12098 -0.0301776
12099 -0.0379031
12100 -0.0561844
12101 -0.0184316
12102 0.0282242
12103 -0.0833199
12104 -0.0435948
12105 -0.0191301
12106 -0.0181564
12107 0.0109986
12108 0.0166911
12109 0.0291158
12110 -0.0597848
12111 0.00102416
12112 -0.0196878
12113 0.00331634
12114 -0.0414291
12115 -0.0587645
12116 -0.0180108
12117 -0.0429221
12118 -0.036345
12119 -0.0560147
12120 -0.0380815
12121 -0.0389565
12122 -0.0208136
12123 -0.00436738
12124 0.00844954
12125 -0.0251962
12126 -0.0232605
12127 -0.0430412
12128 -0.0301105
12129 -0.0414781
12130 -0.057492
12131 -0.059701
12132 -0.0554087
12133 -0.00405055
12134 -0.0602111
12135 -0.0334562
12136 -0.0454831
12137 -0.0493776
12138 -0.0247358
12139 -0.0470231
12140 -0.062073
12141 -0.0244846
12142 -0.00861206
12143 -0.0342365
12144 -0.0153061
12145 -0.00749982
12146 -0.0183285
12147 -0.0540479
12148 -0.0305582
12149 0.00026038
12150 -0.0871897
12151 -0.0288594
12152 -0.0610436
12153 -0.0126796
12154 -0.013019
12155 -0.0179915
12156 -0.00890596
12157 -0.0220669
12158 -0.0362366
12159 -0.0319913
12160 -0.0266636
12161 -0.0568404
12162 -0.0722565
12163 -0.0189022
12164 0.0290114
12165 0.0444348
12166 0.00996885
12167 -0.0101002
12168 -0.0431365
12169 -0.0896941
12170 -0.0444852
12171 -0.0254914
12172 -0.0436595
12173 -0.0524516
12174 -0.0285801
12175 -0.0675567
12176 -0.0258793
12177 -0.0154841
12178 -0.0555331
12179 0.0119462
12180 0.0104063
12181 -0.036263
12182 -0.0133038
12183 -0.0174873
12184 -0.0231205
12185 0.0156512
12186 -0.00481932
12187 -0.03863
12188 -0.09237
12189 0.00901566
12190 -0.00548966
12191 -0.00848542
12192 -0.0518813
12193 -0.0826648
12194 0.00793398
12195 -0.0105873
12196 -0.00441283
12197 -0.037839
12198 -0.0353206
12199 0.0258488
12200 0.00389371
12201 -0.0158056
12202 0.00592125
12203 0.0216625
12204 -0.0384833
12205 -0.0505863
12206 0.0199543
12207 -0.0324588
12208 -0.0302935
12209 -0.0461615
12210 -0.0241784
12211 -0.00471726
12212 -0.0295072
12213 -0.0246129
12214 0.0194188
12215 0.032101
12216 -0.0370513
12217 -0.0371554
12218 -0.0163572
12219 -0.042448
12220 -0.0665697
12221 -0.00751161
12222 -0.00419102
12223 -0.0553487
12224 -0.0584714
12225 0.0505894
12226 0.0208746
12227 -0.0225281
12228 -0.030059
12229 -0.0188348
12230 -0.0049349
12231 0.0070946
12232 -0.0256642
12233 0.0302445
12234 -0.0632372
12235 -0.0298311
12236 -0.0753625
12237 -0.0201802
12238 -0.0551342
12239 -0.0401969
12240 0.00749355
12241 0.0178995
12242 -0.00695889
12243 -0.0631889
12244 -0.000424372
12245 -0.0634801
12246 -0.0502582
12247 -0.0520065
12248 0.000877957
12249 -0.0263108
12250 -0.00718014
12251 -0.0463189
12252 -0.00886674
12253 -0.021033
12254 -0.0524176
12255 -0.050426
12256 -0.0436951
12257 -0.0620162
12258 -9.04433e-05
12259 -0.0361524
12260 -0.083619
12261 -0.0146092
12262 -0.03818
12263 0.02735
12264 -0.0186007
12265 -0.0206716
12266 -0.0413481
12267 -0.0629546
12268 -0.02963
12269 0.0133933
12270 -0.0497531
12271 -0.000899007
12272 -0.0329582
12273 0.0264251
12274 -0.0478875
12275 0.0149489
12276 -0.0275773
12277 -0.0537598
12278 -0.00482463
12279 -0.0704058
12280 0.0451354
12281 -0.0569498
12282 0.0385241
12283 -0.0218731
12284 -0.0228968
12285 0.0287242
12286 -0.0182883
12287 -0.017754
12288 0.00074622
12289 -0.0515003
12290 -0.0630369
12291 0.0279505
12292 -0.0116952
12293 -0.0347576
12294 0.00939009
12295 -0.0860649
12296 -0.0627331
12297 -0.0116823
12298 -0.031933
12299 -0.0272921
12300 -0.000499423
12301 -0.00530492
12302 0.022771
12303 -0.0126097
12304 0.0155713
12305 -0.0718352
12306 -0.0123176
12307 0.00928561
12308 -0.0777637
12309 -0.0219055
12310 0.0124353
12311 -0.0440962
12312 -0.0880045
12313 -0.0400241
12314 0.0296025
12315 -0.0215478
12316 0.0135615
12317 -0.0502286
12318 -0.0195364
12319 -0.0411788
12320 0.01341
12321 -0.0236458
12322 0.00472068
12323 -0.0279306
12324 0.0595825
12325 -0.0320719
12326 -0.0273036
12327 -0.0355499
12328 -0.00893345
12329 -0.0188629
12330 0.00631043
12331 -0.0168637
12332 0.0173139
12333 -0.0861557
12334 -0.0345404
12335 -0.118827
12336 -0.0727417
12337 -0.00602768
12338 -0.0039819
12339 -0.0192602
12340 0.0237134
12341 -0.041985
12342 -0.0507952
12343 -0.0290438
12344 0.00559313
12345 0.0104093
12346 -0.0294163
12347 -0.0630159
12348 -0.0186394
12349 -0.101356
12350 -0.0536584
12351 -0.0635755
12352 -0.0378898
12353 -0.0493895
12354 0.0480569
12355 -0.0455417
12356 -0.0341091
12357 -0.0222779
12358 -0.0365943
12359 -0.0444043
12360 -0.013395
12361 -0.0858214
12362 -0.0226414
12363 -0.00055476
12364 -0.0547504
12365 -0.0286775
12366 -0.0813665
12367 -0.0828353
12368 -0.0045112
12369 -0.0283672
12370 -0.0336415
12371 -0.0184675
12372 -0.0723425
12373 -0.0267007
12374 -0.07108
12375 -0.0483569
12376 -0.0501357
12377 -0.0325476
12378 -0.103494
12379 -0.0936618
12380 -0.0697421
12381 -0.0457136
12382 0.00679521
12383 0.0126269
12384 0.0350326
12385 -0.000660048
12386 0.0206382
12387 -0.0286458
12388 -0.0561913
12389 -0.0157589
12390 -0.00431359
12391 0.0180428
12392 0.0281892
12393 0.0129986
12394 0.00146574
12395 -0.0329896
12396 -0.00751184
12397 -0.0810179
12398 -0.0278463
12399 -0.0698317
12400 -0.0100333
12401 0.0172015
12402 -0.0496451
12403 -0.0184204
12404 -0.0208585
12405 0.0129741
12406 -0.0551599
12407 -0.0402557
12408 0.0267725
12409 -0.0519841
12410 0.0111374
12411 0.0437166
12412 -0.0203337
12413 -0.0246801
12414 -0.0325619
12415 -0.0523601
12416 0.0202935
12417 -0.0178026
12418 -0.0105656
12419 -0.0401144
12420 -0.00271155
12421 -0.0213415
12422 -0.0243961
12423 -0.0405742
12424 -0.0604963
12425 -0.029686
12426 0.0045715
12427 0.0285656
12428 -0.0181104
12429 0.0252789
12430 0.00162951
12431 -0.0614613
12432 0.0158277
12433 -0.066341
12434 -0.0367262
12435 -0.00303953
12436 -0.106805
12437 -0.0299842
12438 -0.0363254
12439 -0.0253303
12440 -0.0346718
12441 -0.0341775
12442 -0.0205051
12443 -0.00210509
12444 -0.0126508
12445 -0.023719
12446 -0.028609
12447 0.0579637
12448 -0.0122343
12449 -0.0213205
12450 -0.0209806
12451 -0.039532
12452 -0.0337411
12453 -0.020666
12454 0.0289536
12455 -0.0302757
12456 -0.0288559
12457 -0.0938685
12458 -0.0467318
12459 -0.0396195
12460 -0.0359755
12461 -0.0130985
12462 -0.0843949
12463 -0.0663547
12464 -0.0401218
12465 -0.0120064
12466 -0.0449093
12467 -0.0284425
12468 -0.0727395
12469 -0.0686999
12470 -0.0130008
12471 0.000625917
12472 -0.0106794
12473 -0.00244902
12474 0.00663911
12475 -0.0451577
12476 0.00262961
12477 -0.0507438
12478 -0.0590229
12479 -0.105398
12480 -0.0458383
12481 -0.0483528
12482 -0.0185923
12483 -0.0847657
12484 -0.0441226
12485 -0.0882185
12486 -0.0220399
12487 0.0225579
12488 0.010513
12489 -0.0169771
12490 0.0200335
12491 -0.0497145
12492 -0.0953186
12493 -0.0287536
12494 0.0346769
12495 -0.0526685
12496 0.000107958
12497 -0.0137182
12498 -0.013737
12499 0.00425293
12500 -0.0438433
12501 -0.0136049
12502 -0.00672111
12503 -0.0647876
12504 0.0312874
12505 -0.0262486
12506 0.0182066
12507 -0.0316134
12508 -0.0103286
12509 -0.0205733
12510 0.0205437
12511 -0.0111193
12512 0.00106337
12513 -0.00364102
12514 -0.0132614
12515 0.0144067
12516 0.019445
12517 -0.0358868
12518 0.0359158
12519 -0.0415505
12520 -0.0476914
12521 -0.0048832
12522 -0.0298594
12523 0.0114767
12524 -0.00374209
12525 -0.0401587
12526 -0.00731157
12527 -0.100752
12528 0.00199583
12529 0.0201431
12530 -0.0117592
12531 -0.0155341
12532 -0.00123861
12533 -0.0138231
12534 -0.00528688
12535 -0.00983511
12536 0.0263292
12537 -0.0943047
12538 -0.0235783
12539 -0.0122723
12540 -0.0230715
12541 -0.0144283
12542 -0.0260696
12543 -0.0489448
12544 0.0313466
12545 -0.0160823
12546 0.0263628
12547 0.00144936
12548 -0.0140795
12549 -0.0194736
12550 -0.0188123
12551 -0.0322669
12552 -0.0509659
12553 0.00591701
12554 0.0182497
12555 0.0180275
12556 -0.00223378
12557 -0.0290933
12558 -0.0399557
12559 -0.0160521
12560 -0.0139873
12561 0.0189731
12562 -0.0558665
12563 -0.0812555
12564 -0.0612886
12565 0.0424348
12566 -0.019648
12567 0.0459895
12568 -0.0218098
12569 0.0300732
12570 -0.0278617
12571 -0.0180076
12572 -0.0419413
12573 0.00722823
12574 0.0121957
12575 -0.0240975
12576 -0.0570971
12577 -0.0752928
12578 -0.054909
12579 0.0106844
12580 -0.0151102
12581 -0.00357278
12582 -0.0170113
12583 -0.0401894
12584 -0.0336272
12585 -0.0216969
12586 -0.0562604
12587 0.008694
12588 -0.0373107
12589 0.0289023
12590 -0.0287881
12591 0.0782514
12592 -0.0546677
12593 -0.0279312
12594 -0.0392045
12595 -0.0300256
12596 -0.0182437
12597 -0.0475276
12598 -0.0341865
12599 -0.0186962
12600 -0.00431786
12601 -0.0109135
12602 -0.0135145
12603 -0.0473741
12604 0.0659963
12605 -0.0381207
12606 -0.0142443
12607 -0.0818622
12608 -0.0289464
12609 -0.0579033
12610 -0.019393
12611 0.00670654
12612 0.000442238
12613 -0.0727325
12614 -0.0599504
12615 -0.0732502
12616 0.00169069
12617 0.0386251
12618 0.0024839
12619 -0.0167068
12620 -0.101629
12621 -0.0334562
12622 -0.0657959
12623 -0.0132933
12624 -0.0779132
12625 -0.0114189
12626 2.06417e-05
12627 -0.0622672
12628 -0.082704
12629 -0.044306
12630 -0.00535557
12631 -0.0162941
12632 -0.0569218
12633 -0.027234
12634 -0.0089996
12635 -0.0125664
12636 -0.0546522
12637 -0.030635
12638 -0.0022954
12639 0.0149184
12640 -0.028517
12641 -0.0068113
12642 0.028445
12643 0.0294301
12644 -0.00664602
12645 0.0128663
12646 -0.0289949
12647 -0.0358272
12648 -0.011028
12649 -0.0215112
12650 0.0208683
12651 0.0255738
12652 -0.0325458
12653 0.000908673
12654 -0.0386033
12655 -0.0864974
12656 0.0027006
12657 0.0169414
12658 0.0102491
12659 -0.0488926
12660 -0.0280832
12661 -0.0590473
12662 -0.0373397
12663 -0.0336991
12664 -0.0330258
12665 0.00526262
12666 -0.0492928
12667 0.0041365
12668 -0.0286227
12669 -0.0486344
12670 -0.0957122
12671 0.00727685
12672 -0.0246244
12673 0.0119942
12674 0.00346417
12675 0.00832354
12676 -0.0736816
12677 0.00320318
12678 -0.0698087
12679 -0.0200018
12680 -0.0353055
12681 -0.0494381
12682 -0.0550838
12683 -0.0316236
12684 -0.0500524
12685 -0.00596585
12686 -0.00409724
12687 0.00396771
12688 0.017549
12689 -0.078583
12690 -0.0776893
12691 0.0298831
12692 0.00803113
12693 0.0413687
12694 0.0390049
12695 0.0139226
12696 -0.0327606
12697 0.045865
12698 -0.0286303
12699 0.0122226
12700 -3.17167e-06
12701 0.0539478
12702 -0.0273423
12703 0.0238595
12704 -0.0532797
12705 -0.0193104
12706 0.000668778
12707 0.0227012
12708 -0.0104554
12709 -0.0262884
12710 -0.0271113
12711 -0.00654325
12712 0.0159229
12713 -0.0288287
12714 -0.0512712
12715 -0.0514424
12716 -0.00863446
12717 -0.0308249
12718 -0.0182571
12719 0.040007
12720 -0.0372313
12721 0.0451122
12722 0.0179203
12723 0.000978637
12724 0.021226
12725 -0.0636764
12726 -0.00576777
12727 0.00441944
12728 -0.0504337
12729 -0.0148646
12730 -0.0502763
12731 -0.093795
12732 -0.0998451
12733 -0.0648942
12734 -0.00231179
12735 -0.0304513
12736 0.0276161
12737 -0.0147532
12738 -0.0405334
12739 -0.039273
12740 0.000141925
12741 -0.0313014
12742 -0.0258517
12743 -0.0187281
12744 -0.0198785
12745 -0.0253121
12746 -0.013075
12747 -0.0126195
12748 -0.0298977
12749 0.033869
12750 -0.00433095
12751 -0.0256532
12752 0.034542
12753 -0.00401087
12754 -0.065396
12755 0.0639585
12756 -0.0124009
12757 0.00572947
12758 -0.072919
12759 -0.0346804
12760 0.031949
12761 0.022247
12762 -0.0151676
12763 -0.0372185
12764 -0.073541
12765 0.00266072
12766 0.0384934
12767 0.0405096
12768 -0.00121732
12769 -0.000882982
12770 -0.0466852
12771 -0.0758656
12772 -0.00516762
12773 0.0116456
12774 -0.0556997
12775 -0.0414066
12776 -0.0169313
12777 -0.0374017
12778 0.0134836
12779 0.0190743
12780 -0.0106906
12781 -0.0393233
12782 -0.047623
12783 0.0185204
12784 -0.0392206
12785 -0.0746831
12786 0.0434916
12787 -0.0224009
12788 -0.0133215
12789 -0.0442026
12790 -0.0325253
12791 -0.09052
12792 -0.0812741
12793 -0.0217126
12794 -0.0175436
12795 0.0305345
12796 0.00791737
12797 -0.0385888
12798 -0.0300219
12799 -0.0103472
12800 -0.024108
12801 -0.0690014
12802 -0.0526107
12803 -0.0300196
12804 -0.00174413
12805 -0.0382573
12806 0.00189863
12807 0.00613064
12808 -0.0255785
12809 -0.0949008
12810 0.00377472
12811 0.0509596
12812 -0.0259846
12813 -0.0803533
12814 0.0332552
12815 -0.0510138
12816 0.0292809
12817 -0.0814935
12818 -0.0702646
12819 -0.0321332
12820 -0.0627112
12821 -0.0260593
12822 -0.0304925
12823 -0.000711005
12824 -0.0396645
12825 -0.0397867
12826 -0.0606765
12827 -0.00240054
12828 -0.0553893
12829 -0.0367928
12830 -0.0216656
12831 -0.00668581
12832 -0.0573374
12833 -0.00943507
12834 -0.0254795
12835 -0.0794196
12836 0.0517474
12837 -0.0790874
12838 -0.037958
12839 0.0283878
12840 -0.0692424
12841 -0.00778571
12842 -0.0897476
12843 -0.0596655
12844 0.0242556
12845 0.0249965
12846 0.0218155
12847 -0.0465664
12848 -0.0798675
12849 0.014196
12850 -0.0763909
12851 -0.0820129
12852 0.0155582
12853 -0.0260229
12854 -0.0137907
12855 0.0197944
12856 -0.0231281
12857 -0.0322637
12858 -0.0407894
12859 -0.0433671
12860 -0.0167977
12861 -0.069208
12862 0.020615
12863 -0.0293957
12864 -0.0357235
12865 -0.0118495
12866 0.0246173
12867 -0.0148507
12868 -0.0136856
12869 -0.0216552
12870 -0.0191115
12871 -0.0570487
12872 -0.114558
12873 0.00565947
12874 -0.00919352
12875 -0.0532018
12876 -0.0997045
12877 0.0200539
12878 0.072198
12879 -0.0601992
12880 -0.0311289
12881 -0.0237045
12882 -0.0312508
12883 -0.0354896
12884 -0.0483703
12885 0.00123384
12886 0.0424064
12887 0.0152793
12888 0.000836543
12889 -0.0513402
12890 -0.0291849
12891 -0.0483471
12892 -0.0401975
12893 -0.0481089
12894 0.0295491
12895 -0.00622045
12896 -0.0575711
12897 -0.0686669
12898 0.03114
12899 -0.0384535
12900 -0.0237118
12901 -0.0276349
12902 -0.0433623
12903 -0.0338472
12904 -0.0290749
12905 0.01222
12906 -0.023014
12907 -0.0322205
12908 -0.041363
12909 -0.0179723
12910 -0.0553897
12911 -0.0912603
12912 -0.0365078
12913 -0.00343636
12914 -0.081678
12915 -0.00247664
12916 0.00123529
12917 0.0143495
12918 -0.034409
12919 -0.0217998
12920 -0.0432511
12921 -0.043539
12922 0.0195175
12923 -0.0410938
12924 -0.0153604
12925 -0.0303073
12926 0.00470457
12927 -0.05757
12928 0.0457977
12929 -0.0181676
12930 -0.0162536
12931 0.0319589
12932 -0.0755911
12933 -0.00879049
12934 0.0143
12935 -0.0789126
12936 -0.0115506
12937 -0.0684127
12938 -0.0059014
12939 -0.0317402
12940 -0.0141286
12941 -0.0343058
12942 -0.0659314
12943 -0.0411527
12944 0.00566515
12945 0.0371176
12946 -0.0374289
12947 -0.0215333
12948 -0.00512145
12949 -0.0124908
12950 -0.0319394
12951 -0.0449571
12952 -0.00538662
12953 -0.0638643
12954 -0.00404295
12955 0.00307311
12956 0.0129143
12957 -0.0572141
12958 0.0096036
12959 -0.0555324
12960 -0.0401131
12961 -0.00693672
12962 -0.0176046
12963 -0.0387667
12964 -0.0329342
12965 -0.0563686
12966 -0.0244538
12967 -0.0555827
12968 -0.0400039
12969 -0.0652209
12970 -0.0207456
12971 -0.106891
12972 0.0185078
12973 -0.0403913
12974 -0.00691947
12975 -0.00839085
12976 -0.0266152
12977 -0.0407619
12978 0.0141195
12979 -0.0433018
12980 -0.0564522
12981 -0.0355015
12982 -0.024059
12983 0.0328266
12984 0.00321377
12985 -0.0977026
12986 -0.0452007
12987 -0.0193823
12988 -0.000306715
12989 -0.0656877
12990 -0.0455471
12991 -0.0326258
12992 0.0202716
12993 0.0184493
12994 -0.0376643
12995 -0.0443777
12996 0.0135081
12997 -0.0216692
12998 -0.0315553
12999 0.0169288
13000 -0.0283923
