8001 0.0539486
8002 -0.0673452
8003 0.00156038
8004 -0.0152664
8005 -0.0395933
8006 0.0114341
8007 -0.00406815
8008 -0.092046
8009 -0.085023
8010 -0.0545442
8011 -0.0227768
8012 -0.0257586
8013 -0.069644
8014 0.0103527
8015 -0.00736941
8016 -0.0276258
8017 -0.0236146
8018 -0.0325241
8019 -0.045669
8020 0.00381324
8021 -0.00334542
8022 -0.00872977
8023 -0.0677016
8024 0.0184362
8025 0.0192587
8026 -0.0358981
8027 -0.0602759
8028 -0.0274314
8029 -0.0788826
8030 -0.0298329
8031 -0.0157006
8032 -0.0748437
8033 0.0275514
8034 -0.0587881
8035 0.0104481
8036 0.0124817
8037 0.0438445
8038 -0.0453408
8039 0.0182108
8040 -0.0204019
8041 -0.00174523
8042 -0.00186266
8043 -0.016632
8044 -0.047663
8045 -0.0206599
8046 -0.0567162
8047 -0.0222402
8048 0.0278346
8049 -0.0116321
8050 -0.00475914
8051 0.027667
8052 -0.0283803
8053 -0.0463432
8054 -0.0497871
8055 -0.0324003
8056 0.0185945
8057 -0.00605333
8058 -0.0409794
8059 -0.0492444
8060 0.0265723
8061 -0.012076
8062 -0.0695254
8063 -0.0359368
8064 -0.00494796
8065 -0.0232466
8066 0.0102837
8067 -0.0159584
8068 0.0330995
8069 -0.0538795
8070 -0.0165765
8071 -0.0444936
8072 -0.0481066
8073 -0.032326
8074 -0.00953597
8075 -0.0147661
8076 -0.0159662
8077 -0.0255638
8078 -0.030527
8079 0.000705487
8080 -0.0286254
8081 0.0344014
8082 0.0185413
8083 -0.079331
8084 -0.109687
8085 0.0139289
8086 -0.00331779
8087 -0.0191485
8088 0.0232929
8089 -0.0306764
8090 -0.0247014
8091 -0.0164602
8092 0.0231265
8093 0.0335601
8094 -0.0238131
8095 -0.0278679
8096 0.0229359
8097 -0.0574022
8098 -0.013715
8099 0.00849816
8100 -0.01278
8101 -0.0664076
8102 -0.00371803
8103 -0.0239557
8104 0.0094282
8105 -0.0373406
8106 0.0282231
8107 -0.0337012
8108 0.00998235
8109 -0.0226066
8110 0.0261067
8111 0.00709145
8112 -0.0373455
8113 -0.0509964
8114 -0.0765564
8115 -0.0265878
8116 -0.00176917
8117 -0.0505143
8118 0.0181034
8119 0.0204149
8120 -0.00899604
8121 -0.0168387
8122 -0.0119141
8123 0.0358201
8124 -0.0465077
8125 -0.035788
8126 -0.016012
8127 0.0183389
8128 0.0138826
8129 -0.0567386
8130 0.0150295
8131 -0.0323503
8132 -0.0394083
8133 -0.0331662
8134 0.0293018
8135 -0.00247418
8136 -0.0213671
8137 -0.039304
8138 -0.0334638
8139 -0.00516656
8140 0.0540967
8141 0.0153006
8142 -0.0224025
8143 0.027763
8144 -0.0212163
8145 -0.0107778
8146 -0.00776329
8147 0.000361482
8148 0.0610007
8149 -0.0190792
8150 -0.0266017
8151 0.00471482
8152 -0.0268823
8153 -0.0335875
8154 -0.0586369
8155 -0.0382756
8156 -0.0844872
8157 0.0142829
8158 -0.0192118
8159 -0.00697278
8160 -0.0117169
8161 0.0195222
8162 -0.010487
8163 -0.0260238
8164 -0.0124267
8165 -0.0135007
8166 0.0570073
8167 -0.00975807
8168 -0.0523131
8169 -0.00527788
8170 -0.0100847
8171 -0.0474999
8172 -0.029497
8173 -0.00284697
8174 -0.0256093
8175 -0.0307679
8176 -0.0551756
8177 -0.00683512
8178 0.0197225
8179 0.0140208
8180 -0.0232579
8181 -0.0418498
8182 -0.0115372
8183 -0.0921782
8184 -0.029287
8185 -0.0399448
8186 -0.0145752
8187 0.0161484
8188 -0.00243549
8189 0.0175635
8190 0.0125796
8191 0.0344581
8192 -0.0720277
8193 -0.0708984
8194 -0.0201581
8195 -0.0533948
8196 0.0285578
8197 -0.0303464
8198 -0.0617783
8199 -0.0246918
8200 0.00263764
8201 0.0124735
8202 0.049412
8203 -0.0485486
8204 -0.0719275
8205 0.0381773
8206 -0.0749083
8207 -0.0618223
8208 -0.0264483
8209 -0.0278128
8210 0.00536119
8211 -0.0510802
8212 -0.0787079
8213 -0.01875
8214 0.0193302
8215 -0.0150298
8216 -0.0296057
8217 0.0370048
8218 -0.0335997
8219 -0.0392125
8220 -0.0158591
8221 0.0178073
8222 -0.00870363
8223 -0.069422
8224 -0.0294729
8225 -0.0251204
8226 -0.029733
8227 -0.0924729
8228 -0.0150348
8229 -0.033506
8230 -0.0560746
8231 -0.0604274
8232 -0.0321512
8233 -0.0398761
8234 -0.0548746
8235 -0.0409638
8236 0.0247015
8237 -0.00925032
8238 -0.00924013
8239 -0.010584
8240 -0.0267784
8241 -0.0469755
8242 -0.0169955
8243 9.848e-05
8244 -0.0729949
8245 -0.0315659
8246 -0.0633736
8247 -0.049541
8248 -0.0462693
8249 -0.0258987
8250 -0.0016286
8251 -0.0127717
8252 0.0338137
8253 0.00750523
8254 -0.0262612
8255 -0.0106471
8256 -0.0402209
8257 -0.00608013
8258 -0.0410694
8259 -0.031814
8260 -0.0816485
8261 0.0220402
8262 -0.00422466
8263 -0.0248242
8264 0.0229437
8265 0.0209733
8266 0.0473905
8267 -0.0495386
8268 -0.0336099
8269 -0.0577909
8270 0.0118115
8271 -0.0078007
8272 -0.0022759
8273 -0.0206292
8274 -0.0536894
8275 -0.0636166
8276 0.00322181
8277 -0.035088
8278 -0.0446163
8279 -0.0162893
8280 -0.00990147
8281 -0.0452658
8282 0.0157828
8283 -0.0255213
8284 -0.0326984
8285 0.0142181
8286 0.0127014
8287 -0.0502286
8288 -0.0743017
8289 -0.0510805
8290 -0.062944
8291 0.00543158
8292 -0.0490583
8293 -0.049065
8294 -0.0103845
8295 0.0057071
8296 -0.0214994
8297 0.0038746
8298 -0.0177981
8299 -0.0369843
8300 0.0318933
8301 -0.0148467
8302 -0.0614006
8303 -0.0349611
8304 0.00287338
8305 -0.0607828
8306 -0.0698127
8307 -0.0335814
8308 0.0316768
8309 0.0463725
8310 0.0207315
8311 -0.0236167
8312 -0.00611639
8313 0.0647793
8314 0.00333458
8315 0.00298047
8316 0.00197385
8317 -0.0357164
8318 -0.0250319
8319 -0.035584
8320 -0.0222731
8321 -0.0686189
8322 -0.00294108
8323 -0.0893388
8324 0.00336894
8325 0.0234869
8326 -0.0884291
8327 -0.0434383
8328 -0.0336771
8329 0.0174641
8330 -0.021329
8331 -0.0236458
8332 0.00450649
8333 -0.0657995
8334 -0.0624539
8335 0.0198071
8336 -0.0119041
8337 0.009572
8338 -0.0745383
8339 -0.0146105
8340 -0.0405691
8341 0.01644
8342 0.00495986
8343 -0.0087807
8344 -0.0161913
8345 -0.030252
8346 0.0362035
8347 0.0101267
8348 0.0187971
8349 -0.0366818
8350 -0.0276596
8351 -0.0400981
8352 -0.0534215
8353 0.0190724
8354 -0.0315659
8355 0.0158026
8356 -0.01064
8357 -0.0566023
8358 -0.0590249
8359 -0.0460027
8360 -0.00707015
8361 -0.0807242
8362 -0.00863466
8363 -0.0716718
8364 0.0076082
8365 0.00697688
8366 0.0522967
8367 0.0290506
8368 -0.0620534
8369 0.00518297
8370 -0.0662109
8371 -0.0477599
8372 -0.0384025
8373 -0.0725711
8374 -0.043299
8375 -0.0237303
8376 -0.00335405
8377 -0.0274472
8378 -0.00557818
8379 0.00545232
8380 -0.0405207
8381 0.000189
8382 -0.0261324
8383 -0.0197016
8384 -0.0272605
8385 -0.0656866
8386 0.00210031
8387 -0.0117994
8388 -0.0206159
8389 -0.0500842
8390 0.00842193
8391 0.00756675
8392 -0.0246945
8393 -0.0221726
8394 -0.0100881
8395 0.0126562
8396 0.00437303
8397 -0.0169869
8398 -0.00930059
8399 -0.013699
8400 -0.0198307
8401 -0.0123694
8402 0.0291677
8403 -0.0213999
8404 -0.036787
8405 -0.0400172
8406 -0.0319061
8407 0.0295474
8408 -0.0656835
8409 -0.0239391
8410 -0.00279792
8411 -0.0391736
8412 0.00634821
8413 -0.0429571
8414 -0.00683111
8415 -0.038782
8416 -0.000232512
8417 -0.00250855
8418 -0.00193742
8419 -0.0468666
8420 -0.0366102
8421 0.0174529
8422 -0.0829383
8423 -0.00674995
8424 -0.035982
8425 -0.0545711
8426 0.0596125
8427 -0.00577627
8428 -0.0135054
8429 0.0109806
8430 -0.0528611
8431 -0.000989122
8432 -0.0248622
8433 -0.00797372
8434 -0.0229721
8435 0.0136815
8436 0.00877607
8437 0.0177272
8438 -0.0611954
8439 0.00474308
8440 -0.0965313
8441 -0.0365729
8442 -0.0246912
8443 -0.00961697
8444 0.00982675
8445 -0.0750132
8446 -0.0418926
8447 -0.0224816
8448 0.0153121
8449 -0.0348882
8450 -0.0185078
8451 -0.0431653
8452 -0.0212768
8453 -0.0108485
8454 -0.0287858
8455 0.0310328
8456 -0.0581253
8457 -0.0765157
8458 0.0139379
8459 -0.0262166
8460 -0.0410599
8461 -0.0461922
8462 -0.0194009
8463 0.000868063
8464 -0.0187968
8465 0.0128867
8466 -0.0387539
8467 -0.00361132
8468 0.017069
8469 0.0122037
8470 0.00690237
8471 -0.0122819
8472 -0.0718614
8473 0.0133856
8474 -0.00756056
8475 -0.0446303
8476 -0.0481433
8477 0.0328289
8478 -0.0312728
8479 0.0203694
8480 -0.0312727
8481 -0.0602867
8482 -0.0255524
8483 0.0171029
8484 0.0268875
8485 -0.0680547
8486 -0.0481543
8487 -0.00284586
8488 -0.0468853
8489 0.00935625
8490 0.0116973
8491 0.0113713
8492 -0.0170153
8493 -0.0477402
8494 -0.0480632
8495 -0.0716941
8496 -0.0235334
8497 -0.0267111
8498 -0.0329047
8499 -0.0290594
8500 0.00603147
8501 -0.0156247
8502 -0.0170272
8503 -0.0224671
8504 0.00424861
8505 -0.0237471
8506 0.0752127
8507 -0.0543435
8508 -0.0916069
8509 -0.0487003
8510 -0.0181842
8511 0.00993594
8512 -0.0750874
8513 -0.0536174
8514 -0.00846915
8515 0.0151948
8516 0.0270074
8517 0.00224983
8518 -0.0721242
8519 -0.0239016
8520 0.00469606
8521 0.0155295
8522 -0.0834124
8523 0.0249626
8524 -0.0127166
8525 -0.00250641
8526 -0.0573256
8527 -0.0268816
8528 -0.0446527
8529 -0.0515818
8530 0.0448966
8531 -0.0306221
8532 -0.00967901
8533 0.00088439
8534 -0.016292
8535 -0.0735648
8536 0.000357483
8537 -0.0291489
8538 0.0092689
8539 -0.0235375
8540 -0.110341
8541 -0.00264131
8542 0.000457603
8543 -0.0160737
8544 -0.0694283
8545 -0.00115711
8546 -0.0336545
8547 -0.0507941
8548 -0.0600538
8549 -0.0313383
8550 -0.0581486
8551 -0.0662582
8552 0.0457565
8553 -0.0464641
8554 0.00585272
8555 -0.00323766
8556 -0.0234852
8557 -0.00537837
8558 -0.0456487
8559 0.0475932
8560 0.0539314
8561 -0.0590171
8562 -0.00889673
8563 -0.0225942
8564 -0.0390902
8565 0.0284386
8566 -0.02264
8567 0.0206456
8568 -0.0281726
8569 -0.0405692
8570 -0.0896933
8571 0.0174455
8572 -0.0178665
8573 -0.0643857
8574 0.0293949
8575 0.0171409
8576 -0.0086505
8577 -0.0433512
8578 -0.0637685
8579 -0.042298
8580 -0.0865804
8581 -0.0868762
8582 -0.0667839
8583 -0.0654632
8584 -0.0545902
8585 -0.0795284
8586 -0.0341336
8587 0.0234874
8588 0.00436774
8589 -0.0475207
8590 -0.0169881
8591 -0.0554638
8592 -0.0378097
8593 -0.0114174
8594 -0.038014
8595 -0.107649
8596 0.0294702
8597 0.0005383
8598 -0.0489881
8599 -0.00588536
8600 -0.00986195
8601 -0.082313
8602 0.00855803
8603 0.0658683
8604 -0.00430569
8605 0.0051958
8606 -0.0305631
8607 -0.00446481
8608 0.0111433
8609 0.0219449
8610 0.0154932
8611 0.0168423
8612 -0.0290751
8613 -0.0424268
8614 -0.0188353
8615 -0.000741847
8616 0.0214607
8617 -0.0249713
8618 -0.0385259
8619 -0.00883119
8620 -0.0488293
8621 -0.00429048
8622 -0.0586406
8623 -0.0148623
8624 -0.0156464
8625 0.0105234
8626 -0.0445974
8627 -0.0290438
8628 -0.0143792
8629 -0.0391177
8630 -0.0213707
8631 -0.0384318
8632 -0.0233088
8633 -0.0163152
8634 -0.0844892
8635 -0.0103994
8636 0.0829262
8637 -0.0408049
8638 -0.0373444
8639 -0.0453114
8640 -0.0286535
8641 0.038765
8642 -0.0385741
8643 0.0293378
8644 -0.019663
8645 -0.0157387
8646 -0.0102529
8647 -0.0659491
8648 -0.0218216
8649 -0.042046
8650 -0.0320209
8651 0.0168348
8652 0.0133651
8653 -0.00237568
8654 0.00700319
8655 0.0167661
8656 -0.0352609
8657 -0.0559166
8658 -0.0197058
8659 -0.0137907
8660 -0.0213737
8661 -0.020574
8662 -0.0465862
8663 -0.00414422
8664 -3.99317e-05
8665 -0.0690364
8666 -0.0171341
8667 -0.0310422
8668 -0.0508025
8669 -0.00914672
8670 -0.0150479
8671 0.0323289
8672 -0.0539877
8673 -0.0263161
8674 -0.0142668
8675 0.0220219
8676 0.000828985
8677 -0.0244884
8678 0.0289524
8679 -0.0277658
8680 -0.0119059
8681 0.00339267
8682 -0.049815
8683 -0.0853232
8684 -0.00510147
8685 -0.0482407
8686 -0.00964437
8687 0.0407868
8688 0.0193001
8689 0.0363781
8690 0.0153217
8691 0.0445084
8692 0.00774755
8693 -0.0373245
8694 0.000770458
8695 -0.0421664
8696 -0.0742548
8697 -0.0249781
8698 -0.0480918
8699 0.00259465
8700 -0.0125677
8701 -0.0288815
8702 -0.0087956
8703 0.00559871
8704 0.0213784
8705 0.0212281
8706 -0.0454546
8707 -0.029562
8708 -0.0266899
8709 -0.0298465
8710 -0.0181669
8711 0.0294889
8712 -0.0309874
8713 -0.039719
8714 -0.0261009
8715 -0.0131445
8716 -0.00142178
8717 -0.062218
8718 -0.0283019
8719 -0.0234929
8720 -0.0136411
8721 -0.0346532
8722 0.00183761
8723 0.00723936
8724 0.0149909
8725 -0.0446412
8726 0.0609364
8727 -0.00839299
8728 -0.0358204
8729 -0.0255356
8730 -0.0573719
8731 -0.0296129
8732 -0.0293562
8733 -0.0622549
8734 -0.0489918
8735 -0.0297184
8736 -0.0326428
8737 -0.00362489
8738 -0.0901081
8739 0.0240363
8740 -0.00804365
8741 -0.0228312
8742 -0.0342292
8743 -0.0926175
8744 -0.0307182
8745 -0.00569851
8746 -0.00610251
8747 0.00894727
8748 -0.101421
8749 -0.0220245
8750 -0.00865578
8751 -0.0534515
8752 0.0419336
8753 -0.0142115
8754 -0.0289071
8755 -0.0228146
8756 -0.00655123
8757 -0.0214756
8758 -0.0177447
8759 0.00519349
8760 -0.0344781
8761 -0.0581298
8762 -0.0413271
8763 -0.0276834
8764 -0.0329741
8765 -0.073655
8766 -0.0442315
8767 -0.0329686
8768 -0.037228
8769 -0.00804085
8770 -0.00965849
8771 -0.0146173
8772 -0.00985867
8773 -0.0326515
8774 -0.0875365
8775 0.00685912
8776 -0.0962335
8777 0.00896811
8778 -0.0527518
8779 0.0251344
8780 -0.0387418
8781 -0.0612006
8782 -0.0193558
8783 -0.0160644
8784 -0.0583202
8785 -0.0762743
8786 0.0470689
8787 -0.00212733
8788 -0.0286302
8789 0.0253745
8790 -0.0826814
8791 0.0173484
8792 0.0398639
8793 -0.0679422
8794 -0.0285935
8795 0.00420236
8796 -0.019512
8797 -0.0616041
8798 -0.0413478
8799 -0.0166769
8800 0.0250733
8801 -0.0588369
8802 -0.0213089
8803 -0.0750785
8804 -0.0253248
8805 -0.0308996
8806 -0.00803481
8807 -0.0405896
8808 0.0220468
8809 0.00878764
8810 -0.0526706
8811 -0.0203003
8812 0.0139906
8813 0.00486068
8814 0.0222956
8815 -0.0446005
8816 -0.0550766
8817 -0.0355974
8818 0.00570429
8819 -0.0337558
8820 -0.0662582
8821 0.00230093
8822 0.00319037
8823 0.0160513
8824 -0.00852179
8825 -0.0203415
8826 -0.0754799
8827 -0.0545287
8828 -0.0198902
8829 -0.0370126
8830 -0.0483486
8831 0.00704949
8832 -0.0422341
8833 -0.015306
8834 -0.00627138
8835 -0.00832172
8836 -0.0452098
8837 0.0536884
8838 -0.00834211
8839 -0.0172399
8840 -0.0259894
8841 -0.0373612
8842 -0.053198
8843 -0.0315766
8844 0.0306862
8845 0.0244137
8846 -0.0293625
8847 0.000110977
8848 0.0313441
8849 0.0924098
8850 -0.0648716
8851 -0.0602077
8852 -0.000147782
8853 -0.0629353
8854 -0.0168835
8855 -0.0333865
8856 0.00277103
8857 -0.0539456
8858 0.00829268
8859 -0.0161898
8860 0.00545001
8861 -0.0170285
8862 -0.0241357
8863 0.0371993
8864 0.0468909
8865 -0.00993614
8866 -0.0324236
8867 0.0371168
8868 -0.0244868
8869 0.00151723
8870 -0.00121896
8871 -0.0139979
8872 0.00478847
8873 -0.0559304
8874 0.033672
8875 -0.0321691
8876 -0.0287523
8877 -0.0300841
8878 -0.0178384
8879 0.00487427
8880 -0.0874537
8881 -0.0363526
8882 -0.0370132
8883 -0.0265766
8884 -0.0285526
8885 -0.0375874
8886 -0.0980067
8887 -0.0297493
8888 0.00392791
8889 -0.0456336
8890 0.00126654
8891 -0.0380243
8892 -0.0393851
8893 -0.024132
8894 0.0403147
8895 0.011404
8896 0.0191812
8897 -0.0350498
8898 -0.039525
8899 -0.0143332
8900 -0.032326
8901 -0.108594
8902 -0.0433903
8903 0.0358302
8904 0.0884998
8905 -0.0251821
8906 -0.00536479
8907 -0.0277977
8908 -0.0278393
8909 0.043378
8910 -0.0486188
8911 0.0130012
8912 0.0150308
8913 -0.00826132
8914 -0.0488739
8915 -0.0577329
8916 -0.0012738
8917 0.00308751
8918 -0.0277229
8919 -0.0257483
8920 0.00194075
8921 -0.0359188
8922 -0.0226423
8923 -0.0306485
8924 -0.043237
8925 -0.0117962
8926 -0.0610907
8927 -0.0163928
8928 0.00863787
8929 -0.0370666
8930 -0.059783
8931 -0.0224342
8932 0.0176157
8933 0.00887791
8934 -0.0555624
8935 0.0296374
8936 -0.00162206
8937 -0.0983513
8938 0.0075213
8939 -0.0266179
8940 -0.0287315
8941 0.0269954
8942 -0.0995612
8943 -0.0430432
8944 -0.0284021
8945 -0.00508535
8946 -0.0191362
8947 -0.0345273
8948 -0.0477978
8949 -0.0704622
8950 0.0133106
8951 -0.0450494
8952 -0.0450741
8953 -0.00724371
8954 -0.0286986
8955 -0.0590261
8956 -0.00646633
8957 -0.0515908
8958 0.0192595
8959 -0.00687216
8960 -0.00359612
8961 -0.0416753
8962 -0.0325831
8963 0.00461473
8964 -0.0496996
8965 0.00338674
8966 -0.0422002
8967 0.0161079
8968 -0.018549
8969 -0.0367928
8970 -0.0847812
8971 -0.0010117
8972 -0.0143473
8973 -0.0149006
8974 -0.0756162
8975 -0.0275627
8976 -0.0124119
8977 -0.00636186
8978 0.0403513
8979 -0.0389816
8980 0.01305
8981 -0.0397345
8982 0.00522146
8983 -0.00764628
8984 0.0297988
8985 0.0176434
8986 -0.0214976
8987 -0.0413618
8988 -0.0490762
8989 -0.0147393
8990 -0.0512752
8991 -0.000508403
8992 -0.0158066
8993 -0.0328282
8994 -0.0244063
8995 -0.0253825
8996 -0.0412444
8997 -0.0264739
8998 -0.0248117
8999 -0.0757341
9000 -0.0339242
