1 0.0349994
2 -0.0682438
3 -0.0210903
4 -0.00253747
5 -0.0434056
6 -0.00788494
7 -0.0352216
8 -0.0479566
9 -0.0417049
10 -0.026287
11 -0.0126195
12 -0.0221898
13 -0.0419323
14 -0.0271601
15 -0.0139727
16 -0.0810111
17 0.0134531
18 -0.0643831
19 0.0020193
20 0.0165906
21 0.00580312
22 -0.0227232
23 0.00197123
24 -0.0362081
25 -0.0912467
26 0.00889164
27 -0.0216894
28 -0.0433549
29 -0.0313245
30 0.00784096
31 -0.0882144
32 0.0216821
33 -0.00307965
34 -0.0268007
35 -0.084593
36 -0.0256222
37 -0.0276035
38 -0.0170702
39 -0.0121058
40 -0.0525827
41 -0.0507962
42 -0.00498758
43 -0.0400703
44 0.0225239
45 -0.0572636
46 0.00436807
47 -0.0344242
48 -0.0463411
49 -0.0533911
50 -0.0815123
51 -0.0380737
52 -0.0229908
53 -0.0142569
54 0.00243654
55 0.00654268
56 -0.0316236
57 -0.0161656
58 -0.0469945
59 -0.00595353
60 0.00164436
61 -0.0449342
62 -0.0502265
63 -0.0116976
64 0.00406562
65 -0.0348658
66 0.0309132
67 -0.0136034
68 0.031107
69 -0.045235
70 -0.0546232
71 -0.0274713
72 -0.0238749
73 -0.041894
74 -0.0262913
75 0.0349325
76 -0.010553
77 -0.0466225
78 -0.0813898
79 -0.0480018
80 0.0270452
81 -0.0237969
82 0.0136362
83 -0.0255085
84 -0.0529355
85 0.0108668
86 -0.0329186
87 -0.0164448
88 -0.0431113
89 -0.0147175
90 0.0310273
91 -0.0310422
92 0.000303335
93 -0.0396669
94 -0.0173946
95 -0.0325212
96 -0.0140689
97 -0.00873806
98 -0.0322068
99 -0.0526118
100 -0.0021868
101 -0.0128863
102 -0.0130371
103 -0.0210791
104 -0.0280424
105 -0.0580705
106 -0.0501384
107 -0.0208724
108 0.0430911
109 0.0126096
110 0.0101308
111 0.0295787
112 -0.0776426
113 -0.00845216
114 0.0193449
115 -0.0574913
116 -0.0432889
117 -0.0151665
118 -0.0491083
119 -0.015977
120 -0.0497639
121 -0.010804
122 0.00104398
123 -0.0068991
124 0.00682668
125 0.0528392
126 -0.0314089
127 0.0135402
128 -0.0263719
129 -0.0429475
130 -0.0317792
131 -0.0390138
132 0.00051508
133 0.00685503
134 -0.0657657
135 -0.0165211
136 0.00443437
137 -0.0521638
138 -0.102186
139 -0.0158661
140 -0.0618099
141 -0.00191579
142 -0.00433417
143 -0.080573
144 -0.0414863
145 -0.0466279
146 -0.0333034
147 -0.0498787
148 -0.0054648
149 -0.0320718
150 -0.0100764
151 0.0234403
152 -0.0230613
153 -0.0107482
154 -0.00802889
155 -0.00407669
156 -0.0046111
157 -0.032528
158 -0.0322762
159 0.0103597
160 -0.00828226
161 -0.0182626
162 -0.0244419
163 -0.0256775
164 0.0205243
165 -0.0498113
166 -0.0198902
167 -0.00881553
168 0.0031628
169 -0.0426399
170 -0.0816319
171 -0.00705143
172 0.0179541
173 -0.00479443
174 0.0051893
175 -0.0637261
176 -0.0168644
177 -0.0594675
178 -0.0301785
179 0.0170006
180 -0.0406488
181 -0.086763
182 5.40367e-05
183 -0.0610986
184 -0.0317671
185 0.0066204
186 -0.0248669
187 -0.00427594
188 0.0107703
189 -0.044452
190 -0.0713261
191 -0.0708093
192 -0.0649773
193 -0.0298342
194 -0.0373428
195 -0.051677
196 0.00938724
197 -0.0167537
198 -0.0450037
199 0.0686079
200 0.000740165
201 0.0207874
202 0.0167455
203 0.0302767
204 0.0252564
205 -0.0636431
206 -0.0869522
207 0.0131857
208 0.0305718
209 -0.0168984
210 -0.0629199
211 -0.0478738
212 -0.0364139
213 0.00629831
214 -0.0669367
215 0.0279362
216 -0.00236544
217 -0.0515971
218 0.0337137
219 0.0235138
220 -0.00326032
221 -0.0165393
222 0.00137038
223 -0.00393238
224 -0.0328108
225 -0.111563
226 -0.0580585
227 -0.000853477
228 0.0194051
229 0.0184795
230 -0.0378596
231 -0.0248447
232 -0.0682047
233 -0.0610663
234 -0.0277504
235 -0.0480462
236 -0.0595911
237 0.0216095
238 -0.057407
239 -0.0263376
240 -0.00413787
241 -0.0276868
242 0.0234874
243 -0.0367676
244 0.023314
245 -0.0339803
246 -0.0334166
247 -0.0035219
248 -0.0269145
249 -0.0345871
250 -0.0288779
251 -0.0514173
252 -0.0304504
253 -0.0894939
254 -0.0350149
255 -0.0437234
256 -0.0344207
257 -0.0314159
258 -0.0215217
259 -0.0111077
260 -0.019294
261 -0.0243592
262 -0.000989122
263 0.0136652
264 0.0103597
265 -0.0608809
266 -0.0294572
267 -0.0649736
268 -0.0353575
269 -0.00883864
270 -0.0557624
271 -0.0123747
272 0.0228115
273 0.0046376
274 0.0225815
275 -0.0110304
276 -0.0432153
277 -0.0320041
278 0.00214216
279 -0.0191073
280 -0.0351735
281 0.0289577
282 -0.0248622
283 -0.0319719
284 -0.0174706
285 0.0192003
286 -0.011801
287 -0.0531753
288 0.0115307
289 -0.0633247
290 -0.0185345
291 -0.0310653
292 -0.0291158
293 -0.0464119
294 -0.0313077
295 -0.0195948
296 -0.0132761
297 -0.00502666
298 0.00312407
299 0.00822504
300 -0.0259239
301 0.0170779
302 -0.0162485
303 0.0148439
304 -0.00297261
305 -0.0789866
306 -0.0297326
307 0.00923792
308 0.0217634
309 -0.0600086
310 -0.0707461
311 -0.00940351
312 -0.0277751
313 -0.0205681
314 -0.0333702
315 -0.040254
316 -0.0559059
317 -0.036456
318 -0.0325667
319 0.0317351
320 -0.0448196
321 -0.00568702
322 -0.0686467
323 -0.00469166
324 -0.0426469
325 -0.0277784
326 0.0183134
327 -0.0313168
328 -0.0111903
329 -0.0166042
330 -0.0342788
331 -0.0551859
332 -0.0329002
333 -0.0618414
334 0.00121839
335 -0.00681497
336 -0.028708
337 -0.0280212
338 -0.0196583
339 0.0239386
340 -0.0160701
341 -0.0268863
342 -0.037595
343 -0.017553
344 -0.00265317
345 -0.0441748
346 -0.0667554
347 -0.0315244
348 0.0411131
349 0.0155728
350 0.0458365
351 -0.0145628
352 -0.0684513
353 0.014376
354 -0.0382234
355 -0.0612261
356 -0.0515857
357 0.00563785
358 -0.0290192
359 -0.0543457
360 -0.0449438
361 -0.0272842
362 -0.0274106
363 0.060945
364 -0.0157969
365 -0.0146796
366 0.00518972
367 -0.0415025
368 -0.0625138
369 -0.0237068
370 -0.0281261
371 -0.00224306
372 0.0132502
373 0.00527045
374 0.00939695
375 -0.0247472
376 0.0553484
377 -0.056789
378 -0.00408568
379 0.00959773
380 0.0342224
381 0.0193089
382 -0.0359675
383 -0.0586319
384 0.0512998
385 -0.000966865
386 -0.00451784
387 -0.0120839
388 -0.041799
389 -0.0423458
390 -0.00527981
391 -0.0201926
392 -0.0538887
393 -0.0545456
394 0.00713106
395 -0.0615833
396 -0.0458811
397 -0.0276343
398 -0.00219345
399 -0.0278567
400 -0.0147402
401 -0.0366562
402 -0.0372613
403 0.0134266
404 -0.0147241
405 0.0193714
406 0.00011329
407 -0.0384537
408 0.0147052
409 -0.0197377
410 0.0515141
411 0.0408313
412 -0.0118714
413 0.00960515
414 -0.0125034
415 0.00173748
416 -0.00239426
417 -0.0143271
418 -0.015488
419 0.0274903
420 -0.0988467
421 -0.00819248
422 0.0306922
423 -0.0594387
424 -0.0569244
425 0.00664678
426 0.00422328
427 0.0144681
428 0.0331242
429 -0.0755657
430 0.0142144
431 -0.0248941
432 -0.0692303
433 -0.00105207
434 -0.0562146
435 -0.0224563
436 -0.0733239
437 -0.0086243
438 -0.0417119
439 0.0144248
440 -0.0532584
441 -0.0289744
442 0.0184915
443 -0.0541337
444 -0.067741
445 -0.0167775
446 -0.0223783
447 -0.0472114
448 0.0369521
449 -0.0306415
450 -0.00649826
451 -0.0705206
452 0.0138223
453 -0.0102989
454 -0.0119591
455 -0.0526869
456 -0.0460911
457 -0.0401102
458 0.00583486
459 0.00386392
460 -0.00960577
461 0.0159527
462 0.0138168
463 -0.0421929
464 -0.0106444
465 -0.0261638
466 -0.0256568
467 -0.0114773
468 -0.0253597
469 0.0170992
470 -0.0328536
471 -0.0076185
472 -0.0304698
473 -0.0059162
474 -0.0462667
475 -0.00490881
476 0.0144731
477 -0.0545128
478 0.0178892
479 -0.036856
480 -0.0170373
481 -0.000716395
482 -0.00978969
483 0.0297634
484 -0.0666828
485 -0.0347081
486 -0.0421288
487 0.0056671
488 -0.00370081
489 0.0159246
490 -0.0349032
491 -0.0347316
492 -0.0321789
493 0.0199757
494 -0.0604817
495 -0.0012702
496 0.0258885
497 -0.0121404
498 -0.0118523
499 -0.0824356
500 -0.0944058
501 -0.0435413
502 -0.0351744
503 -0.0332692
504 -0.0542006
505 -0.0487903
506 0.0145784
507 -0.00953524
508 0.0106343
509 -0.032644
510 0.00649055
511 -0.0578509
512 -0.0752503
513 -0.0304679
514 0.00494824
515 -0.0158519
516 -0.0081417
517 -0.0564247
518 0.0795018
519 -0.0395515
520 -0.0412378
521 -0.0338235
522 0.0483558
523 -0.0220157
524 -0.00961934
525 0.00712264
526 0.0372612
527 -0.0506075
528 -0.111641
529 -0.0397477
530 -0.0271997
531 -0.0910712
532 -0.0395399
533 -0.0148623
534 0.0222985
535 0.0140556
536 0.00228726
537 -0.0497749
538 -0.0307621
539 -0.0161484
540 0.00933048
541 -0.0350908
542 -0.056245
543 -0.0369305
544 0.0119919
545 -0.0544405
546 0.0239297
547 -0.0400109
548 -0.0685126
549 -0.0159557
550 -0.0334368
551 -0.0492561
552 -0.00662164
553 -0.0664734
554 -0.0194449
555 -0.012341
556 -0.0224676
557 -0.0141731
558 0.0348121
559 0.0107339
560 -0.0279048
561 0.0384819
562 -0.0157652
563 -0.051577
564 0.00173007
565 -0.0322984
566 0.0278346
567 0.0311138
568 -0.032731
569 0.0283485
570 -0.074085
571 -0.0265973
572 -0.0634484
573 -0.0790111
574 -0.0493284
575 -0.0197771
576 -0.0461718
577 0.0190955
578 -0.00631757
579 0.0298943
580 -0.0142758
581 -0.0244282
582 -0.00475748
583 0.0116664
584 0.00139751
585 0.0466708
586 0.0341878
587 -0.024718
588 -0.0518405
589 0.00305315
590 -0.0502399
591 -0.0273955
592 -0.0143594
593 -0.0376998
594 -0.0509935
595 -0.0176722
596 0.0367617
597 -0.0039496
598 -0.0116239
599 -0.0235434
600 -0.0193963
601 -0.0451672
602 -0.0218023
603 -0.0411982
604 -0.0229713
605 -0.0235166
606 -0.0129478
607 -0.0425827
608 0.0136615
609 -0.0137211
610 -0.0246558
611 0.0210273
612 -0.0431092
613 -0.0266298
614 -0.0236854
615 0.0125421
616 -0.0366213
617 -0.0166331
618 -0.0119877
619 -0.0796493
620 -0.0423805
621 -0.0997533
622 -0.0104179
623 0.0355978
624 -0.0687651
625 0.0750971
626 -0.0218368
627 0.0232045
628 -0.0173971
629 -0.0353242
630 -0.0202305
631 -0.0267345
632 -0.0599692
633 0.00990768
634 -0.0556093
635 0.0269347
636 -0.0576084
637 -0.0636989
638 0.0309736
639 -0.0222726
640 -0.0770497
641 -0.0455353
642 0.0104999
643 -0.0439079
644 -0.0515284
645 -0.0307029
646 -0.0920197
647 0.0261789
648 0.0102917
649 -0.0387893
650 -0.0347432
651 0.0015083
652 -0.0194367
653 -0.0489093
654 -0.0155427
655 -0.0100606
656 -0.0115575
657 -0.0281221
658 -0.0140505
659 0.0353603
660 -0.0970263
661 -0.00169438
662 0.0250771
663 -0.0407056
664 -0.040488
665 -0.0244958
666 -0.0451334
667 0.0263607
668 -0.00694016
669 -0.0311075
670 -0.0439704
671 -0.0337957
672 -0.0529609
673 -0.0139616
674 -0.0419382
675 -0.0327478
676 0.0352826
677 -0.0386845
678 -0.000517253
679 -0.0246826
680 -0.00933775
681 -0.0418255
682 -0.0171089
683 -0.00872594
684 -0.0130231
685 -0.0380875
686 -0.0380886
687 -0.00049258
688 -0.0367248
689 -0.0348518
690 -0.0183263
691 0.0203364
692 -0.0491596
693 -0.0397816
694 -0.0551612
695 -0.0367274
696 -0.00326235
697 -0.0438028
698 -0.00252396
699 0.0149976
700 -0.0320454
701 -0.0457136
702 -0.0500597
703 0.0172171
704 0.0284302
705 0.0333695
706 -0.0202082
707 -0.0544817
708 -0.048508
709 -0.0519805
710 0.00455274
711 0.0203499
712 -0.0403535
713 0.00531873
714 -0.0688184
715 -0.0394422
716 0.00727765
717 -0.0259177
718 0.0196072
719 0.0158275
720 -0.0843483
721 0.00905312
722 -0.0421424
723 -0.028146
724 0.0124864
725 -0.024372
726 0.00673049
727 -0.00891113
728 -0.0148099
729 0.0297361
730 0.0515325
731 -0.00782265
732 -0.0319454
733 -0.0240003
734 -0.00662022
735 -0.0739916
736 -0.000497273
737 -0.0280391
738 -0.0249201
739 -0.06477
740 -0.025695
741 0.0375318
742 -0.0759067
743 -0.0980595
744 -0.0276891
745 -0.0115142
746 0.0203018
747 -0.0485062
748 -0.0247352
749 0.0216674
750 -0.0100793
751 0.013535
752 -0.0290909
753 -0.0509895
754 -0.0170778
755 0.00531838
756 -0.0238405
757 0.00332904
758 -0.0332802
759 0.0140296
760 0.0211305
761 -0.00373114
762 -0.0425067
763 -0.033341
764 -0.0472492
765 -0.0478422
766 -0.0131078
767 -0.0130796
768 -0.00136207
769 -0.0397426
770 -0.0663426
771 -0.038956
772 -0.0361097
773 -0.0034131
774 0.0242544
775 -0.0511821
776 -0.000705925
777 0.0811128
778 -0.0406213
779 -0.000533917
780 -0.00833538
781 0.0357708
782 0.0225232
783 0.034738
784 -0.0392591
785 -0.0938698
786 -0.0178254
787 -0.0301244
788 0.00533874
789 -0.0500619
790 0.0245541
791 -0.0487697
792 -0.0619977
793 -0.00913861
794 -0.029715
795 -0.0248069
796 0.00760789
797 -0.0112381
798 -0.0546358
799 -0.074625
800 -0.0112018
801 -0.0207452
802 -0.0414406
803 -0.0694963
804 0.0174261
805 -0.0380383
806 -0.0374071
807 -0.0923311
808 0.00228814
809 -0.0168452
810 0.00362585
811 0.0257246
812 -0.0522818
813 -0.00611637
814 0.0415711
815 -0.0198713
816 -0.0572333
817 -0.0474625
818 0.00361816
819 0.00472188
820 -0.00877468
821 -0.0680359
822 -0.000875795
823 -0.0470941
824 -0.0249706
825 -0.0237114
826 -0.0152958
827 -0.0697744
828 -0.0449314
829 0.0331141
830 -0.0299779
831 -0.00832669
832 -0.0266669
833 0.00843235
834 0.0222566
835 0.0133096
836 0.0063268
837 -0.0878176
838 0.0129406
839 -0.0517982
840 -0.00913119
841 -0.0365834
842 0.00247577
843 -0.0818218
844 -0.0585872
845 -0.0165674
846 -0.00895507
847 -0.00581002
848 -0.0294086
849 0.0127257
850 -0.0521905
851 -0.0159516
852 -0.0930055
853 0.00431317
854 -0.0239037
855 -0.06152
856 -0.0285797
857 -0.0416353
858 -0.00065023
859 0.0303761
860 0.0293386
861 0.0107461
862 -6.577e-05
863 0.0204012
864 -0.00835929
865 0.00657876
866 -0.0687591
867 0.0243032
868 -0.00825236
869 -0.0374811
870 -0.114393
871 -0.0494012
872 -0.0243759
873 -0.0686643
874 -0.0366847
875 -0.0150452
876 -0.00692302
877 -0.0192455
878 -0.0375152
879 -0.0220876
880 0.023483
881 -0.0212173
882 -0.00312013
883 -0.0784669
884 -0.0165203
885 0.00551996
886 0.00922787
887 -0.0353529
888 -0.0693715
889 0.00866919
890 -0.0183701
891 -0.00407183
892 0.0371779
893 -0.00176273
894 -0.0578396
895 -0.0361005
896 -0.00596524
897 -0.0875877
898 -0.0470435
899 0.00164582
900 -0.0581214
901 -0.0539703
902 0.0485972
903 -0.0181068
904 -0.0109252
905 -0.0171001
906 0.00420942
907 -0.0560944
908 0.031539
909 -0.0332898
910 -0.0188889
911 -0.040378
912 -0.00335642
913 -0.0538154
914 -0.0448454
915 0.0236499
916 -0.0770001
917 0.0057626
918 -0.0483382
919 -0.0336046
920 -0.0328179
921 -0.0396993
922 -0.0332331
923 0.0361796
924 -0.0263562
925 -0.0413361
926 -0.0135054
927 -0.0420669
928 -0.0734517
929 0.00970265
930 -0.0179408
931 -0.0202181
932 0.0573969
933 0.00835614
934 -0.0357579
935 -0.0599231
936 -0.0295109
937 -0.0626958
938 -0.062313
939 0.0226076
940 -0.00401893
941 -0.0229741
942 -0.00436822
943 -0.033563
944 -0.0604118
945 -0.0301452
946 -0.0226343
947 -0.097787
948 -0.0234435
949 0.0278205
950 0.0316593
951 -0.0788894
952 -0.000838817
953 -0.0017538
954 -0.0181793
955 -0.0279833
956 0.00960205
957 0.0428358
958 -0.029731
959 0.0509596
960 0.0065852
961 -0.0159041
962 0.0128079
963 -0.00859771
964 0.0314982
965 0.0674605
966 -0.0154349
967 -0.0134337
968 0.0138889
969 -0.00321176
970 -0.0656469
971 -0.0242796
972 0.00111992
973 -0.0568922
974 -0.0107108
975 0.0197769
976 -9.01133e-05
977 -0.0599819
978 0.0117587
979 0.0299611
980 -0.0621727
981 -0.0656267
982 -0.0311422
983 -0.00867912
984 0.00629678
985 -0.0398554
986 0.0265124
987 -0.0514403
988 -0.0307475
989 -0.0286956
990 -0.0785294
991 -0.031185
992 -0.0756423
993 -0.0514537
994 -0.0206697
995 0.0260509
996 -0.0381423
997 -0.0119336
998 -0.0716674
999 -0.0106926
1000 0.0351333
