1001 -0.0100859
1002 -0.0218436
1003 -0.0367937
1004 -0.036682
1005 -0.0305924
1006 0.00230894
1007 -0.014528
1008 -0.0801673
1009 0.0272491
1010 -0.0744615
1011 -0.00799066
1012 -0.0883552
1013 -0.00901827
1014 -0.0667476
1015 -0.00583049
1016 -0.0297178
1017 0.0121342
1018 -0.00433944
1019 -0.0440104
1020 0.00395875
1021 0.00378155
1022 -0.023739
1023 -0.0373962
1024 -0.0769243
1025 -0.067994
1026 -0.0236274
1027 -0.0406749
1028 -0.00117001
1029 -0.0408335
1030 -0.0694805
1031 -0.0330791
1032 -0.079316
1033 -0.0573497
1034 0.0184855
1035 -0.0332351
1036 -0.0675551
1037 -0.0427647
1038 -0.040457
1039 0.00177039
1040 -0.00255572
1041 0.0137997
1042 -0.0359798
1043 -0.0735372
1044 0.000294877
1045 -0.0102524
1046 -0.0341223
1047 0.0311834
1048 -0.00549275
1049 0.0185981
1050 -0.0783346
1051 0.0156848
1052 -0.0134746
1053 -0.0212563
1054 -0.0170355
1055 -0.0031401
1056 -0.00989401
1057 0.0284561
1058 -0.0405232
1059 0.0642298
1060 -0.027869
1061 0.0322927
1062 0.0272548
1063 -0.0158485
1064 -0.0271401
1065 -0.0661453
1066 0.00369458
1067 0.0316831
1068 -0.0175344
1069 0.016674
1070 -0.00877006
1071 0.0295167
1072 -0.00085881
1073 -0.0121324
1074 -0.0766331
1075 0.0135085
1076 0.0120948
1077 -0.0803727
1078 -0.003887
1079 0.0195121
1080 0.0241968
1081 -0.0403892
1082 -0.0354835
1083 -0.0940921
1084 -0.0778528
1085 0.01146
1086 -0.056353
1087 0.0107378
1088 -0.00287222
1089 -0.114119
1090 -0.0800165
1091 -0.0395868
1092 -0.0509578
1093 -0.0515081
1094 -0.0857236
1095 -0.054864
1096 -0.0359505
1097 -0.0778905
1098 0.00293054
1099 -0.0524573
1100 -0.0224513
1101 0.0263739
1102 0.0491385
1103 0.0118579
1104 -0.00807295
1105 -0.042349
1106 -0.100896
1107 -0.0679426
1108 -0.01405
1109 -0.00663262
1110 -0.0318962
1111 -0.0202114
1112 -0.0128976
1113 -0.0194536
1114 -0.0568041
1115 -0.0460229
1116 -0.0244002
1117 -0.0484473
1118 -0.0553572
1119 -0.0530987
1120 0.00391146
1121 0.0580764
1122 -0.0908798
1123 -0.0105812
1124 -0.0229572
1125 -0.0319406
1126 0.0117917
1127 -0.027482
1128 -0.0292883
1129 -0.065785
1130 0.00790092
1131 -0.0123378
1132 0.020236
1133 -0.0372743
1134 -0.063424
1135 -0.0241192
1136 -0.0288156
1137 -0.00971208
1138 -0.0296764
1139 -0.024341
1140 -0.0500667
1141 0.00438741
1142 -0.0459702
1143 -0.0167958
1144 0.00484398
1145 0.0111946
1146 0.00978707
1147 -0.0751958
1148 -0.0853504
1149 0.00447297
1150 0.0370677
1151 -0.0557749
1152 -0.0168865
1153 -0.0163322
1154 0.016577
1155 -0.0113002
1156 -0.0196678
1157 -0.083332
1158 -0.0435395
1159 -0.0553182
1160 -0.0256789
1161 -0.00399389
1162 0.0724968
1163 -0.00711953
1164 -0.0363293
1165 -0.0364226
1166 -0.0466723
1167 0.00379101
1168 -0.0577561
1169 0.0143193
1170 0.0155358
1171 -0.0640822
1172 0.028789
1173 -0.0550284
1174 0.0461677
1175 0.0297586
1176 0.0247962
1177 0.0341833
1178 0.0265432
1179 -0.0916967
1180 -0.00194907
1181 -0.0297429
1182 0.00819695
1183 -0.0503998
1184 -0.0515575
1185 0.0372417
1186 -0.0741685
1187 -0.0290364
1188 -0.0194186
1189 -0.030748
1190 0.00120422
1191 -0.0399749
1192 -0.006091
1193 0.0616645
1194 0.00340957
1195 0.0184189
1196 -0.00990147
1197 -0.0227104
1198 -0.0321028
1199 -0.0277803
1200 -0.00597597
1201 -0.0296326
1202 -0.0621378
1203 0.00448022
1204 -0.0496712
1205 0.0232859
1206 0.0119565
1207 -0.00801821
1208 -0.0316452
1209 0.00438763
1210 -0.0162868
1211 0.0257798
1212 0.0233491
1213 -0.00746061
1214 -0.0282921
1215 -0.0138752
1216 -0.0414771
1217 -0.0749366
1218 -0.00908697
1219 -0.0621288
1220 -0.00807512
1221 0.0436661
1222 -0.0159322
1223 -0.0323596
1224 -0.0284367
1225 -0.0216229
1226 0.0194601
1227 -0.0138323
1228 -0.02984
1229 -0.0196657
1230 -0.01811
1231 -0.00923792
1232 -0.00349616
1233 0.0121396
1234 -0.0220103
1235 -0.0228194
1236 -0.0389987
1237 -0.0796588
1238 -0.0158322
1239 -0.0153302
1240 0.0150254
1241 -0.0139264
1242 0.0183971
1243 -0.0480335
1244 -0.00224502
1245 -0.0150068
1246 -0.0843128
1247 -0.00427773
1248 -0.0391505
1249 -0.0653126
1250 -0.0231981
1251 -0.0690275
1252 -0.0501151
1253 -0.0393357
1254 -0.023738
1255 0.0033565
1256 0.00658009
1257 0.0189578
1258 -0.0736658
1259 0.0127756
1260 -0.0126691
1261 -0.0662528
1262 -0.023639
1263 -0.0320205
1264 -0.0709328
1265 0.0260692
1266 -0.00863763
1267 -0.019648
1268 -0.0685305
1269 -0.0203757
1270 0.0433967
1271 0.0203323
1272 0.010087
1273 -0.0319433
1274 0.0131077
1275 0.0608552
1276 -0.0151156
1277 -0.00596513
1278 0.0265159
1279 -0.0236382
1280 -0.0038683
1281 -0.0442487
1282 -0.0634865
1283 -0.0187941
1284 -0.00934238
1285 -0.026263
1286 -0.0943756
1287 -0.0914199
1288 -0.0165256
1289 0.00598906
1290 -0.0286044
1291 -0.0294458
1292 -0.0742121
1293 -0.0306396
1294 -0.029671
1295 0.0548359
1296 0.0125924
1297 -0.030679
1298 -0.0249058
1299 0.0123459
1300 -0.0402441
1301 0.020129
1302 0.0245806
1303 -0.0271319
1304 -0.0375313
1305 0.0372164
1306 -0.0278283
1307 -0.0593628
1308 -0.0458212
1309 -0.0460734
1310 -0.0234721
1311 0.017196
1312 0.0276185
1313 -0.0275186
1314 -0.0511179
1315 -0.0654896
1316 -0.0212318
1317 -0.0302383
1318 -0.0113162
1319 -0.0148965
1320 0.0422325
1321 -0.0545285
1322 -0.0416133
1323 -0.0128535
1324 -0.021042
1325 0.0240769
1326 0.0333299
1327 -0.0608244
1328 0.00341614
1329 -0.0146737
1330 0.0243406
1331 -0.0497482
1332 0.0101615
1333 -0.0251949
1334 -0.0448192
1335 -0.011899
1336 -0.00548109
1337 -0.031571
1338 -0.0733154
1339 -0.0570297
1340 -0.00166822
1341 0.0244297
1342 -0.018979
1343 -0.0191014
1344 0.0220406
1345 -0.0588087
1346 0.0254161
1347 -0.0106436
1348 -0.100361
1349 -0.0184518
1350 -0.0283721
1351 -0.0594048
1352 -0.0361378
1353 -0.0198389
1354 -0.00628716
1355 -0.054988
1356 0.00172012
1357 -0.0651782
1358 -0.0254351
1359 -0.0426748
1360 -0.0881202
1361 -0.0859496
1362 -0.0250948
1363 0.0190979
1364 -0.0327237
1365 -0.0550336
1366 -0.0570415
1367 -0.0712527
1368 -0.033738
1369 0.00407032
1370 0.0176733
1371 -0.0268625
1372 -0.0229974
1373 -0.0519256
1374 -0.00680386
1375 -0.00884407
1376 -0.0565149
1377 -0.0483194
1378 -0.0309534
1379 -0.0479155
1380 -0.00207721
1381 -0.00348167
1382 -0.0388939
1383 -0.0344154
1384 -0.0417615
1385 0.0137737
1386 -0.00550204
1387 -0.0454063
1388 -0.00883177
1389 -0.0242881
1390 -0.0455007
1391 0.00573208
1392 0.00486131
1393 -0.0623977
1394 -0.0418479
1395 -0.0159641
1396 -0.0139764
1397 0.0225564
1398 -0.0592939
1399 0.0122384
1400 0.0168587
1401 -0.0660494
1402 0.0238112
1403 -0.0158937
1404 -0.0235642
1405 -0.0660071
1406 -0.0645061
1407 -0.0591266
1408 0.0232639
1409 0.0176951
1410 -0.0105005
1411 -0.00442794
1412 -0.00315471
1413 -0.0543698
1414 0.0184072
1415 -0.0437569
1416 -0.0394309
1417 -0.0167344
1418 -0.0307814
1419 0.00304398
1420 -0.00974053
1421 -0.066934
1422 -0.0030796
1423 -0.0316906
1424 -0.0255273
1425 -0.042884
1426 0.0224132
1427 0.0446553
1428 -0.033239
1429 -0.0476996
1430 0.029563
1431 -0.0273024
1432 0.021827
1433 -0.0539022
1434 -0.0070677
1435 -0.0172578
1436 -0.0577336
1437 -0.0148756
1438 -0.0657248
1439 -0.01406
1440 -0.0681275
1441 0.00385958
1442 -0.0835058
1443 -0.0624309
1444 -0.0161895
1445 0.0409798
1446 0.0206328
1447 0.0182368
1448 -0.0695471
1449 -0.014982
1450 -0.0529355
1451 0.00837837
1452 -0.0191843
1453 -0.0641107
1454 -0.0329978
1455 -0.0254018
1456 0.0196198
1457 -0.0419882
1458 -0.0166356
1459 -0.0290451
1460 0.0253994
1461 -0.00168939
1462 0.0200443
1463 -0.0507215
1464 -0.056505
1465 -0.059475
1466 -0.00071542
1467 0.0035228
1468 -0.0425842
1469 0.0180134
1470 -0.0336793
1471 0.0230884
1472 -0.0346638
1473 0.0112587
1474 0.0056671
1475 -0.0577788
1476 -0.0523963
1477 0.00890547
1478 -0.078619
1479 0.00747069
1480 0.00454595
1481 0.00016092
1482 -0.0234794
1483 0.0109552
1484 -0.0262474
1485 -0.0347976
1486 -0.0379444
1487 -0.0172394
1488 -0.0099014
1489 -0.0733387
1490 -0.00232424
1491 -0.00718007
1492 -0.00543219
1493 -0.0744937
1494 -0.0754957
1495 -0.0138417
1496 -0.110646
1497 -0.0610706
1498 -0.105118
1499 -0.0308458
1500 -0.0288711
1501 -0.000150938
1502 -0.031674
1503 -0.0378014
1504 -0.100787
1505 -0.0397265
1506 0.0121342
1507 -0.0183662
1508 -0.0211375
1509 -0.0414099
1510 0.0300079
1511 -0.00210295
1512 -0.0500445
1513 -0.0126871
1514 -0.0670987
1515 -0.0610031
1516 -0.0277106
1517 -0.0752364
1518 0.0123421
1519 0.00675604
1520 0.0209984
1521 -0.0554706
1522 -0.018691
1523 -0.0147731
1524 -0.0152023
1525 0.0128737
1526 0.0431585
1527 -0.0335603
1528 0.0196214
1529 -0.0387109
1530 -0.0728512
1531 -0.0539354
1532 0.00506919
1533 -0.0211494
1534 -0.0467246
1535 -0.0130528
1536 0.0146494
1537 -0.0286793
1538 -0.030377
1539 -0.0047474
1540 -0.00378017
1541 0.00646274
1542 -0.0262396
1543 -0.000535312
1544 -0.0196348
1545 -0.035569
1546 -0.0395576
1547 -0.0179319
1548 -0.0463822
1549 0.044332
1550 0.0392954
1551 -0.00266533
1552 0.0251224
1553 -0.0151861
1554 0.00201807
1555 -0.0402731
1556 -0.0112729
1557 -0.036143
1558 -0.0220107
1559 -0.0372119
1560 -0.0673017
1561 0.0241553
1562 -0.0288617
1563 -0.069647
1564 -0.0493106
1565 0.0356074
1566 -0.0266255
1567 -0.0344536
1568 0.00966665
1569 -0.00786505
1570 0.0107103
1571 -0.0136021
1572 0.00365514
1573 -0.0358307
1574 0.0176207
1575 -0.0507606
1576 -0.0196461
1577 -0.0570808
1578 0.0023281
1579 0.0180129
1580 0.00928033
1581 -0.0222901
1582 0.00304182
1583 -0.00536413
1584 -0.00916365
1585 -0.0491716
1586 -0.0222099
1587 -0.00425622
1588 0.019457
1589 0.0303474
1590 0.0133522
1591 -0.0467791
1592 -0.0359031
1593 -0.0356322
1594 0.00620494
1595 -0.0724785
1596 -0.082015
1597 0.00733071
1598 -0.00194713
1599 -0.0185946
1600 -0.0227584
1601 -0.0725727
1602 -0.0489915
1603 -0.0220573
1604 -0.0272266
1605 0.00881947
1606 0.0203691
1607 -0.0495104
1608 -0.00109547
1609 -0.048431
1610 -0.0342223
1611 -0.0327307
1612 -0.0159275
1613 -0.0272469
1614 -0.0222771
1615 -0.0248458
1616 0.0124536
1617 -0.0272498
1618 -0.00155252
1619 -0.0552502
1620 -0.021115
1621 -0.0286732
1622 -0.0494718
1623 -0.039147
1624 -0.0649424
1625 0.0229314
1626 -0.0430825
1627 0.0154017
1628 -0.0136838
1629 -0.0285385
1630 -0.0504392
1631 -0.00974693
1632 -0.0722513
1633 -0.0534799
1634 0.00100723
1635 -0.0896965
1636 0.0135524
1637 0.047263
1638 -0.0452532
1639 0.00416183
1640 -0.0313201
1641 -0.00440232
1642 0.00220656
1643 -0.0196364
1644 0.00614161
1645 0.027401
1646 -0.0213743
1647 -0.0229797
1648 0.0278514
1649 -0.0475187
1650 -0.00854029
1651 -0.0354671
1652 -0.0271758
1653 -0.0366806
1654 -0.028387
1655 0.0282237
1656 -0.0254277
1657 -0.02348
1658 -0.0158463
1659 -0.0375152
1660 0.0131105
1661 -0.0501187
1662 -0.0269446
1663 0.00924478
1664 -0.025536
1665 -0.0401047
1666 -0.0639112
1667 -0.0677818
1668 -0.0568001
1669 -0.0159105
1670 0.0251027
1671 0.0338993
1672 -0.0139342
1673 -0.0272216
1674 -0.0159475
1675 0.0290848
1676 -0.0567477
1677 -0.0251016
1678 -0.0157364
1679 -0.0691663
1680 -0.0447458
1681 -0.0313931
1682 -0.0533429
1683 -0.0302777
1684 0.0271782
1685 0.00941573
1686 -0.0114488
1687 -0.0402366
1688 -0.05725
1689 -0.0207022
1690 0.0119056
1691 -0.0372452
1692 0.0163942
1693 -0.0657586
1694 -0.0206111
1695 -0.0372999
1696 -0.0363778
1697 0.00633172
1698 0.0190388
1699 -0.0238629
1700 -0.0211764
1701 -0.0265184
1702 0.0123534
1703 0.0241354
1704 0.00675249
1705 0.013819
1706 -0.00950794
1707 -0.0116384
1708 -0.0077628
1709 -0.0212106
1710 -0.0160372
1711 0.00227522
1712 -0.01566
1713 -0.037538
1714 -0.00473488
1715 -0.00842601
1716 -0.0467672
1717 -0.0126828
1718 -0.0359209
1719 -0.0555821
1720 -0.00461406
1721 -0.0448518
1722 -0.0995662
1723 -0.0390557
1724 0.0200158
1725 -0.0343472
1726 -0.0697703
1727 -0.0687749
1728 -0.039697
1729 -0.0242788
1730 -0.0205493
1731 0.00241359
1732 -0.0166675
1733 -0.0147288
1734 -0.0736857
1735 -0.00595353
1736 0.0456531
1737 -0.0165296
1738 0.0194016
1739 0.0330723
1740 -0.0405346
1741 -0.035295
1742 -0.0201217
1743 0.0211839
1744 -0.0693112
1745 -0.00713416
1746 0.0337871
1747 -0.0237351
1748 0.0122566
1749 -0.00266341
1750 0.0253579
1751 -0.0336974
1752 -0.0244028
1753 -0.0502751
1754 -0.0311189
1755 0.0288461
1756 -0.0867498
1757 -0.0467732
1758 0.00083635
1759 -0.0136028
1760 -0.0228228
1761 -0.0289547
1762 0.00888539
1763 0.0108875
1764 -0.0131129
1765 0.00774296
1766 0.000629057
1767 0.00676716
1768 0.0199097
1769 0.0117701
1770 -0.0523857
1771 -0.0762902
1772 -0.0403287
1773 -0.072023
1774 0.0240318
1775 -0.0513708
1776 -0.000108533
1777 -0.033294
1778 -0.036177
1779 -0.0367011
1780 0.0134297
1781 -0.0197839
1782 -0.0529621
1783 -0.0787303
1784 -0.0799826
1785 -0.00319247
1786 -0.040832
1787 -0.0370413
1788 -0.0336593
1789 -0.0831072
1790 -0.012192
1791 -0.0497356
1792 -0.0526706
1793 0.0126612
1794 -0.0791896
1795 -0.0628298
1796 0.020152
1797 -0.0406127
1798 -0.0765182
1799 -0.0586207
1800 0.0156553
1801 -0.0454355
1802 -0.00325502
1803 0.00768791
1804 -0.0553507
1805 -0.0183747
1806 -0.0879767
1807 -0.0184409
1808 0.0160453
1809 -0.0212366
1810 -0.0146485
1811 -0.0373658
1812 0.0137245
1813 -0.0812176
1814 0.0074302
1815 0.0198954
1816 -0.0198605
1817 -0.0692104
1818 -0.0377661
1819 -0.0216289
1820 0.0365383
1821 0.046306
1822 -0.0888405
1823 -0.0169465
1824 -0.0360272
1825 -0.00226341
1826 -0.0518375
1827 -0.0471761
1828 -0.0260036
1829 -0.0433417
1830 -0.0486344
1831 -0.00339825
1832 -0.029931
1833 -0.0595134
1834 0.0257798
1835 -0.0660838
1836 -0.00982024
1837 -0.0523655
1838 -0.0637371
1839 -0.0603324
1840 -0.0189296
1841 -0.0302666
1842 -0.000885642
1843 -0.0851449
1844 -0.0265187
1845 -0.0150078
1846 -0.00402439
1847 0.00208175
1848 0.00388047
1849 0.0167315
1850 -0.0164218
1851 -0.0401543
1852 -0.0656134
1853 -0.0210988
1854 -0.0394423
1855 -0.019351
1856 -0.00150757
1857 -0.0868976
1858 -0.0395941
1859 0.00546704
1860 -0.0203294
1861 -0.0103017
1862 -0.0182899
1863 -0.0158641
1864 -0.0347896
1865 -0.0592144
1866 0.0160464
1867 -0.0502871
1868 -0.000679912
1869 -0.0444276
1870 -0.0173651
1871 0.0556335
1872 -0.0167765
1873 -0.0731687
1874 -0.0424733
1875 -0.0479139
1876 -0.011211
1877 -0.0435214
1878 0.0087987
1879 -0.0412508
1880 -0.039971
1881 -0.0219347
1882 -0.0308914
1883 -0.0182978
1884 0.0539478
1885 -0.0404487
1886 0.00973061
1887 -0.0334035
1888 -0.027955
1889 0.00805351
1890 -0.0210268
1891 -0.00539988
1892 -0.0648791
1893 0.00392434
1894 -0.0340643
1895 -0.00648359
1896 -0.00548946
1897 0.0109606
1898 -0.00268664
1899 -0.0344661
1900 -0.0282416
1901 -0.010739
1902 -0.0445192
1903 -0.015886
1904 -0.0588549
1905 -0.00692415
1906 -0.0162596
1907 0.00519664
1908 0.0149383
1909 -0.0227517
1910 0.0284763
1911 -0.0810239
1912 -0.0292468
1913 0.0110136
1914 -0.0453754
1915 -0.00765372
1916 0.00886776
1917 0.00403607
1918 -0.00413507
1919 0.00572013
1920 0.0255794
1921 0.00113579
1922 0.0170442
1923 -0.0280608
1924 -0.0675538
1925 -0.0933136
1926 0.0273773
1927 -0.074051
1928 0.0182262
1929 -0.0436779
1930 -0.0680702
1931 0.0303864
1932 -0.0384564
1933 -0.00824219
1934 -0.0849897
1935 -0.0303663
1936 0.0017133
1937 -0.00783556
1938 -0.0395788
1939 -0.0868682
1940 0.0121886
1941 0.00843619
1942 -0.0160237
1943 0.0171893
1944 -0.0179189
1945 0.0062901
1946 -0.0227978
1947 0.0234438
1948 -0.0283664
1949 0.0296414
1950 -0.00696985
1951 -0.0664952
1952 -0.0320338
1953 -0.0217043
1954 -0.0287341
1955 -0.0313529
1956 -0.0653123
1957 -0.0937309
1958 -0.0303576
1959 0.00752516
1960 -0.0110053
1961 0.00182027
1962 0.0357574
1963 -0.0303435
1964 0.0237039
1965 0.0333153
1966 -0.0250691
1967 0.0150612
1968 -0.0183302
1969 -0.0216484
1970 0.0140079
1971 -0.0268849
1972 -0.0131024
1973 0.00727205
1974 -0.0113047
1975 -0.0483803
1976 0.0202088
1977 -0.0528416
1978 -0.00375571
1979 0.0132807
1980 -0.0299385
1981 0.0308132
1982 -0.0478664
1983 0.0286145
1984 -0.0120681
1985 -0.00535699
1986 -0.00411146
1987 -0.0595925
1988 -0.0455007
1989 -0.0388301
1990 -0.0371113
1991 -0.085338
1992 -0.0252877
1993 0.0100063
1994 0.00332069
1995 -0.00828625
1996 -7.41967e-05
1997 0.0318308
1998 0.0870335
1999 0.0191378
2000 -0.0442717
