6001 -0.16611
6002 -0.159981
6003 -0.162803
6004 -0.157317
6005 -0.183887
6006 -0.192427
6007 -0.192413
6008 -0.181868
6009 -0.182608
6010 -0.183187
6011 -0.181665
6012 -0.148812
6013 -0.177172
6014 -0.165989
6015 -0.159263
6016 -0.192417
6017 -0.19923
6018 -0.181693
6019 -0.160067
6020 -0.177661
6021 -0.209516
6022 -0.172262
6023 -0.17558
6024 -0.179839
6025 -0.184973
6026 -0.163031
6027 -0.190788
6028 -0.181267
6029 -0.16233
6030 -0.182049
6031 -0.160473
6032 -0.172562
6033 -0.146049
6034 -0.189551
6035 -0.210594
6036 -0.164952
6037 -0.189471
6038 -0.2006
6039 -0.177029
6040 -0.196117
6041 -0.168171
6042 -0.172595
6043 -0.184778
6044 -0.174031
6045 -0.161818
6046 -0.192125
6047 -0.191142
6048 -0.201349
6049 -0.179431
6050 -0.169663
6051 -0.174663
6052 -0.150694
6053 -0.160212
6054 -0.173993
6055 -0.175261
6056 -0.142921
6057 -0.183592
6058 -0.192865
6059 -0.174116
6060 -0.172967
6061 -0.186906
6062 -0.17463
6063 -0.153715
6064 -0.184285
6065 -0.188728
6066 -0.161518
6067 -0.18668
6068 -0.191437
6069 -0.183789
6070 -0.185066
6071 -0.172721
6072 -0.170643
6073 -0.161722
6074 -0.180085
6075 -0.195782
6076 -0.154944
6077 -0.191854
6078 -0.172707
6079 -0.158755
6080 -0.188996
6081 -0.173547
6082 -0.17785
6083 -0.161825
6084 -0.164108
6085 -0.157168
6086 -0.182588
6087 -0.17564
6088 -0.179174
6089 -0.192538
6090 -0.169566
6091 -0.198198
6092 -0.157576
6093 -0.175491
6094 -0.200711
6095 -0.192282
6096 -0.19399
6097 -0.196153
6098 -0.18852
6099 -0.147611
6100 -0.178724
6101 -0.172489
6102 -0.174655
6103 -0.203983
6104 -0.177204
6105 -0.199433
6106 -0.179537
6107 -0.185606
6108 -0.165102
6109 -0.172413
6110 -0.162112
6111 -0.144788
6112 -0.167063
6113 -0.168554
6114 -0.166033
6115 -0.184989
6116 -0.158465
6117 -0.176108
6118 -0.179687
6119 -0.171782
6120 -0.183693
6121 -0.165522
6122 -0.189106
6123 -0.187985
6124 -0.153259
6125 -0.177532
6126 -0.211628
6127 -0.175698
6128 -0.16521
6129 -0.175956
6130 -0.158722
6131 -0.178648
6132 -0.173485
6133 -0.194348
6134 -0.183136
6135 -0.178719
6136 -0.179726
6137 -0.185983
6138 -0.184759
6139 -0.18293
6140 -0.173461
6141 -0.177297
6142 -0.174556
6143 -0.1707
6144 -0.14285
6145 -0.167324
6146 -0.148131
6147 -0.164158
6148 -0.169287
6149 -0.176939
6150 -0.195834
6151 -0.163966
6152 -0.186252
6153 -0.15057
6154 -0.187042
6155 -0.200038
6156 -0.164836
6157 -0.171251
6158 -0.178367
6159 -0.176887
6160 -0.183957
6161 -0.140506
6162 -0.176685
6163 -0.202955
6164 -0.201294
6165 -0.210334
6166 -0.14058
6167 -0.165949
6168 -0.178233
6169 -0.180431
6170 -0.174584
6171 -0.182009
6172 -0.174995
6173 -0.184285
6174 -0.168229
6175 -0.138096
6176 -0.172901
6177 -0.172694
6178 -0.182741
6179 -0.188506
6180 -0.189897
6181 -0.172033
6182 -0.187727
6183 -0.165802
6184 -0.187625
6185 -0.188898
6186 -0.177514
6187 -0.167926
6188 -0.176955
6189 -0.17544
6190 -0.190503
6191 -0.176189
6192 -0.200247
6193 -0.175797
6194 -0.176953
6195 -0.178224
6196 -0.203598
6197 -0.16249
6198 -0.189553
6199 -0.182605
6200 -0.186686
6201 -0.19322
6202 -0.160748
6203 -0.201094
6204 -0.178409
6205 -0.209631
6206 -0.15978
6207 -0.184527
6208 -0.162292
6209 -0.196033
6210 -0.132107
6211 -0.178599
6212 -0.16947
6213 -0.169537
6214 -0.18331
6215 -0.164002
6216 -0.172338
6217 -0.17217
6218 -0.193802
6219 -0.180275
6220 -0.177289
6221 -0.180756
6222 -0.177999
6223 -0.164411
6224 -0.192424
6225 -0.184777
6226 -0.174381
6227 -0.149558
6228 -0.176933
6229 -0.180248
6230 -0.178215
6231 -0.180721
6232 -0.148426
6233 -0.188476
6234 -0.171207
6235 -0.197329
6236 -0.155609
6237 -0.168517
6238 -0.156033
6239 -0.196577
6240 -0.179224
6241 -0.182283
6242 -0.165008
6243 -0.159421
6244 -0.199825
6245 -0.167915
6246 -0.19467
6247 -0.190881
6248 -0.176466
6249 -0.180919
6250 -0.197539
6251 -0.19738
6252 -0.198883
6253 -0.159716
6254 -0.191643
6255 -0.191171
6256 -0.151992
6257 -0.201252
6258 -0.164736
6259 -0.196381
6260 -0.162463
6261 -0.177938
6262 -0.17357
6263 -0.189773
6264 -0.177031
6265 -0.180525
6266 -0.187279
6267 -0.163252
6268 -0.198726
6269 -0.190369
6270 -0.162352
6271 -0.193208
6272 -0.178282
6273 -0.187442
6274 -0.18062
6275 -0.187829
6276 -0.193779
6277 -0.156092
6278 -0.178526
6279 -0.19211
6280 -0.148775
6281 -0.201533
6282 -0.144474
6283 -0.192429
6284 -0.167166
6285 -0.19699
6286 -0.200073
6287 -0.182832
6288 -0.206755
6289 -0.179011
6290 -0.206704
6291 -0.181093
6292 -0.186618
6293 -0.181092
6294 -0.196931
6295 -0.177572
6296 -0.151892
6297 -0.169896
6298 -0.18735
6299 -0.194674
6300 -0.167405
6301 -0.206287
6302 -0.17191
6303 -0.157595
6304 -0.194256
6305 -0.17476
6306 -0.166677
6307 -0.143529
6308 -0.172344
6309 -0.170816
6310 -0.198681
6311 -0.204456
6312 -0.149375
6313 -0.191046
6314 -0.164631
6315 -0.174943
6316 -0.199192
6317 -0.194518
6318 -0.171112
6319 -0.198703
6320 -0.176265
6321 -0.167316
6322 -0.177317
6323 -0.170396
6324 -0.165559
6325 -0.201279
6326 -0.173742
6327 -0.169046
6328 -0.171572
6329 -0.177281
6330 -0.16706
6331 -0.136161
6332 -0.177636
6333 -0.165761
6334 -0.15111
6335 -0.151229
6336 -0.164526
6337 -0.155803
6338 -0.178203
6339 -0.168705
6340 -0.147414
6341 -0.174905
6342 -0.16694
6343 -0.157373
6344 -0.147192
6345 -0.188458
6346 -0.205609
6347 -0.199652
6348 -0.170617
6349 -0.185659
6350 -0.180317
6351 -0.185788
6352 -0.153861
6353 -0.193256
6354 -0.162711
6355 -0.188897
6356 -0.157509
6357 -0.183405
6358 -0.200913
6359 -0.16173
6360 -0.188295
6361 -0.183396
6362 -0.182238
6363 -0.170307
6364 -0.174363
6365 -0.171416
6366 -0.162539
6367 -0.179306
6368 -0.177655
6369 -0.174154
6370 -0.190362
6371 -0.16274
6372 -0.168435
6373 -0.152724
6374 -0.208068
6375 -0.158434
6376 -0.203307
6377 -0.20674
6378 -0.168879
6379 -0.171949
6380 -0.172841
6381 -0.176366
6382 -0.16372
6383 -0.179518
6384 -0.187106
6385 -0.186522
6386 -0.181038
6387 -0.194591
6388 -0.19562
6389 -0.159744
6390 -0.181935
6391 -0.154942
6392 -0.187766
6393 -0.153357
6394 -0.170423
6395 -0.174167
6396 -0.168875
6397 -0.194527
6398 -0.175796
6399 -0.160731
6400 -0.178731
6401 -0.162071
6402 -0.177023
6403 -0.188025
6404 -0.171415
6405 -0.177738
6406 -0.193645
6407 -0.191288
6408 -0.167604
6409 -0.196888
6410 -0.197617
6411 -0.174225
6412 -0.185529
6413 -0.169877
6414 -0.147398
6415 -0.192286
6416 -0.163761
6417 -0.165324
6418 -0.194132
6419 -0.154341
6420 -0.177051
6421 -0.189897
6422 -0.198096
6423 -0.176216
6424 -0.188767
6425 -0.161962
6426 -0.151971
6427 -0.190154
6428 -0.16663
6429 -0.193633
6430 -0.142344
6431 -0.203259
6432 -0.197724
6433 -0.185004
6434 -0.186484
6435 -0.149967
6436 -0.167721
6437 -0.183065
6438 -0.167095
6439 -0.191035
6440 -0.186028
6441 -0.138866
6442 -0.17605
6443 -0.182158
6444 -0.169994
6445 -0.207972
6446 -0.195499
6447 -0.162256
6448 -0.16996
6449 -0.184971
6450 -0.179511
6451 -0.197634
6452 -0.191691
6453 -0.182015
6454 -0.168944
6455 -0.180645
6456 -0.163395
6457 -0.186853
6458 -0.169816
6459 -0.170806
6460 -0.198298
6461 -0.175962
6462 -0.137761
6463 -0.192168
6464 -0.18677
6465 -0.162755
6466 -0.194602
6467 -0.17021
6468 -0.190807
6469 -0.158335
6470 -0.184507
6471 -0.182492
6472 -0.16279
6473 -0.156849
6474 -0.168908
6475 -0.171457
6476 -0.185936
6477 -0.186198
6478 -0.174908
6479 -0.201369
6480 -0.178916
6481 -0.192575
6482 -0.178517
6483 -0.16543
6484 -0.182572
6485 -0.178029
6486 -0.19862
6487 -0.179634
6488 -0.170899
6489 -0.178282
6490 -0.175231
6491 -0.194588
6492 -0.154504
6493 -0.171719
6494 -0.176165
6495 -0.195831
6496 -0.190559
6497 -0.179067
6498 -0.203877
6499 -0.172129
6500 -0.19652
6501 -0.177788
6502 -0.166436
6503 -0.171008
6504 -0.189796
6505 -0.16493
6506 -0.158182
6507 -0.190688
6508 -0.168273
6509 -0.179561
6510 -0.129965
6511 -0.192877
6512 -0.128528
6513 -0.145731
6514 -0.208086
6515 -0.176926
6516 -0.188911
6517 -0.165316
6518 -0.17398
6519 -0.161455
6520 -0.151595
6521 -0.143996
6522 -0.186434
6523 -0.169751
6524 -0.198052
6525 -0.188818
6526 -0.154501
6527 -0.179826
6528 -0.168716
6529 -0.159636
6530 -0.144488
6531 -0.163196
6532 -0.165391
6533 -0.173448
6534 -0.189856
6535 -0.171137
6536 -0.178456
6537 -0.16648
6538 -0.172731
6539 -0.164722
6540 -0.166964
6541 -0.18426
6542 -0.177949
6543 -0.186596
6544 -0.178161
6545 -0.196527
6546 -0.161323
6547 -0.194207
6548 -0.17316
6549 -0.164817
6550 -0.180362
6551 -0.202153
6552 -0.202405
6553 -0.199255
6554 -0.163193
6555 -0.166722
6556 -0.173466
6557 -0.195237
6558 -0.162771
6559 -0.183642
6560 -0.155882
6561 -0.188061
6562 -0.190179
6563 -0.168215
6564 -0.185689
6565 -0.197921
6566 -0.169476
6567 -0.172576
6568 -0.194173
6569 -0.164916
6570 -0.165659
6571 -0.204739
6572 -0.169491
6573 -0.165768
6574 -0.190269
6575 -0.18586
6576 -0.2006
6577 -0.139714
6578 -0.199819
6579 -0.187885
6580 -0.171332
6581 -0.211424
6582 -0.174192
6583 -0.174511
6584 -0.182223
6585 -0.164908
6586 -0.202004
6587 -0.19912
6588 -0.204063
6589 -0.155141
6590 -0.195383
6591 -0.17872
6592 -0.177446
6593 -0.189097
6594 -0.181814
6595 -0.20727
6596 -0.147171
6597 -0.180135
6598 -0.163442
6599 -0.192522
6600 -0.190981
6601 -0.171751
6602 -0.164236
6603 -0.165704
6604 -0.184999
6605 -0.139258
6606 -0.174384
6607 -0.175202
6608 -0.192868
6609 -0.168827
6610 -0.176834
6611 -0.164154
6612 -0.176076
6613 -0.172236
6614 -0.151943
6615 -0.197614
6616 -0.177702
6617 -0.154858
6618 -0.172438
6619 -0.176916
6620 -0.196257
6621 -0.17456
6622 -0.216737
6623 -0.179485
6624 -0.185316
6625 -0.192839
6626 -0.187064
6627 -0.169136
6628 -0.188165
6629 -0.159518
6630 -0.179218
6631 -0.154495
6632 -0.169233
6633 -0.182791
6634 -0.173076
6635 -0.202054
6636 -0.159016
6637 -0.153728
6638 -0.173211
6639 -0.181642
6640 -0.152666
6641 -0.190055
6642 -0.170477
6643 -0.168546
6644 -0.173481
6645 -0.19369
6646 -0.196354
6647 -0.159301
6648 -0.195263
6649 -0.194619
6650 -0.146689
6651 -0.191292
6652 -0.183345
6653 -0.157912
6654 -0.194128
6655 -0.17681
6656 -0.207257
6657 -0.201475
6658 -0.18737
6659 -0.1588
6660 -0.192984
6661 -0.184634
6662 -0.185355
6663 -0.185849
6664 -0.141426
6665 -0.16972
6666 -0.197846
6667 -0.181798
6668 -0.193975
6669 -0.153033
6670 -0.185522
6671 -0.188782
6672 -0.149615
6673 -0.177241
6674 -0.143683
6675 -0.18677
6676 -0.170092
6677 -0.183447
6678 -0.196782
6679 -0.152819
6680 -0.186578
6681 -0.192339
6682 -0.206251
6683 -0.16091
6684 -0.176075
6685 -0.172356
6686 -0.209786
6687 -0.184627
6688 -0.20022
6689 -0.183867
6690 -0.171293
6691 -0.196067
6692 -0.200213
6693 -0.160879
6694 -0.140806
6695 -0.157249
6696 -0.168128
6697 -0.172258
6698 -0.182568
6699 -0.17284
6700 -0.191975
6701 -0.159224
6702 -0.183385
6703 -0.194454
6704 -0.197698
6705 -0.143309
6706 -0.157454
6707 -0.154519
6708 -0.181599
6709 -0.168851
6710 -0.172646
6711 -0.192415
6712 -0.161547
6713 -0.198036
6714 -0.176407
6715 -0.187759
6716 -0.165462
6717 -0.14297
6718 -0.175535
6719 -0.15303
6720 -0.183022
6721 -0.199083
6722 -0.178762
6723 -0.172773
6724 -0.169844
6725 -0.181873
6726 -0.175512
6727 -0.201212
6728 -0.158926
6729 -0.170113
6730 -0.178527
6731 -0.156261
6732 -0.16882
6733 -0.171844
6734 -0.190057
6735 -0.166538
6736 -0.203628
6737 -0.196794
6738 -0.19003
6739 -0.196596
6740 -0.19586
6741 -0.197961
6742 -0.161381
6743 -0.165692
6744 -0.156104
6745 -0.185635
6746 -0.160787
6747 -0.162281
6748 -0.153581
6749 -0.192597
6750 -0.149725
6751 -0.176902
6752 -0.176648
6753 -0.191256
6754 -0.19985
6755 -0.16827
6756 -0.157533
6757 -0.188533
6758 -0.166577
6759 -0.176851
6760 -0.188124
6761 -0.17783
6762 -0.179235
6763 -0.191365
6764 -0.168806
6765 -0.186519
6766 -0.1716
6767 -0.175118
6768 -0.190285
6769 -0.162985
6770 -0.157412
6771 -0.176932
6772 -0.162673
6773 -0.195045
6774 -0.192653
6775 -0.15556
6776 -0.182879
6777 -0.15772
6778 -0.17794
6779 -0.148096
6780 -0.189456
6781 -0.162527
6782 -0.182492
6783 -0.185902
6784 -0.177168
6785 -0.159808
6786 -0.177035
6787 -0.19978
6788 -0.197868
6789 -0.18115
6790 -0.169753
6791 -0.204987
6792 -0.162306
6793 -0.181827
6794 -0.191905
6795 -0.174175
6796 -0.200828
6797 -0.156694
6798 -0.176436
6799 -0.207665
6800 -0.182723
6801 -0.178601
6802 -0.175489
6803 -0.195191
6804 -0.175104
6805 -0.158292
6806 -0.184359
6807 -0.165645
6808 -0.158567
6809 -0.166539
6810 -0.172297
6811 -0.173135
6812 -0.163361
6813 -0.193205
6814 -0.163946
6815 -0.186365
6816 -0.170726
6817 -0.176282
6818 -0.169799
6819 -0.173555
6820 -0.188435
6821 -0.180436
6822 -0.147904
6823 -0.176513
6824 -0.190514
6825 -0.168745
6826 -0.170077
6827 -0.150134
6828 -0.17764
6829 -0.166568
6830 -0.147266
6831 -0.178747
6832 -0.16908
6833 -0.172803
6834 -0.191992
6835 -0.186056
6836 -0.206243
6837 -0.197091
6838 -0.166681
6839 -0.148579
6840 -0.179655
6841 -0.173052
6842 -0.142492
6843 -0.17941
6844 -0.185909
6845 -0.175609
6846 -0.172422
6847 -0.171986
6848 -0.147121
6849 -0.138894
6850 -0.18682
6851 -0.176753
6852 -0.187939
6853 -0.193449
6854 -0.194532
6855 -0.206429
6856 -0.187918
6857 -0.158313
6858 -0.188922
6859 -0.187098
6860 -0.202301
6861 -0.191966
6862 -0.184783
6863 -0.184244
6864 -0.182006
6865 -0.196422
6866 -0.177996
6867 -0.201219
6868 -0.157328
6869 -0.180648
6870 -0.193598
6871 -0.193333
6872 -0.173999
6873 -0.18429
6874 -0.183879
6875 -0.181937
6876 -0.165726
6877 -0.200523
6878 -0.184677
6879 -0.195015
6880 -0.14016
6881 -0.184822
6882 -0.176027
6883 -0.198537
6884 -0.185364
6885 -0.189327
6886 -0.161855
6887 -0.157738
6888 -0.185661
6889 -0.189614
6890 -0.156114
6891 -0.194558
6892 -0.191996
6893 -0.149854
6894 -0.200372
6895 -0.193263
6896 -0.17059
6897 -0.193533
6898 -0.165048
6899 -0.209862
6900 -0.159095
6901 -0.189044
6902 -0.189021
6903 -0.16231
6904 -0.164167
6905 -0.179195
6906 -0.144188
6907 -0.180093
6908 -0.165394
6909 -0.172101
6910 -0.189272
6911 -0.178283
6912 -0.167552
6913 -0.183931
6914 -0.187022
6915 -0.175172
6916 -0.180265
6917 -0.154021
6918 -0.171275
6919 -0.167534
6920 -0.15771
6921 -0.179733
6922 -0.16602
6923 -0.196635
6924 -0.161437
6925 -0.186444
6926 -0.207207
6927 -0.169743
6928 -0.195676
6929 -0.146438
6930 -0.172166
6931 -0.184444
6932 -0.157832
6933 -0.17529
6934 -0.194308
6935 -0.177134
6936 -0.18004
6937 -0.186643
6938 -0.163126
6939 -0.183447
6940 -0.19987
6941 -0.163279
6942 -0.16332
6943 -0.184046
6944 -0.166856
6945 -0.189008
6946 -0.152306
6947 -0.149122
6948 -0.198255
6949 -0.155519
6950 -0.147471
6951 -0.173066
6952 -0.176661
6953 -0.187402
6954 -0.181853
6955 -0.176554
6956 -0.167346
6957 -0.151513
6958 -0.20293
6959 -0.159375
6960 -0.177956
6961 -0.152072
6962 -0.16319
6963 -0.172499
6964 -0.199858
6965 -0.154309
6966 -0.164389
6967 -0.177102
6968 -0.160942
6969 -0.1908
6970 -0.190453
6971 -0.177817
6972 -0.196773
6973 -0.202013
6974 -0.176717
6975 -0.18225
6976 -0.200309
6977 -0.179403
6978 -0.155452
6979 -0.190218
6980 -0.195135
6981 -0.192846
6982 -0.162028
6983 -0.172468
6984 -0.142616
6985 -0.147718
6986 -0.178016
6987 -0.162684
6988 -0.197181
6989 -0.198852
6990 -0.173138
6991 -0.142009
6992 -0.192502
6993 -0.175538
6994 -0.199675
6995 -0.193549
6996 -0.203048
6997 -0.188238
6998 -0.192839
6999 -0.171356
7000 -0.162259
