13001 -0.190781
13002 -0.185076
13003 -0.183436
13004 -0.197558
13005 -0.178334
13006 -0.187736
13007 -0.144891
13008 -0.170544
13009 -0.170511
13010 -0.180731
13011 -0.178864
13012 -0.174589
13013 -0.180778
13014 -0.172278
13015 -0.180973
13016 -0.182635
13017 -0.165385
13018 -0.160673
13019 -0.162171
13020 -0.183258
13021 -0.17579
13022 -0.186044
13023 -0.179761
13024 -0.195457
13025 -0.179548
13026 -0.193385
13027 -0.196023
13028 -0.169741
13029 -0.140652
13030 -0.176304
13031 -0.197121
13032 -0.202138
13033 -0.164536
13034 -0.14968
13035 -0.175828
13036 -0.179222
13037 -0.154096
13038 -0.168117
13039 -0.158133
13040 -0.193718
13041 -0.204477
13042 -0.17905
13043 -0.174848
13044 -0.183244
13045 -0.17909
13046 -0.190779
13047 -0.196754
13048 -0.170386
13049 -0.198395
13050 -0.163854
13051 -0.157744
13052 -0.172932
13053 -0.1708
13054 -0.191029
13055 -0.190534
13056 -0.160631
13057 -0.213143
13058 -0.174002
13059 -0.160393
13060 -0.17006
13061 -0.183818
13062 -0.183415
13063 -0.1924
13064 -0.182671
13065 -0.181622
13066 -0.18453
13067 -0.168779
13068 -0.17868
13069 -0.15359
13070 -0.180134
13071 -0.180078
13072 -0.199571
13073 -0.201632
13074 -0.176177
13075 -0.202584
13076 -0.169418
13077 -0.155034
13078 -0.162432
13079 -0.156433
13080 -0.150462
13081 -0.175884
13082 -0.169035
13083 -0.161751
13084 -0.20233
13085 -0.171832
13086 -0.195005
13087 -0.170926
13088 -0.178948
13089 -0.179405
13090 -0.17361
13091 -0.189206
13092 -0.18747
13093 -0.178905
13094 -0.172379
13095 -0.175928
13096 -0.173811
13097 -0.17024
13098 -0.160803
13099 -0.159438
13100 -0.174706
13101 -0.143769
13102 -0.166408
13103 -0.164948
13104 -0.174083
13105 -0.195192
13106 -0.193637
13107 -0.16089
13108 -0.153124
13109 -0.17426
13110 -0.167758
13111 -0.173288
13112 -0.157769
13113 -0.148235
13114 -0.206661
13115 -0.160533
13116 -0.174524
13117 -0.184382
13118 -0.2005
13119 -0.150603
13120 -0.166113
13121 -0.189314
13122 -0.159455
13123 -0.18659
13124 -0.158748
13125 -0.172179
13126 -0.192707
13127 -0.150212
13128 -0.191145
13129 -0.165661
13130 -0.166062
13131 -0.168212
13132 -0.191718
13133 -0.200584
13134 -0.199071
13135 -0.189117
13136 -0.165609
13137 -0.159116
13138 -0.177228
13139 -0.157756
13140 -0.163938
13141 -0.187565
13142 -0.202583
13143 -0.197511
13144 -0.17301
13145 -0.189485
13146 -0.18997
13147 -0.200559
13148 -0.174284
13149 -0.181191
13150 -0.175518
13151 -0.199335
13152 -0.179709
13153 -0.192058
13154 -0.198108
13155 -0.183921
13156 -0.190277
13157 -0.206062
13158 -0.176473
13159 -0.15354
13160 -0.149356
13161 -0.193907
13162 -0.154121
13163 -0.133767
13164 -0.190862
13165 -0.188644
13166 -0.169705
13167 -0.167412
13168 -0.197116
13169 -0.169741
13170 -0.161871
13171 -0.162603
13172 -0.197947
13173 -0.18412
13174 -0.197753
13175 -0.193785
13176 -0.156907
13177 -0.184854
13178 -0.173621
13179 -0.174827
13180 -0.189045
13181 -0.189298
13182 -0.165372
13183 -0.161964
13184 -0.199518
13185 -0.193586
13186 -0.164954
13187 -0.186931
13188 -0.169725
13189 -0.166782
13190 -0.174525
13191 -0.216493
13192 -0.192611
13193 -0.16382
13194 -0.160402
13195 -0.205055
13196 -0.189842
13197 -0.165214
13198 -0.1844
13199 -0.187874
13200 -0.190925
13201 -0.147765
13202 -0.180485
13203 -0.182716
13204 -0.190882
13205 -0.163252
13206 -0.190092
13207 -0.168446
13208 -0.188351
13209 -0.186099
13210 -0.150662
13211 -0.160261
13212 -0.147406
13213 -0.207471
13214 -0.14861
13215 -0.164314
13216 -0.176376
13217 -0.185879
13218 -0.201914
13219 -0.173692
13220 -0.160833
13221 -0.175683
13222 -0.196962
13223 -0.184293
13224 -0.16545
13225 -0.151887
13226 -0.185057
13227 -0.163543
13228 -0.182747
13229 -0.190165
13230 -0.181439
13231 -0.182874
13232 -0.2017
13233 -0.174756
13234 -0.170951
13235 -0.179373
13236 -0.172802
13237 -0.186491
13238 -0.154696
13239 -0.200223
13240 -0.157828
13241 -0.196194
13242 -0.188931
13243 -0.163557
13244 -0.189836
13245 -0.179763
13246 -0.184099
13247 -0.191215
13248 -0.177035
13249 -0.156252
13250 -0.189493
13251 -0.157121
13252 -0.173895
13253 -0.184248
13254 -0.190154
13255 -0.179003
13256 -0.178968
13257 -0.164081
13258 -0.177283
13259 -0.192316
13260 -0.19499
13261 -0.134924
13262 -0.188378
13263 -0.153086
13264 -0.157466
13265 -0.171972
13266 -0.194935
13267 -0.176689
13268 -0.160845
13269 -0.180711
13270 -0.184775
13271 -0.152962
13272 -0.155271
13273 -0.19697
13274 -0.165111
13275 -0.172253
13276 -0.152089
13277 -0.203859
13278 -0.176501
13279 -0.169166
13280 -0.198406
13281 -0.178895
13282 -0.172606
13283 -0.181457
13284 -0.186641
13285 -0.169464
13286 -0.190402
13287 -0.14818
13288 -0.202321
13289 -0.19107
13290 -0.186731
13291 -0.183379
13292 -0.186239
13293 -0.159429
13294 -0.173983
13295 -0.172032
13296 -0.188859
13297 -0.199093
13298 -0.160988
13299 -0.188723
13300 -0.168315
13301 -0.169448
13302 -0.196585
13303 -0.176153
13304 -0.164417
13305 -0.153746
13306 -0.178831
13307 -0.173584
13308 -0.158796
13309 -0.194121
13310 -0.182465
13311 -0.194291
13312 -0.166348
13313 -0.166326
13314 -0.188756
13315 -0.20425
13316 -0.184556
13317 -0.185374
13318 -0.199019
13319 -0.178782
13320 -0.15582
13321 -0.173657
13322 -0.167757
13323 -0.177561
13324 -0.175061
13325 -0.18824
13326 -0.156964
13327 -0.190563
13328 -0.186666
13329 -0.15848
13330 -0.193574
13331 -0.186137
13332 -0.174719
13333 -0.192817
13334 -0.171392
13335 -0.153958
13336 -0.176869
13337 -0.169734
13338 -0.164042
13339 -0.177473
13340 -0.195741
13341 -0.183156
13342 -0.165996
13343 -0.172309
13344 -0.15557
13345 -0.167361
13346 -0.187048
13347 -0.171188
13348 -0.164684
13349 -0.154861
13350 -0.174976
13351 -0.161781
13352 -0.147549
13353 -0.171885
13354 -0.167757
13355 -0.190464
13356 -0.16248
13357 -0.171112
13358 -0.188996
13359 -0.186969
13360 -0.194136
13361 -0.160569
13362 -0.169008
13363 -0.161709
13364 -0.189496
13365 -0.173374
13366 -0.196717
13367 -0.209067
13368 -0.171831
13369 -0.175342
13370 -0.185425
13371 -0.202223
13372 -0.160898
13373 -0.183594
13374 -0.205954
13375 -0.191408
13376 -0.171546
13377 -0.166395
13378 -0.175832
13379 -0.172861
13380 -0.171641
13381 -0.182691
13382 -0.178804
13383 -0.19504
13384 -0.196411
13385 -0.176216
13386 -0.189437
13387 -0.196371
13388 -0.175721
13389 -0.149483
13390 -0.18318
13391 -0.166658
13392 -0.161205
13393 -0.151588
13394 -0.206744
13395 -0.168736
13396 -0.193602
13397 -0.15543
13398 -0.204362
13399 -0.194985
13400 -0.155217
13401 -0.176535
13402 -0.17613
13403 -0.185297
13404 -0.18532
13405 -0.170624
13406 -0.163794
13407 -0.184281
13408 -0.135122
13409 -0.162044
13410 -0.168636
13411 -0.186456
13412 -0.170765
13413 -0.177273
13414 -0.183026
13415 -0.204108
13416 -0.20528
13417 -0.157567
13418 -0.14618
13419 -0.187803
13420 -0.158905
13421 -0.187915
13422 -0.167798
13423 -0.163563
13424 -0.184489
13425 -0.162586
13426 -0.168007
13427 -0.168975
13428 -0.185333
13429 -0.179676
13430 -0.168628
13431 -0.162277
13432 -0.180667
13433 -0.162634
13434 -0.175532
13435 -0.192023
13436 -0.163761
13437 -0.177831
13438 -0.177547
13439 -0.173816
13440 -0.17104
13441 -0.176321
13442 -0.173546
13443 -0.202691
13444 -0.201745
13445 -0.184496
13446 -0.158011
13447 -0.160998
13448 -0.182632
13449 -0.172248
13450 -0.169493
13451 -0.187807
13452 -0.183081
13453 -0.166601
13454 -0.167044
13455 -0.182238
13456 -0.172074
13457 -0.168348
13458 -0.180216
13459 -0.184145
13460 -0.193833
13461 -0.140332
13462 -0.177138
13463 -0.182071
13464 -0.170487
13465 -0.186998
13466 -0.164756
13467 -0.186677
13468 -0.15904
13469 -0.173046
13470 -0.160246
13471 -0.176325
13472 -0.162386
13473 -0.172627
13474 -0.168947
13475 -0.160576
13476 -0.18045
13477 -0.163474
13478 -0.157498
13479 -0.173104
13480 -0.164158
13481 -0.203978
13482 -0.189524
13483 -0.176577
13484 -0.172629
13485 -0.185663
13486 -0.153036
13487 -0.168606
13488 -0.159007
13489 -0.159517
13490 -0.198594
13491 -0.174419
13492 -0.192505
13493 -0.203674
13494 -0.164775
13495 -0.179552
13496 -0.16916
13497 -0.195795
13498 -0.175555
13499 -0.180015
13500 -0.16946
13501 -0.175239
13502 -0.195548
13503 -0.153549
13504 -0.167114
13505 -0.167433
13506 -0.18811
13507 -0.184088
13508 -0.163019
13509 -0.169644
13510 -0.154792
13511 -0.157872
13512 -0.213021
13513 -0.183069
13514 -0.18479
13515 -0.202356
13516 -0.191011
13517 -0.193151
13518 -0.182243
13519 -0.198323
13520 -0.183601
13521 -0.168256
13522 -0.172947
13523 -0.177456
13524 -0.173479
13525 -0.16543
13526 -0.16629
13527 -0.161304
13528 -0.161104
13529 -0.191135
13530 -0.1908
13531 -0.179305
13532 -0.190799
13533 -0.164373
13534 -0.194684
13535 -0.199026
13536 -0.19412
13537 -0.15823
13538 -0.18224
13539 -0.175812
13540 -0.172691
13541 -0.180295
13542 -0.174221
13543 -0.173863
13544 -0.203596
13545 -0.174876
13546 -0.189332
13547 -0.199078
13548 -0.193594
13549 -0.164618
13550 -0.178052
13551 -0.137188
13552 -0.186823
13553 -0.174814
13554 -0.139532
13555 -0.197477
13556 -0.167203
13557 -0.185701
13558 -0.18543
13559 -0.181007
13560 -0.183126
13561 -0.193919
13562 -0.16
13563 -0.201628
13564 -0.209964
13565 -0.164287
13566 -0.18716
13567 -0.18
13568 -0.180127
13569 -0.154975
13570 -0.171513
13571 -0.18947
13572 -0.176455
13573 -0.163987
13574 -0.196677
13575 -0.192642
13576 -0.192601
13577 -0.180421
13578 -0.199724
13579 -0.17532
13580 -0.183032
13581 -0.155175
13582 -0.190417
13583 -0.178953
13584 -0.178742
13585 -0.158899
13586 -0.159639
13587 -0.182039
13588 -0.181212
13589 -0.18871
13590 -0.198025
13591 -0.167772
13592 -0.175309
13593 -0.173932
13594 -0.188458
13595 -0.194847
13596 -0.127856
13597 -0.172876
13598 -0.181853
13599 -0.159323
13600 -0.150961
13601 -0.14557
13602 -0.18741
13603 -0.152087
13604 -0.177895
13605 -0.174017
13606 -0.161863
13607 -0.151193
13608 -0.185542
13609 -0.185574
13610 -0.148698
13611 -0.149823
13612 -0.173625
13613 -0.173253
13614 -0.154413
13615 -0.17598
13616 -0.167681
13617 -0.161966
13618 -0.178067
13619 -0.177354
13620 -0.185339
13621 -0.172581
13622 -0.167201
13623 -0.189934
13624 -0.200691
13625 -0.158371
13626 -0.170932
13627 -0.163792
13628 -0.182866
13629 -0.180625
13630 -0.200516
13631 -0.181274
13632 -0.192349
13633 -0.194713
13634 -0.148249
13635 -0.170886
13636 -0.172926
13637 -0.18671
13638 -0.179366
13639 -0.149801
13640 -0.180492
13641 -0.183853
13642 -0.168012
13643 -0.174466
13644 -0.162075
13645 -0.165404
13646 -0.183549
13647 -0.193496
13648 -0.178611
13649 -0.186059
13650 -0.16133
13651 -0.161658
13652 -0.202241
13653 -0.20413
13654 -0.180242
13655 -0.160872
13656 -0.176196
13657 -0.183119
13658 -0.207016
13659 -0.183857
13660 -0.143583
13661 -0.186221
13662 -0.198457
13663 -0.189381
13664 -0.199875
13665 -0.194715
13666 -0.195884
13667 -0.154306
13668 -0.170872
13669 -0.189947
13670 -0.164739
13671 -0.173212
13672 -0.18207
13673 -0.169353
13674 -0.17568
13675 -0.189911
13676 -0.167883
13677 -0.167527
13678 -0.186609
13679 -0.185265
13680 -0.177247
13681 -0.195187
13682 -0.182468
13683 -0.187336
13684 -0.187493
13685 -0.167704
13686 -0.197176
13687 -0.15528
13688 -0.190672
13689 -0.189118
13690 -0.160005
13691 -0.192449
13692 -0.176812
13693 -0.177973
13694 -0.167957
13695 -0.180067
13696 -0.15705
13697 -0.167014
13698 -0.171081
13699 -0.175413
13700 -0.167352
13701 -0.149361
13702 -0.168563
13703 -0.189531
13704 -0.163941
13705 -0.170797
13706 -0.196607
13707 -0.198331
13708 -0.199705
13709 -0.188145
13710 -0.186803
13711 -0.169686
13712 -0.18394
13713 -0.160706
13714 -0.190267
13715 -0.161495
13716 -0.148372
13717 -0.19531
13718 -0.178838
13719 -0.159096
13720 -0.18259
13721 -0.167432
13722 -0.138556
13723 -0.171537
13724 -0.159427
13725 -0.187421
13726 -0.159968
13727 -0.186161
13728 -0.199045
13729 -0.161935
13730 -0.160252
13731 -0.152473
13732 -0.155081
13733 -0.180799
13734 -0.182081
13735 -0.172796
13736 -0.190356
13737 -0.153531
13738 -0.180993
13739 -0.179679
13740 -0.176541
13741 -0.200185
13742 -0.187737
13743 -0.16563
13744 -0.177019
13745 -0.148769
13746 -0.162219
13747 -0.154913
13748 -0.153299
13749 -0.181403
13750 -0.154491
13751 -0.178325
13752 -0.186895
13753 -0.1485
13754 -0.187242
13755 -0.163863
13756 -0.190176
13757 -0.194598
13758 -0.161693
13759 -0.176422
13760 -0.194224
13761 -0.192539
13762 -0.181629
13763 -0.193171
13764 -0.180282
13765 -0.170291
13766 -0.176753
13767 -0.173753
13768 -0.155576
13769 -0.184144
13770 -0.20129
13771 -0.184557
13772 -0.179849
13773 -0.180957
13774 -0.158156
13775 -0.169221
13776 -0.191175
13777 -0.155113
13778 -0.1854
13779 -0.184689
13780 -0.169596
13781 -0.17744
13782 -0.187367
13783 -0.190617
13784 -0.190411
13785 -0.164215
13786 -0.169653
13787 -0.18151
13788 -0.151046
13789 -0.147406
13790 -0.191582
13791 -0.200767
13792 -0.157737
13793 -0.201533
13794 -0.174156
13795 -0.154872
13796 -0.152805
13797 -0.153559
13798 -0.159224
13799 -0.179363
13800 -0.133909
13801 -0.187074
13802 -0.152589
13803 -0.190745
13804 -0.194997
13805 -0.178497
13806 -0.153715
13807 -0.168546
13808 -0.141306
13809 -0.162702
13810 -0.189708
13811 -0.189829
13812 -0.167443
13813 -0.177268
13814 -0.190214
13815 -0.188885
13816 -0.188036
13817 -0.171284
13818 -0.161322
13819 -0.188912
13820 -0.173386
13821 -0.174208
13822 -0.166984
13823 -0.177084
13824 -0.164073
13825 -0.173713
13826 -0.180972
13827 -0.185854
13828 -0.167009
13829 -0.178408
13830 -0.179044
13831 -0.192879
13832 -0.153107
13833 -0.194697
13834 -0.198466
13835 -0.196129
13836 -0.177451
13837 -0.1566
13838 -0.170475
13839 -0.203793
13840 -0.170408
13841 -0.166399
13842 -0.173453
13843 -0.182176
13844 -0.176426
13845 -0.156225
13846 -0.16249
13847 -0.179395
13848 -0.170657
13849 -0.198862
13850 -0.161653
13851 -0.17118
13852 -0.180566
13853 -0.190882
13854 -0.177992
13855 -0.193358
13856 -0.187151
13857 -0.168359
13858 -0.187902
13859 -0.147539
13860 -0.174425
13861 -0.17444
13862 -0.16159
13863 -0.180233
13864 -0.164772
13865 -0.175292
13866 -0.173982
13867 -0.176638
13868 -0.155687
13869 -0.194489
13870 -0.170241
13871 -0.155656
13872 -0.177005
13873 -0.171794
13874 -0.185825
13875 -0.157439
13876 -0.165247
13877 -0.156949
13878 -0.198407
13879 -0.183594
13880 -0.173028
13881 -0.15973
13882 -0.167912
13883 -0.18877
13884 -0.159772
13885 -0.184465
13886 -0.204655
13887 -0.166176
13888 -0.159748
13889 -0.15022
13890 -0.19192
13891 -0.209452
13892 -0.172739
13893 -0.178545
13894 -0.171077
13895 -0.18106
13896 -0.178154
13897 -0.151957
13898 -0.178802
13899 -0.201033
13900 -0.168135
13901 -0.187503
13902 -0.157508
13903 -0.164896
13904 -0.16455
13905 -0.19246
13906 -0.190374
13907 -0.182765
13908 -0.181391
13909 -0.184812
13910 -0.186511
13911 -0.163682
13912 -0.170976
13913 -0.16942
13914 -0.185359
13915 -0.176095
13916 -0.208748
13917 -0.160014
13918 -0.19528
13919 -0.168497
13920 -0.180118
13921 -0.187704
13922 -0.188343
13923 -0.178785
13924 -0.191326
13925 -0.163512
13926 -0.18448
13927 -0.165345
13928 -0.190656
13929 -0.188212
13930 -0.173797
13931 -0.188074
13932 -0.148732
13933 -0.175404
13934 -0.175313
13935 -0.202982
13936 -0.193089
13937 -0.184811
13938 -0.168019
13939 -0.160199
13940 -0.164903
13941 -0.175414
13942 -0.155109
13943 -0.148849
13944 -0.190962
13945 -0.166428
13946 -0.169618
13947 -0.176
13948 -0.170547
13949 -0.164655
13950 -0.189613
13951 -0.197055
13952 -0.155798
13953 -0.156485
13954 -0.167501
13955 -0.172817
13956 -0.196822
13957 -0.165018
13958 -0.185499
13959 -0.188214
13960 -0.172681
13961 -0.171773
13962 -0.154659
13963 -0.165636
13964 -0.153419
13965 -0.181999
13966 -0.201375
13967 -0.171188
13968 -0.194677
13969 -0.175957
13970 -0.193847
13971 -0.175356
13972 -0.170119
13973 -0.155947
13974 -0.139113
13975 -0.171241
13976 -0.175812
13977 -0.202955
13978 -0.157689
13979 -0.185607
13980 -0.184648
13981 -0.17661
13982 -0.213853
13983 -0.191856
13984 -0.160065
13985 -0.179896
13986 -0.185413
13987 -0.147653
13988 -0.173538
13989 -0.180175
13990 -0.191892
13991 -0.175464
13992 -0.188061
13993 -0.166802
13994 -0.175268
13995 -0.168176
13996 -0.170372
13997 -0.161163
13998 -0.139891
13999 -0.20324
14000 -0.1918
