18001 -0.00312013
18002 -0.103094
18003 -0.0340197
18004 -0.0421332
18005 -0.0639223
18006 -0.0251929
18007 -0.0441526
18008 0.0587723
18009 -0.00715459
18010 -0.00316846
18011 -0.0272157
18012 -0.0417362
18013 -0.0204613
18014 -0.00836354
18015 -0.0369151
18016 0.014208
18017 -0.0261858
18018 0.0251612
18019 -0.00993583
18020 -0.014303
18021 -0.0302887
18022 0.00894979
18023 -0.0306861
18024 -0.026454
18025 0.0104672
18026 -0.0606402
18027 0.00279173
18028 -0.056166
18029 -0.0688845
18030 -0.0150425
18031 -0.0148613
18032 -0.0371847
18033 -0.0366372
18034 -0.0313999
18035 0.00816793
18036 0.0346186
18037 0.000327845
18038 0.0155877
18039 -0.0148539
18040 -0.0180513
18041 -0.0600122
18042 -0.00686009
18043 -0.0352089
18044 0.0107897
18045 0.0321379
18046 -0.0479103
18047 -0.0609799
18048 -0.00640129
18049 -0.0640585
18050 -0.020117
18051 -0.0554081
18052 -0.0775268
18053 -0.0324756
18054 -0.024431
18055 0.00376996
18056 -0.0933687
18057 0.00728881
18058 -0.0446602
18059 -0.0357494
18060 -0.0750484
18061 -0.00291008
18062 0.0105896
18063 0.00753509
18064 -0.00480375
18065 0.00471261
18066 -0.00444902
18067 -0.0182078
18068 0.0345933
18069 -0.00158778
18070 -0.0261794
18071 -0.0357585
18072 -0.0547074
18073 -0.0149653
18074 -0.0339611
18075 -0.0155682
18076 -0.0604741
18077 0.077812
18078 0.0240971
18079 -0.0272919
18080 -0.0167209
18081 -0.048214
18082 0.0347707
18083 -0.0166028
18084 -0.0733583
18085 0.00410539
18086 -0.0118716
18087 -0.0314982
18088 -0.035038
18089 -0.0410784
18090 -0.011615
18091 0.0251875
18092 -0.0711921
18093 -0.0409271
18094 -0.029537
18095 0.00673671
18096 -0.0398227
18097 -0.028273
18098 0.00198198
18099 0.0576681
18100 -0.0481176
18101 0.00233276
18102 -0.0821722
18103 -0.0032545
18104 -0.00604748
18105 0.0375899
18106 -0.0567886
18107 -0.0509169
18108 -0.0127408
18109 -0.0750328
18110 -0.0129242
18111 0.00401574
18112 -0.0405789
18113 0.0046605
18114 -0.0257818
18115 -0.0456899
18116 -0.0486371
18117 0.00940115
18118 -0.0029183
18119 -0.00929371
18120 0.00493744
18121 -0.0136719
18122 -0.0689137
18123 -0.029636
18124 0.0338017
18125 0.00458316
18126 -0.039211
18127 -0.0908835
18128 -0.0492505
18129 -0.00621054
18130 -0.0855669
18131 -0.0101834
18132 -0.0280447
18133 -0.0204521
18134 -0.0447362
18135 0.0315937
18136 -0.0468756
18137 -0.00123915
18138 -0.0243305
18139 -0.0657724
18140 -0.0158296
18141 -0.0084028
18142 0.00677425
18143 -0.0502578
18144 -0.0253719
18145 -0.0306792
18146 0.020459
18147 -0.0305447
18148 0.00951862
18149 -0.0420244
18150 -0.0221647
18151 -0.0405982
18152 -0.0446867
18153 0.0226725
18154 0.0553779
18155 -0.034393
18156 -0.0634338
18157 -0.0368191
18158 -0.0370893
18159 -0.0187855
18160 -0.019111
18161 0.0278726
18162 -0.0630947
18163 -0.0197875
18164 -0.0725698
18165 -0.0667372
18166 -0.0810558
18167 -0.0772809
18168 -0.0776788
18169 -0.0586905
18170 -0.0241992
18171 0.0115125
18172 0.0296152
18173 -0.0205844
18174 -0.0618864
18175 0.0468106
18176 -0.0632839
18177 -0.0393582
18178 0.000194837
18179 -0.0133885
18180 -0.00276935
18181 -0.0322435
18182 -0.0554043
18183 0.0101409
18184 -0.00487808
18185 -0.0117025
18186 -0.0155156
18187 0.0419143
18188 -0.0590775
18189 -0.0586666
18190 0.00843439
18191 0.0189798
18192 -0.0355299
18193 -0.0545378
18194 -0.00343074
18195 -0.0283882
18196 -0.0489043
18197 -0.0557333
18198 0.00397928
18199 -0.0304062
18200 -0.046057
18201 -0.0393874
18202 -0.044609
18203 -0.03184
18204 -0.0487662
18205 0.00658253
18206 -0.00478309
18207 -0.0360175
18208 -0.0556809
18209 -0.0172441
18210 -0.0361176
18211 -0.0352635
18212 0.0381437
18213 0.0158628
18214 -0.043535
18215 0.0196129
18216 -0.0492698
18217 0.0488121
18218 -0.0813533
18219 -0.026643
18220 -0.0650323
18221 -0.0750502
18222 -0.0304887
18223 0.0270675
18224 -0.0077173
18225 -0.0374442
18226 -0.0144899
18227 -0.0486342
18228 0.0342982
18229 0.00411416
18230 -0.0282325
18231 0.0223019
18232 -0.0364993
18233 -0.000447552
18234 0.0281652
18235 -0.0211325
18236 -0.0699799
18237 -0.000238853
18238 -0.0856933
18239 -0.0670104
18240 -0.0263321
18241 -0.0026155
18242 -0.0922182
18243 -0.0049185
18244 0.02386
18245 -0.0359743
18246 -0.0733648
18247 -0.060838
18248 0.00957269
18249 0.00247604
18250 -0.0386572
18251 0.000103527
18252 -0.0392601
18253 -0.0223157
18254 -0.0336559
18255 0.0279809
18256 0.0557155
18257 -0.00981941
18258 -0.0686306
18259 -0.102066
18260 -0.0176417
18261 -0.0559198
18262 -0.0154748
18263 -0.0362193
18264 -0.0172653
18265 -0.0460027
18266 0.0159615
18267 0.0245072
18268 -0.0254137
18269 -0.0185371
18270 0.0409379
18271 0.0119237
18272 -0.0475584
18273 -0.0320442
18274 -0.0645689
18275 -0.0660864
18276 0.00507771
18277 0.0444639
18278 -0.0254249
18279 0.0296846
18280 -0.0676465
18281 0.0076612
18282 -0.0488809
18283 -0.0782738
18284 -0.0687206
18285 -0.0932548
18286 0.00963653
18287 0.0254696
18288 0.0238371
18289 -0.0390232
18290 0.0130806
18291 0.00410005
18292 -0.0231089
18293 -0.0852738
18294 -0.0651005
18295 -0.0378478
18296 -0.0130831
18297 -0.0154719
18298 0.047771
18299 -0.0599098
18300 0.0145567
18301 0.025653
18302 -0.0199556
18303 -0.0588726
18304 -0.00194324
18305 -0.00212846
18306 -0.0586299
18307 -0.042928
18308 0.00174585
18309 -0.0105576
18310 -0.0282006
18311 -0.035874
18312 -0.0106262
18313 -0.0110806
18314 -0.0493235
18315 -0.00882184
18316 -0.00132752
18317 -0.0831269
18318 -0.0166078
18319 0.0040817
18320 0.0286393
18321 -0.019002
18322 -0.00364258
18323 -0.00228977
18324 -0.000608
18325 -0.00290206
18326 0.026864
18327 -0.0204974
18328 -0.0748892
18329 -0.0413127
18330 -0.0417615
18331 0.016263
18332 -0.0325239
18333 0.0164645
18334 -0.00727878
18335 0.0283223
18336 -0.0596173
18337 0.0121532
18338 -0.105598
18339 -0.0791816
18340 -0.0214034
18341 0.0274873
18342 -0.0372002
18343 -0.0274106
18344 -0.024743
18345 -0.0683247
18346 -0.043751
18347 -0.0608783
18348 0.0119279
18349 -0.0348235
18350 -0.0181407
18351 -0.0403274
18352 0.00871383
18353 -0.0131141
18354 0.018387
18355 -0.0224187
18356 -0.0793966
18357 -0.00507665
18358 -0.043051
18359 -0.0260615
18360 0.00963861
18361 0.0690722
18362 -0.0397169
18363 -0.00430252
18364 0.0588623
18365 -0.0175431
18366 0.017152
18367 -0.052011
18368 0.0331754
18369 0.0357328
18370 0.0170844
18371 0.0295319
18372 -0.00909246
18373 -0.0322651
18374 -0.0290628
18375 0.00149996
18376 -0.00286021
18377 -0.0390986
18378 0.00141195
18379 -0.0219176
18380 0.0215958
18381 0.0111399
18382 -0.0330473
18383 0.0131178
18384 0.000842393
18385 -0.0579094
18386 0.0127087
18387 0.0770364
18388 -0.0216623
18389 0.0289536
18390 -0.0120537
18391 -0.0283337
18392 -0.0357136
18393 -0.078333
18394 -0.0402906
18395 0.0339916
18396 -0.0319375
18397 -0.0142973
18398 -0.0530883
18399 -0.0299785
18400 -0.037758
18401 -0.0233518
18402 0.017811
18403 0.00857696
18404 -0.0912782
18405 -0.0526788
18406 -0.0169338
18407 -0.0356078
18408 -0.0527322
18409 -0.036778
18410 0.0340488
18411 -0.0138194
18412 -0.0626285
18413 -0.00566038
18414 0.0479262
18415 -0.0816674
18416 -0.063593
18417 -0.0436773
18418 -0.0748723
18419 -0.0242788
18420 0.0107105
18421 0.00610001
18422 -0.0458217
18423 0.0232452
18424 -0.0266718
18425 0.0653138
18426 -0.0517171
18427 -0.0323906
18428 0.019696
18429 0.00137777
18430 -0.0546885
18431 0.0299003
18432 -0.0256846
18433 -0.000813823
18434 -0.0155998
18435 -0.00343705
18436 -0.0178184
18437 -0.0123822
18438 -0.0251216
18439 -0.0158755
18440 0.00991704
18441 0.00605834
18442 -0.0274836
18443 0.020041
18444 0.0157327
18445 0.0222717
18446 -0.012191
18447 0.00678768
18448 0.0693045
18449 -0.0306115
18450 0.0923736
18451 -0.0983284
18452 0.0277845
18453 -0.044483
18454 -0.0132016
18455 -0.0618591
18456 -0.00798313
18457 -0.0235571
18458 -0.00275331
18459 -0.00446049
18460 0.00335726
18461 0.0197627
18462 -0.0229538
18463 -0.0702661
18464 -0.0333176
18465 -0.0346178
18466 0.00786032
18467 -0.0078105
18468 -0.0272612
18469 -0.00614906
18470 -0.040109
18471 -0.0485878
18472 -0.0150922
18473 -0.0192217
18474 -0.0428298
18475 -0.0108618
18476 -0.0598894
18477 -0.0143492
18478 -0.0423677
18479 -0.0131091
18480 0.0251113
18481 -0.025672
18482 -0.0222956
18483 -0.0299138
18484 -0.0913117
18485 -0.00800148
18486 0.00562202
18487 -0.0210217
18488 -0.0598968
18489 -0.084328
18490 -0.1037
18491 0.000250305
18492 -0.0361439
18493 -0.0419791
18494 -0.0513041
18495 -0.0437376
18496 0.0197376
18497 9.86833e-05
18498 -0.0189025
18499 0.0130073
18500 -0.0253619
18501 -0.053196
18502 -0.0479921
18503 0.0332133
18504 -0.0422092
18505 -0.0452801
18506 -0.00742937
18507 -0.0758467
18508 0.0146376
18509 0.00459673
18510 -0.0405664
18511 -0.0271593
18512 0.010042
18513 -0.0555946
18514 -0.0276137
18515 0.00353798
18516 -0.0529958
18517 0.0120607
18518 -0.0297129
18519 -0.0649226
18520 0.0254619
18521 -0.00581897
18522 -0.00981989
18523 -0.0287097
18524 -0.00161695
18525 -0.020145
18526 -2.25e-05
18527 -0.000373983
18528 0.0386104
18529 0.0356829
18530 -0.0397946
18531 -0.0427287
18532 0.00611795
18533 -0.0142403
18534 0.00903168
18535 0.0192538
18536 -0.0675567
18537 0.0159104
18538 -0.00436937
18539 0.0128629
18540 -0.0244002
18541 -0.0712918
18542 -0.0484542
18543 -0.0120842
18544 -0.0667033
18545 0.00255061
18546 -0.0675842
18547 -0.0056867
18548 -0.0565605
18549 -0.0433237
18550 -0.071427
18551 -0.0410588
18552 -0.0214846
18553 -0.0312177
18554 -0.0454001
18555 -0.0149203
18556 -0.0236552
18557 0.0243943
18558 -0.0307901
18559 0.0298062
18560 -0.0369721
18561 -0.0467992
18562 -0.0412675
18563 0.0178218
18564 -0.0420863
18565 -0.00914773
18566 0.0182449
18567 0.0188961
18568 -0.0212162
18569 -0.0574517
18570 -0.00842331
18571 -0.0227671
18572 -0.0309765
18573 -0.0332041
18574 -0.0168872
18575 -0.0116314
18576 -0.0429004
18577 -0.0258476
18578 -0.0100153
18579 -0.0149074
18580 0.0533153
18581 -0.000144625
18582 -0.0256222
18583 -0.0415024
18584 -0.0395818
18585 0.0144916
18586 -0.0244175
18587 -0.0656324
18588 -0.0590468
18589 -0.0721216
18590 -0.00193457
18591 -0.00546345
18592 -0.0692291
18593 -0.0781542
18594 0.0071311
18595 -0.00842647
18596 -0.0493349
18597 0.0276059
18598 -0.113404
18599 -0.0501688
18600 -0.0457497
18601 -0.0837614
18602 0.0137095
18603 -0.0842612
18604 0.0172149
18605 -0.0442294
18606 -0.0536986
18607 -0.0341329
18608 -0.00681022
18609 -0.00715288
18610 -0.0229518
18611 -0.0231193
18612 -0.0067295
18613 -0.0347248
18614 -0.0203762
18615 -0.0273265
18616 -0.0480439
18617 0.0206832
18618 -0.0387568
18619 -0.0444089
18620 -0.0454875
18621 0.0267938
18622 -0.0114537
18623 -0.0367575
18624 -0.012736
18625 -0.0514748
18626 -0.0140128
18627 0.0108742
18628 0.00628764
18629 -0.0497509
18630 -0.0233176
18631 -0.0534851
18632 -0.0245486
18633 -0.0700059
18634 -0.0304285
18635 -0.0413722
18636 -0.0203509
18637 0.0124768
18638 -0.00156692
18639 -0.00667963
18640 0.0091957
18641 -0.0757459
18642 0.0129904
18643 -0.012214
18644 -0.0464271
18645 -0.00923141
18646 -0.0345076
18647 -0.0836531
18648 -0.0380606
18649 -0.0191055
18650 -0.0212837
18651 0.0265062
18652 -0.0668527
18653 -0.0179253
18654 -0.0854409
18655 0.0248517
18656 -0.0357778
18657 0.00627613
18658 0.0222272
18659 -0.0260809
18660 0.0468359
18661 -0.0752614
18662 -0.0346207
18663 -0.0293159
18664 0.0219575
18665 -0.0524098
18666 0.0254399
18667 -0.0205913
18668 0.0314344
18669 0.015509
18670 0.0160649
18671 -0.00434689
18672 0.0271906
18673 -0.0245701
18674 -0.0226706
18675 -0.0657142
18676 -0.0940318
18677 0.0250933
18678 -0.0586277
18679 0.00777611
18680 -0.0358899
18681 -0.0110806
18682 -0.00751582
18683 0.0439233
18684 0.0279473
18685 0.0141357
18686 -0.01224
18687 0.0701155
18688 0.0412088
18689 -0.0175246
18690 0.0122647
18691 0.0148434
18692 -0.0395358
18693 -0.0428505
18694 -0.0278347
18695 -0.0944148
18696 -0.0143319
18697 0.00562486
18698 0.0217513
18699 -0.0135053
18700 -0.0543719
18701 -0.0541047
18702 -0.0304335
18703 -0.0101825
18704 0.0101806
18705 -0.025083
18706 -0.0182094
18707 0.0733578
18708 -0.00647529
18709 -0.0275014
18710 -0.0334614
18711 -0.0113094
18712 0.00604715
18713 -0.00958088
18714 0.022372
18715 -0.000233748
18716 -0.0683856
18717 -0.0699488
18718 -0.0383301
18719 -0.0351811
18720 0.0147433
18721 0.0249497
18722 0.0123045
18723 -0.0474131
18724 -0.0556376
18725 -0.052356
18726 -0.0551356
18727 -0.00988987
18728 -0.0752937
18729 0.0377394
18730 -0.0355429
18731 0.0218955
18732 -0.0479975
18733 -0.00986269
18734 -0.0199185
18735 0.0278044
18736 -0.0554486
18737 -0.0294361
18738 -0.0136308
18739 -0.041818
18740 0.0198884
18741 -0.0107927
18742 -0.00196089
18743 -0.0328973
18744 -0.0138386
18745 0.0148902
18746 -0.0206885
18747 -0.00540784
18748 0.00867066
18749 -0.0278556
18750 -0.0383871
18751 0.0144925
18752 -0.0544901
18753 -0.0359633
18754 0.00444324
18755 -0.0673656
18756 0.0204354
18757 -0.0330208
18758 0.0202307
18759 -0.0201147
18760 0.0207949
18761 -0.0266964
18762 -0.0817358
18763 -0.0146728
18764 -0.00576591
18765 -0.0790639
18766 0.00670111
18767 -0.0305177
18768 0.00841895
18769 -0.0531059
18770 -0.0315167
18771 -0.0461493
18772 -0.0100888
18773 0.011763
18774 0.00108017
18775 -0.0187353
18776 0.000900572
18777 -0.016366
18778 0.000490757
18779 -0.068644
18780 -0.0503782
18781 -0.0614633
18782 -0.0250487
18783 -0.0733453
18784 -0.0463343
18785 -0.0279598
18786 -0.061934
18787 0.0194799
18788 -0.0234767
18789 -0.0220742
18790 -0.0810186
18791 -0.0484159
18792 -0.0264375
18793 0.01026
18794 -0.0635444
18795 -0.0354607
18796 0.021811
18797 -0.0156396
18798 -0.00633707
18799 -0.066432
18800 -0.0161908
18801 -0.0139343
18802 0.013356
18803 -0.0736478
18804 -0.0173771
18805 -0.00406339
18806 -0.00432199
18807 -0.0583166
18808 0.00556404
18809 0.0050784
18810 -0.0110633
18811 -0.031911
18812 -0.0715377
18813 -0.0475021
18814 -0.059628
18815 -0.013901
18816 -0.030759
18817 -0.0544149
18818 -0.0152993
18819 -0.0392788
18820 -0.0649701
18821 0.0270785
18822 -0.0445158
18823 -0.0559166
18824 -0.0789239
18825 0.0712527
18826 -0.0545208
18827 -0.0599654
18828 -0.0357489
18829 0.00783779
18830 0.0116354
18831 -0.0194233
18832 0.0151174
18833 -0.0256484
18834 -0.0379557
18835 -0.0214418
18836 0.0604939
18837 -0.0383955
18838 -0.00767853
18839 -0.0520931
18840 0.0404248
18841 0.0206644
18842 -0.00360247
18843 -0.0196914
18844 -0.0479276
18845 -0.0494914
18846 -0.0552376
18847 -0.0538893
18848 -0.0188548
18849 -0.0331567
18850 -0.0449726
18851 -0.0697892
18852 0.0129062
18853 0.0274267
18854 -0.0479503
18855 0.0103776
18856 0.00526809
18857 -0.0411317
18858 -0.00900768
18859 0.00232607
18860 0.0324427
18861 -0.035745
18862 -0.00217341
18863 -0.0536613
18864 -0.00840013
18865 -0.042196
18866 -0.0234555
18867 -0.00259843
18868 0.0299744
18869 0.022271
18870 -0.0298342
18871 0.00344002
18872 0.0372007
18873 -0.0266934
18874 -0.0191526
18875 0.0109449
18876 -0.0254044
18877 0.0242667
18878 0.0144069
18879 -0.0519565
18880 -0.0188256
18881 -0.00328474
18882 0.0715084
18883 -0.0408725
18884 -0.0061835
18885 -0.0100233
18886 -0.0525949
18887 0.004935
18888 -0.0843689
18889 -0.036299
18890 -0.00457337
18891 -0.0019958
18892 0.0388189
18893 -0.0306341
18894 -0.0357664
18895 -0.038979
18896 0.0262703
18897 -0.0849371
18898 -0.0508293
18899 0.0795751
18900 -0.0249933
18901 0.0368554
18902 -0.0236081
18903 -0.0342248
18904 0.0144547
18905 -0.00540771
18906 -0.00171578
18907 -0.0188927
18908 -0.00175225
18909 -0.0286288
18910 -0.0185246
18911 -0.0353623
18912 -0.0341114
18913 0.026609
18914 0.0158814
18915 -0.0748
18916 -0.0517087
18917 -0.0289542
18918 0.0201971
18919 0.022338
18920 -0.0618803
18921 -0.0535691
18922 0.00221511
18923 -0.0149953
18924 0.00058664
18925 0.0320369
18926 -0.0493619
18927 0.0196942
18928 -0.0631176
18929 -0.021457
18930 -0.037359
18931 -0.00199229
18932 -0.0267711
18933 -0.0141969
18934 -0.0558085
18935 -0.0118522
18936 -0.0631673
18937 -0.0171321
18938 -0.108333
18939 -0.00477669
18940 0.0165884
18941 0.0172812
18942 -0.0677559
18943 -0.015968
18944 -0.00979578
18945 0.0042039
18946 0.030056
18947 0.0100804
18948 -0.0319283
18949 -0.0188122
18950 -0.0620302
18951 -0.0106579
18952 -0.0568404
18953 0.0100498
18954 -0.0744846
18955 -0.0148958
18956 -0.0213716
18957 -0.0504975
18958 -0.0347285
18959 0.0283458
18960 -0.0603549
18961 -0.00701931
18962 -0.096267
18963 -0.0394129
18964 -0.0249842
18965 -0.0232952
18966 -0.0161656
18967 0.0104364
18968 -0.00784646
18969 -0.0152439
18970 -0.0299293
18971 -0.0315158
18972 0.0249845
18973 -0.0018178
18974 0.0293493
18975 -0.0676465
18976 -0.0688804
18977 -0.0285087
18978 0.0218662
18979 -0.0365317
18980 -0.0233501
18981 -0.00187361
18982 -0.0091901
18983 -0.0228686
18984 -0.0804335
18985 -0.0225258
18986 -0.00360765
18987 -0.0720324
18988 0.00479582
18989 -0.0437558
18990 0.0132601
18991 -0.0210419
18992 -0.0494857
18993 -0.000638167
18994 0.0410413
18995 -0.0379312
18996 0.03464
18997 -0.0505544
18998 -0.0298816
18999 0.0133853
19000 -0.047838
