7001 -0.0282894
7002 -0.0256166
7003 -0.00260614
7004 -0.0327056
7005 0.0171287
7006 0.00063263
7007 -0.0749109
7008 -0.024289
7009 0.0260181
7010 -0.00488864
7011 0.0174975
7012 0.0332081
7013 -0.0738714
7014 -0.040656
7015 -0.0934247
7016 -0.00670718
7017 -0.0537054
7018 -0.0625081
7019 -0.0468675
7020 0.00429037
7021 -0.0537614
7022 -0.0987244
7023 -0.0411309
7024 -0.0152965
7025 -0.0261131
7026 -0.0399091
7027 -0.038521
7028 0.00444454
7029 -0.026669
7030 -0.0212658
7031 -0.0166133
7032 0.00877419
7033 -0.0194208
7034 0.0130257
7035 0.0559528
7036 0.00499706
7037 0.000862345
7038 -0.0392466
7039 -0.0590036
7040 -0.0424124
7041 -0.0445619
7042 -0.00421037
7043 -0.025226
7044 0.0232497
7045 0.00572578
7046 -0.0287476
7047 -0.0321295
7048 -0.0179885
7049 -0.0119101
7050 -0.077956
7051 -0.0535832
7052 0.00012133
7053 -0.0346004
7054 0.0256229
7055 0.00897592
7056 0.0333494
7057 0.0114357
7058 -0.0591946
7059 -0.0594341
7060 -0.0162718
7061 -0.00811212
7062 -0.0200792
7063 -0.011153
7064 -0.0294235
7065 -0.0551031
7066 0.0660483
7067 0.0339703
7068 -0.0205761
7069 -0.0361741
7070 -0.00659823
7071 -0.0370827
7072 -0.0361753
7073 0.0129928
7074 0.0186407
7075 0.0217141
7076 -0.0117338
7077 -0.00280016
7078 -0.00347331
7079 -0.00969047
7080 0.0402311
7081 0.0601118
7082 -0.104489
7083 -0.0492578
7084 -0.0021336
7085 -0.0166638
7086 0.00172161
7087 -0.0274653
7088 0.00973927
7089 -0.0258119
7090 -0.0820417
7091 -0.0478416
7092 -0.0227452
7093 -0.0139639
7094 0.00984254
7095 -0.0805652
7096 0.0533726
7097 0.0489087
7098 -0.0758334
7099 -0.0481574
7100 -0.0169352
7101 0.0642212
7102 -0.0221672
7103 -0.0386283
7104 -0.0421791
7105 -0.031309
7106 -0.0418363
7107 0.0235417
7108 -0.0530533
7109 -0.0394958
7110 -0.0541532
7111 -0.05827
7112 -0.0431868
7113 -0.0152965
7114 -0.0687791
7115 0.000875673
7116 -0.0457807
7117 0.00991901
7118 -0.00236805
7119 0.0258257
7120 0.0080672
7121 0.0767028
7122 0.0253369
7123 0.00188304
7124 0.0253622
7125 -0.0213874
7126 -0.012353
7127 -0.00853927
7128 -0.0224626
7129 -0.0252898
7130 -0.0171613
7131 -0.0421778
7132 -0.0394822
7133 -0.00996412
7134 -0.105127
7135 -0.0101332
7136 -0.0366067
7137 -0.0885289
7138 -0.0720919
7139 -0.0136763
7140 -0.0163203
7141 -0.0248765
7142 -0.0562309
7143 -0.0445368
7144 -0.0358718
7145 -0.0252172
7146 -0.0644217
7147 -0.0379679
7148 -0.0291909
7149 0.0061492
7150 0.076266
7151 0.0208573
7152 -0.0101159
7153 -0.00948511
7154 0.00830002
7155 -0.00825788
7156 0.00337486
7157 -0.0158745
7158 -0.0407203
7159 -0.0523207
7160 -0.0162605
7161 -0.0688845
7162 -0.0698503
7163 0.00968642
7164 -0.0478375
7165 -0.0396618
7166 -0.0475724
7167 -0.0122461
7168 -0.0397439
7169 0.0293613
7170 -0.037012
7171 -0.00984734
7172 -0.0387459
7173 -0.0119996
7174 -0.0363531
7175 -0.0083649
7176 -0.00493249
7177 -0.0462558
7178 -0.0016724
7179 -0.0437333
7180 0.0650531
7181 -0.0157546
7182 0.0297483
7183 -0.0387742
7184 -0.0212806
7185 0.00917879
7186 -0.0307736
7187 -0.0629749
7188 0.000337258
7189 -0.0290762
7190 0.0312098
7191 -0.0638217
7192 -0.0386029
7193 -0.00791104
7194 -0.045067
7195 0.0207409
7196 0.00335486
7197 0.0206363
7198 0.0274061
7199 -0.0182745
7200 -0.00432379
7201 -0.00972495
7202 0.0364983
7203 -0.0698981
7204 -0.0405688
7205 -0.0197971
7206 -0.0120286
7207 -0.0302062
7208 -0.0773659
7209 -0.0650999
7210 -0.00751868
7211 -0.0128925
7212 0.00644471
7213 -0.0118793
7214 0.0814393
7215 -0.0987795
7216 0.0423049
7217 -0.0280904
7218 -0.037427
7219 -0.00323079
7220 -0.084896
7221 0.0114755
7222 -0.0103027
7223 -0.0176621
7224 -0.0214315
7225 -0.0127895
7226 -0.0316794
7227 -0.0142447
7228 -0.072627
7229 -0.0437797
7230 0.00579667
7231 -0.0297888
7232 -0.0280851
7233 -0.0445932
7234 0.00803227
7235 0.00623613
7236 0.00353643
7237 -0.064081
7238 -0.0300579
7239 -0.0101507
7240 0.0347251
7241 -0.0342792
7242 0.00845434
7243 0.0184308
7244 -0.0379359
7245 -0.0524235
7246 -0.0650807
7247 -0.0184736
7248 0.0117485
7249 -0.0376553
7250 -0.0830809
7251 -0.0711867
7252 -0.0143773
7253 0.00432007
7254 0.0244664
7255 -0.0323268
7256 -0.0842624
7257 0.00133115
7258 -0.0795335
7259 0.0288138
7260 0.0147406
7261 -0.0213231
7262 -0.0171451
7263 0.0237792
7264 0.0228061
7265 -0.00161757
7266 0.0191361
7267 -0.0148996
7268 -0.0347461
7269 -0.0190256
7270 -0.0829393
7271 -0.00464924
7272 -0.0607125
7273 -0.0734772
7274 0.0101893
7275 -0.0462469
7276 -0.0542431
7277 -0.0151084
7278 0.0485693
7279 -0.000881765
7280 -0.0466785
7281 -0.0582071
7282 0.00590222
7283 0.0302632
7284 -0.0430153
7285 -0.0383211
7286 -0.0539595
7287 -0.0233961
7288 -0.0435963
7289 -0.0596858
7290 0.00854213
7291 -0.0551867
7292 -0.0800107
7293 0.0300167
7294 0.0154154
7295 -0.0175134
7296 0.000152682
7297 -0.0322865
7298 -0.0308088
7299 0.0164902
7300 -0.0645236
7301 -0.0424056
7302 -0.026796
7303 0.0105443
7304 -0.0393188
7305 -0.0593958
7306 -0.0217315
7307 -0.0254381
7308 -0.0269944
7309 -0.0172516
7310 -0.0958191
7311 0.00751555
7312 -0.0188185
7313 -0.00161815
7314 -0.00963107
7315 -0.0371341
7316 0.0447736
7317 -0.00263919
7318 -0.0123069
7319 -0.00201403
7320 -0.0760346
7321 -0.0144319
7322 -0.08954
7323 0.0146203
7324 -0.015078
7325 -0.00170885
7326 0.00920916
7327 -0.0547006
7328 0.00967327
7329 -0.0334369
7330 -0.0493888
7331 -0.0306881
7332 -0.0653687
7333 -0.0656316
7334 -0.0251313
7335 -0.0679586
7336 0.0262769
7337 -0.0119576
7338 -0.0766225
7339 -0.0454913
7340 -0.0640502
7341 -0.0387547
7342 -0.0104246
7343 -0.0222132
7344 -0.0637738
7345 -0.0111995
7346 -0.0353914
7347 0.00989137
7348 -0.0166554
7349 -0.0894915
7350 0.0182538
7351 0.0193878
7352 -0.0137266
7353 -0.00676711
7354 -0.0743827
7355 -0.0501786
7356 -0.00680944
7357 -0.0104768
7358 -0.02247
7359 -0.019232
7360 -0.0108638
7361 -0.023502
7362 -0.0329398
7363 -0.0120686
7364 0.069519
7365 0.0100265
7366 -0.0323836
7367 -0.053524
7368 -0.0150502
7369 -0.0605646
7370 0.00808032
7371 -0.00918462
7372 -0.0352363
7373 -0.042032
7374 -0.0685204
7375 -0.0267154
7376 0.0203001
7377 0.00936294
7378 0.00144242
7379 0.0112492
7380 -0.0167191
7381 -0.0270071
7382 0.00741309
7383 0.00377181
7384 -0.0139824
7385 -0.0468558
7386 -0.0121956
7387 -0.0773031
7388 -0.0043316
7389 -0.0386872
7390 -0.0580392
7391 -0.0348815
7392 0.00709593
7393 -0.0406839
7394 0.00927696
7395 -0.0373633
7396 -0.0161782
7397 -0.0845691
7398 -0.0486532
7399 -0.0476869
7400 -0.0255105
7401 -0.0582405
7402 -0.0226849
7403 -0.0557302
7404 0.0365755
7405 -0.0030485
7406 -0.0483125
7407 0.00362585
7408 -0.045422
7409 0.0164402
7410 -0.0434013
7411 0.0184794
7412 -0.0473346
7413 0.00587981
7414 -0.0347081
7415 -0.0292589
7416 -0.0264647
7417 0.00659206
7418 0.00898943
7419 -0.0108119
7420 -0.0519562
7421 -0.0103756
7422 0.00520854
7423 -0.0931998
7424 0.018971
7425 -0.0188934
7426 -0.0379758
7427 -0.0382398
7428 -0.0113156
7429 -0.0109987
7430 -0.0435092
7431 0.0215023
7432 0.00896542
7433 -0.00168939
7434 -0.0416611
7435 -0.0023234
7436 -0.0311466
7437 -0.0251366
7438 0.00142353
7439 -0.00230411
7440 -0.0207674
7441 -0.0605878
7442 -0.00943762
7443 0.00412954
7444 -0.0287537
7445 -0.0305948
7446 -0.0141411
7447 -0.100249
7448 -0.0506515
7449 -0.0801016
7450 -0.0215005
7451 -0.0130276
7452 -0.0105425
7453 -0.0312691
7454 -0.00223172
7455 -0.00155326
7456 0.0344421
7457 -0.0155349
7458 0.0215045
7459 0.0225654
7460 -0.0337884
7461 -0.0731699
7462 -0.0318516
7463 0.0250936
7464 -0.0251774
7465 -0.0134828
7466 -0.02031
7467 -0.0579147
7468 -0.0423789
7469 -0.00051323
7470 -0.023987
7471 -0.0414379
7472 0.0310086
7473 -0.0666139
7474 -0.0570629
7475 0.0104418
7476 -0.0119497
7477 0.0270974
7478 -0.0139613
7479 -0.0773571
7480 -0.0206296
7481 -0.00659041
7482 -0.0137499
7483 0.0657267
7484 0.0348002
7485 0.028678
7486 0.0181375
7487 0.0101572
7488 -0.024349
7489 0.0844936
7490 -0.0362876
7491 -0.0412867
7492 -0.0479643
7493 0.0295379
7494 0.0275225
7495 -0.0149509
7496 0.0156422
7497 -0.0450385
7498 -0.0716984
7499 -0.0276719
7500 0.0405842
7501 0.03051
7502 0.0195992
7503 -0.0361493
7504 -0.0900239
7505 -0.0285491
7506 -0.0396571
7507 -0.0786393
7508 -0.0302884
7509 -0.0164055
7510 -0.022434
7511 0.00688281
7512 -0.0113795
7513 -0.0148635
7514 -0.0540461
7515 -0.00806681
7516 -0.102393
7517 0.00499521
7518 -0.0164818
7519 -0.0193636
7520 -0.0839238
7521 0.0194194
7522 0.0108267
7523 -0.0511826
7524 -0.0258062
7525 -0.0256821
7526 -0.0321072
7527 -0.0391148
7528 -0.00120509
7529 -0.0684041
7530 -0.0248937
7531 -0.0367837
7532 -0.0603322
7533 -0.0853764
7534 0.0101026
7535 -0.0269878
7536 -0.040087
7537 0.0227259
7538 0.0311621
7539 0.0104677
7540 -0.0896946
7541 -0.0280769
7542 0.0171132
7543 -0.051343
7544 -0.0121814
7545 -0.00570751
7546 -0.0342705
7547 -0.0367411
7548 -0.00947457
7549 0.0236771
7550 -0.0508232
7551 0.0170268
7552 0.0279919
7553 -0.0120896
7554 -0.039965
7555 -0.0697673
7556 -0.00753251
7557 0.0459009
7558 -0.0755357
7559 -0.00632112
7560 0.00588739
7561 -0.0098819
7562 -0.0027938
7563 -0.029623
7564 -0.027129
7565 -0.0331626
7566 -0.0325819
7567 -0.0613155
7568 -0.0212677
7569 -0.0448017
7570 0.0158757
7571 -0.0620639
7572 -0.0433551
7573 -0.0273029
7574 -0.0861649
7575 -0.0836527
7576 -0.0024021
7577 -0.0203142
7578 -0.0626097
7579 0.00426607
7580 -0.0369991
7581 -0.0267138
7582 -0.0136177
7583 -0.0196926
7584 -0.0427763
7585 -0.0302958
7586 -0.0497211
7587 -0.0109678
7588 0.00469213
7589 0.00548284
7590 -0.0365017
7591 -0.00644024
7592 -0.0160977
7593 0.0272986
7594 0.0196033
7595 -0.0184752
7596 -0.0329241
7597 -0.007148
7598 -0.0578422
7599 -0.00836341
7600 -0.0462897
7601 0.0180776
7602 -0.015735
7603 -0.0531812
7604 -0.0595888
7605 -0.0748024
7606 0.00351132
7607 -0.051871
7608 -0.00090722
7609 -0.0927763
7610 0.0102599
7611 0.00429422
7612 -0.0294903
7613 -0.0443786
7614 0.0161008
7615 -0.0570883
7616 -0.0154509
7617 -0.0160742
7618 0.00603366
7619 -0.0382809
7620 -0.023857
7621 -0.0124658
7622 -0.0608922
7623 0.0311359
7624 0.016876
7625 -0.027884
7626 0.0202142
7627 0.0448375
7628 -0.0744396
7629 0.0741529
7630 -0.00960566
7631 -0.033902
7632 0.00935037
7633 0.00987301
7634 -0.0795218
7635 -0.0845083
7636 -0.0144701
7637 0.0210885
7638 0.00506162
7639 -0.0410667
7640 -0.0306736
7641 0.00326588
7642 0.000719273
7643 -0.053499
7644 -0.0200249
7645 -0.00908181
7646 -0.0510658
7647 -0.0485254
7648 -0.00990492
7649 -0.0117372
7650 -0.00293248
7651 -0.0603931
7652 -0.029263
7653 -0.061024
7654 -0.0133176
7655 -0.0592112
7656 -0.023737
7657 -0.0350379
7658 0.0122195
7659 0.019278
7660 -0.045984
7661 -0.0114963
7662 -0.0532166
7663 0.0141464
7664 -0.010644
7665 -0.028256
7666 -0.0197721
7667 -0.0767432
7668 0.0221855
7669 -0.0170078
7670 -0.00751702
7671 0.0146384
7672 0.0204603
7673 0.014179
7674 -0.0259891
7675 -0.0277278
7676 -0.0199462
7677 0.00212226
7678 0.00876548
7679 -0.0097471
7680 0.0183287
7681 0.00425009
7682 -0.0960988
7683 0.00860754
7684 -0.00924907
7685 -0.0526364
7686 -0.0460576
7687 -0.00857824
7688 0.0389212
7689 -0.0363523
7690 -0.0644221
7691 -0.0592855
7692 -0.0211963
7693 -0.0520596
7694 -0.0476538
7695 0.00677904
7696 -0.0509567
7697 -0.0166149
7698 -0.0202572
7699 -0.0865017
7700 -0.0160044
7701 -0.0134169
7702 0.012686
7703 0.00886186
7704 -0.00409601
7705 0.00517389
7706 0.0479439
7707 -0.0401219
7708 -0.061936
7709 -0.0186331
7710 0.0171994
7711 -0.0663239
7712 0.00312311
7713 -0.0543422
7714 -0.00509163
7715 -0.0629771
7716 -0.0861283
7717 -0.0370226
7718 -0.00614401
7719 0.0382284
7720 -0.0375032
7721 -0.00349843
7722 0.0268796
7723 -0.000159175
7724 -0.0181114
7725 -0.0740501
7726 -0.0231281
7727 -0.00970716
7728 -0.0682782
7729 -0.046646
7730 0.0114536
7731 0.000963135
7732 0.00639211
7733 -0.0143387
7734 0.0023193
7735 -0.0337549
7736 -0.0629106
7737 -0.064918
7738 -0.0445509
7739 -0.0627355
7740 -0.0217104
7741 -0.0340394
7742 0.0039887
7743 -0.0751926
7744 -0.0137859
7745 -0.0498165
7746 -0.0612474
7747 -0.0194183
7748 0.0342102
7749 0.0240454
7750 -0.03651
7751 -0.0402182
7752 -0.0345124
7753 -0.0470771
7754 -0.000414405
7755 -0.00183936
7756 -0.00864819
7757 -0.0369693
7758 -0.0640553
7759 -0.0782013
7760 -0.0382328
7761 -0.0471843
7762 0.00227381
7763 0.00760949
7764 0.0235375
7765 -0.00783489
7766 0.00962081
7767 -0.027578
7768 -0.056036
7769 -0.016147
7770 0.0186332
7771 -0.0431098
7772 -0.0356772
7773 0.0125382
7774 -0.0259347
7775 0.0186369
7776 -0.0458058
7777 -0.032091
7778 -0.0273344
7779 -0.0629067
7780 0.0463066
7781 0.00901746
7782 0.0350674
7783 0.00068996
7784 -0.0191373
7785 -0.00811812
7786 -0.0671328
7787 0.0201824
7788 -0.0102892
7789 0.00927813
7790 -0.0141524
7791 -0.0266253
7792 0.003082
7793 -0.0223228
7794 0.00267327
7795 -0.00341963
7796 -0.06451
7797 0.0226041
7798 -0.00424401
7799 -0.0126375
7800 -0.0303446
7801 0.00820184
7802 0.0175289
7803 -0.0154041
7804 0.0174542
7805 -0.014918
7806 -0.00468305
7807 0.0337157
7808 -0.0913088
7809 -0.0363966
7810 -0.0287026
7811 0.0100555
7812 -0.0252672
7813 0.0250565
7814 -0.048571
7815 -0.0205377
7816 0.0181897
7817 -0.053756
7818 0.0702427
7819 -0.000319885
7820 -0.110319
7821 -0.0868383
7822 -0.00554963
7823 0.0196013
7824 0.00375463
7825 0.0157775
7826 -0.00863121
7827 -0.0513726
7828 -0.0389304
7829 -0.0459393
7830 0.0222583
7831 0.0133284
7832 -0.0415194
7833 -0.0545374
7834 -0.0517733
7835 0.00155022
7836 0.0554634
7837 0.00609907
7838 -0.0591234
7839 -0.0358726
7840 0.0310257
7841 -0.0271298
7842 -0.041951
7843 0.028613
7844 -0.0273283
7845 0.00744439
7846 -0.0218904
7847 -0.0376714
7848 -0.0195072
7849 -0.0647356
7850 -0.0362007
7851 -0.0775295
7852 0.00563124
7853 -0.0470885
7854 -0.0631999
7855 -0.0215285
7856 -0.0772488
7857 -0.0365641
7858 -0.0194002
7859 -0.0306812
7860 -0.0451495
7861 -0.0232121
7862 -0.020029
7863 -0.0371335
7864 0.0228538
7865 0.0116152
7866 -0.0462924
7867 -0.0624375
7868 -0.0287377
7869 -0.0180117
7870 -0.0380125
7871 -0.0095294
7872 -0.0227704
7873 -0.0278707
7874 0.0398801
7875 -0.00332865
7876 -0.00145696
7877 0.0156927
7878 0.0136475
7879 -0.014814
7880 -0.0295407
7881 -0.0128777
7882 -0.00521346
7883 -0.00445726
7884 0.0378718
7885 -0.0336502
7886 -0.0512762
7887 -0.0339695
7888 -0.0130937
7889 -0.00539521
7890 -0.00728469
7891 -0.00573711
7892 0.0287361
7893 0.0110758
7894 -0.0123947
7895 -0.0311686
7896 -0.0284126
7897 0.00558673
7898 -0.0702075
7899 0.0099987
7900 -0.068285
7901 -0.0367977
7902 -0.00424404
7903 -0.0615062
7904 -0.0391783
7905 -0.0392616
7906 0.0465421
7907 0.023063
7908 -0.0137276
7909 -0.0143611
7910 0.00758916
7911 -0.0433937
7912 -0.0552371
7913 -0.0306525
7914 -0.0581119
7915 -0.048155
7916 -0.0186941
7917 -0.0620847
7918 -0.0395783
7919 -0.030829
7920 -0.0179868
7921 -0.0306505
7922 0.00946198
7923 -0.0266341
7924 -0.0242292
7925 -0.0452868
7926 -0.0361139
7927 0.0484564
7928 0.0305511
7929 -0.0293604
7930 -0.00799467
7931 0.0014243
7932 -0.00967639
7933 -0.0199623
7934 -0.032857
7935 -0.0215029
7936 0.00323835
7937 -0.00886109
7938 -0.056827
7939 -0.0326704
7940 -0.0792797
7941 -0.00716095
7942 -0.0675567
7943 -0.00456854
7944 -0.0144782
7945 0.0218194
7946 -0.0501103
7947 -0.0548465
7948 -0.0095429
7949 0.0287312
7950 -0.0610823
7951 -0.0230258
7952 -0.019432
7953 -0.0310045
7954 -0.00541159
7955 -0.0138406
7956 -0.0409429
7957 -0.024296
7958 -0.0528715
7959 -0.0688701
7960 -0.053204
7961 -0.00149682
7962 -0.0223569
7963 -0.025879
7964 -0.0352361
7965 -0.0473027
7966 -0.0139984
7967 -0.038443
7968 -0.0424075
7969 -0.0712082
7970 -0.000103597
7971 0.00544123
7972 -0.045833
7973 -0.0419974
7974 0.00832228
7975 -0.00248934
7976 0.0464488
7977 -0.035421
7978 -0.0562105
7979 -0.0825819
7980 -0.0634
7981 -0.015131
7982 -0.0390138
7983 0.00943783
7984 -0.0583339
7985 0.00768663
7986 0.0285236
7987 0.0131392
7988 -0.0432836
7989 -0.00575756
7990 -0.0304231
7991 0.00499706
7992 -0.0553953
7993 -0.00570425
7994 -0.0506659
7995 -0.00252913
7996 -0.0197281
7997 0.0103989
7998 -0.00451528
7999 -0.0158546
8000 -0.0918056
