5001 0.0211567
5002 -0.0538875
5003 -0.033116
5004 -0.0711469
5005 0.00761716
5006 -0.0623724
5007 0.0271829
5008 -0.041843
5009 -0.044638
5010 -0.0141145
5011 0.0249297
5012 -0.0212228
5013 0.0145721
5014 0.003014
5015 -0.0386323
5016 -0.0274894
5017 -0.0738317
5018 0.0278025
5019 -0.0797093
5020 -0.0460221
5021 0.055344
5022 -0.0254909
5023 0.0125937
5024 -0.0191022
5025 -0.0655601
5026 -0.000103597
5027 -0.082907
5028 -0.0575751
5029 -0.0244205
5030 -0.0570208
5031 0.0200448
5032 -0.0600744
5033 -0.0323673
5034 -0.0183236
5035 0.0244626
5036 -0.030014
5037 -0.00924659
5038 0.00379759
5039 -0.0271631
5040 -0.0708128
5041 -0.0162163
5042 -0.00626004
5043 -0.0538282
5044 0.00772513
5045 -0.0589197
5046 -0.0303874
5047 -0.0486594
5048 -0.0761749
5049 -0.0584739
5050 -0.0359489
5051 -0.039313
5052 -0.0354621
5053 0.00570233
5054 -0.00327179
5055 0.0565195
5056 -0.00269931
5057 -0.0260007
5058 -0.0728195
5059 -0.0286695
5060 -0.0269526
5061 -0.0512358
5062 -0.041204
5063 0.0055548
5064 0.0247014
5065 -0.0509701
5066 0.00279769
5067 -0.0575157
5068 -0.0400234
5069 -0.0589531
5070 -0.0214996
5071 -0.0518172
5072 0.0261119
5073 -0.0354897
5074 0.00449738
5075 -0.0258631
5076 -0.00425909
5077 0.00089605
5078 -0.0395484
5079 -0.0230562
5080 0.0218886
5081 -0.00556293
5082 -0.0222619
5083 0.00266575
5084 0.0201246
5085 0.0624736
5086 0.00352611
5087 -0.00339262
5088 -0.0231551
5089 -0.0302349
5090 0.0194225
5091 0.0129246
5092 0.0252056
5093 -0.0579464
5094 -0.0941891
5095 -0.03258
5096 -0.0577136
5097 -0.0434415
5098 -0.0325798
5099 -0.0213207
5100 -0.025808
5101 -0.0501042
5102 -0.00205531
5103 8.69833e-06
5104 -0.0418886
5105 -0.0407722
5106 0.00824951
5107 -0.027915
5108 -0.0150224
5109 -0.0914936
5110 -0.0236647
5111 -0.0635299
5112 0.0124557
5113 -0.000521132
5114 -0.0154638
5115 0.0248444
5116 -0.0478082
5117 0.0227759
5118 -0.0051488
5119 -0.00943413
5120 -0.0121838
5121 -0.0212985
5122 -0.00888466
5123 -0.0218866
5124 0.0121395
5125 0.0091176
5126 -0.0870078
5127 -0.046542
5128 -0.0400231
5129 0.037438
5130 0.00364311
5131 -0.0555776
5132 -0.0506233
5133 0.00684369
5134 -0.0176469
5135 0.0096036
5136 -0.034165
5137 -0.0483608
5138 -0.00312524
5139 -0.00520947
5140 -0.00342378
5141 -0.0114248
5142 -0.0270909
5143 -0.0648978
5144 -0.0142055
5145 -0.0563082
5146 0.0142007
5147 -0.0169144
5148 0.0355563
5149 -0.0405546
5150 -0.104544
5151 -0.0275325
5152 -0.0426507
5153 0.0252133
5154 -0.00300901
5155 0.0323728
5156 -0.0091247
5157 -0.0670816
5158 -0.035806
5159 -0.00191205
5160 -0.0140132
5161 -0.00698401
5162 -0.0608767
5163 -0.0267543
5164 0.0563979
5165 0.00277305
5166 -0.0423804
5167 -0.00944185
5168 -0.00772248
5169 0.0290957
5170 0.0494503
5171 0.0163459
5172 -0.0326535
5173 -0.0495332
5174 0.0246525
5175 -0.0568205
5176 0.00373443
5177 -0.0188962
5178 -0.028294
5179 -0.0682246
5180 -0.0236378
5181 -0.0329621
5182 -0.00248396
5183 -0.032217
5184 0.0285285
5185 0.0124335
5186 -0.039899
5187 -0.0472693
5188 6.70033e-05
5189 0.0375483
5190 -0.049998
5191 0.0296444
5192 -0.00950387
5193 -0.0182667
5194 -0.0947153
5195 -0.0652418
5196 -0.0286959
5197 -0.0367561
5198 0.00358805
5199 -0.00387573
5200 -0.0450157
5201 0.0195072
5202 -0.0918365
5203 -0.0521099
5204 -0.0379336
5205 -0.0412178
5206 0.0148709
5207 -0.056692
5208 0.0169079
5209 -0.0374809
5210 -0.0658752
5211 -0.019265
5212 -0.0150337
5213 -0.0449629
5214 -0.0618775
5215 0.0116035
5216 -0.0139144
5217 -0.0306279
5218 -0.0282906
5219 -0.0187519
5220 0.00388662
5221 -0.0547464
5222 0.0291725
5223 -0.0721512
5224 -0.0138235
5225 -0.0325246
5226 0.00889567
5227 -0.0431422
5228 -0.0159396
5229 -0.0304671
5230 0.00765795
5231 0.0207998
5232 -0.0276434
5233 -0.0878176
5234 -0.0184917
5235 -0.0407287
5236 0.00100021
5237 0.0336398
5238 -0.0416349
5239 -0.0430037
5240 -0.0619079
5241 -0.0116918
5242 -0.0464272
5243 -0.0523489
5244 -0.00399203
5245 -0.00572471
5246 -0.0102389
5247 -0.0398895
5248 -0.00559055
5249 0.004049
5250 -0.0483874
5251 -0.0479646
5252 -0.0159322
5253 -0.0424506
5254 -0.0141773
5255 -0.0323574
5256 0.0734915
5257 -0.0460711
5258 0.0143252
5259 -0.0742252
5260 -0.0185295
5261 -0.0809038
5262 -0.0105992
5263 -0.000191987
5264 -0.0451876
5265 -0.0500348
5266 -0.0600899
5267 0.00475236
5268 0.0382011
5269 -0.0151211
5270 -0.0719164
5271 0.0549636
5272 -0.0300539
5273 -0.0978873
5274 -0.0682927
5275 -0.00811142
5276 0.0351944
5277 -0.000470282
5278 -0.0365597
5279 -0.0231409
5280 -0.00712895
5281 -0.00315948
5282 -0.024672
5283 -0.0433784
5284 -0.0978873
5285 0.0298857
5286 0.0667271
5287 -0.0481785
5288 -0.0541094
5289 -0.0182002
5290 -0.0238872
5291 -0.00720589
5292 0.00105158
5293 -0.0813845
5294 -0.0224953
5295 -0.0629393
5296 -0.0884322
5297 -0.0599047
5298 0.00327333
5299 -0.0669392
5300 0.0113304
5301 -0.0249567
5302 -0.0472515
5303 0.0108317
5304 -0.0672667
5305 -0.0435816
5306 0.0791923
5307 -0.00966568
5308 0.00857446
5309 -0.0194458
5310 0.00902439
5311 0.0250879
5312 -0.0469035
5313 0.00867063
5314 -0.060089
5315 -0.0516644
5316 -0.0255141
5317 -0.0299958
5318 0.0321584
5319 -0.031765
5320 -0.00340337
5321 0.0176301
5322 -0.0196373
5323 -0.0471279
5324 -0.0180952
5325 -0.0329814
5326 -0.0532685
5327 0.035843
5328 -0.0675418
5329 0.0424838
5330 0.0430686
5331 -0.00927299
5332 0.0018966
5333 -0.0060512
5334 -0.033009
5335 -0.0560804
5336 -0.0734277
5337 -0.0199993
5338 0.0121457
5339 -0.0321906
5340 -0.0936483
5341 0.0432112
5342 -0.0680517
5343 -0.041218
5344 -0.0176523
5345 -0.0283462
5346 -0.0501616
5347 0.00618611
5348 -0.0625309
5349 0.0322621
5350 0.00901957
5351 -0.0687209
5352 -0.0338242
5353 -0.0463913
5354 0.0237403
5355 -0.0851047
5356 0.0244974
5357 -0.0555881
5358 0.0101473
5359 -0.017628
5360 0.0435561
5361 -0.0865053
5362 -0.088361
5363 -0.0401311
5364 -0.000897413
5365 -0.0423527
5366 -0.0239821
5367 -0.0703662
5368 -0.0331538
5369 -0.0359134
5370 -0.0412774
5371 -0.106511
5372 -0.0507038
5373 -0.046967
5374 -0.0556765
5375 -0.0450026
5376 -0.0239006
5377 -0.0264691
5378 -0.072743
5379 -0.00671251
5380 -0.0364859
5381 -0.0244253
5382 0.0595389
5383 0.00265855
5384 -0.0459849
5385 0.000389803
5386 0.0176435
5387 0.0219378
5388 0.0590635
5389 -0.0615292
5390 -0.00177169
5391 -0.00765497
5392 0.0359493
5393 0.013511
5394 -0.063551
5395 -0.0402488
5396 -0.0384677
5397 -0.0166129
5398 -0.00231084
5399 -0.0634206
5400 -0.01928
5401 -0.0084635
5402 -0.0143405
5403 -0.0188954
5404 -0.0273805
5405 -0.00770502
5406 -0.0139173
5407 -0.0734502
5408 -0.00989776
5409 -0.0307705
5410 -0.0663426
5411 0.0102706
5412 -0.0460346
5413 -0.0258797
5414 0.0158386
5415 -0.0104187
5416 -0.0251294
5417 -0.055553
5418 -0.00666156
5419 0.00533424
5420 -0.059977
5421 -0.0467304
5422 -0.0556221
5423 0.0352856
5424 -0.00320898
5425 -0.0336431
5426 -0.00103744
5427 -0.00942712
5428 -0.0498891
5429 -0.0154531
5430 -0.049891
5431 0.00619002
5432 -0.0273252
5433 -0.0300806
5434 -0.0021848
5435 0.000177873
5436 -0.049402
5437 -0.0104347
5438 -0.0623209
5439 -0.0452499
5440 -0.0441274
5441 -0.0215732
5442 0.0263881
5443 0.00812213
5444 -0.0592789
5445 -0.0200164
5446 0.0304154
5447 -0.0192905
5448 0.0468133
5449 -0.025416
5450 -0.00455169
5451 -0.0116986
5452 -0.0286112
5453 -0.0264836
5454 -0.0153244
5455 -0.0277672
5456 -0.0242325
5457 0.0333991
5458 -0.00721587
5459 0.0186039
5460 -0.00650359
5461 0.000149122
5462 -0.00902669
5463 -0.0310173
5464 0.025826
5465 -0.00504712
5466 -0.0139272
5467 -0.0407478
5468 -0.0344661
5469 -0.0391852
5470 -0.0164234
5471 -0.00980822
5472 -0.0314913
5473 -0.0823282
5474 -0.0141224
5475 -0.0274905
5476 -0.0114307
5477 -0.0242203
5478 -0.0789983
5479 -0.019447
5480 -0.018836
5481 -0.0517202
5482 -0.0166711
5483 0.015644
5484 -0.0212669
5485 -0.0917563
5486 -0.0846446
5487 -0.0317845
5488 0.00424645
5489 0.0171342
5490 0.0453967
5491 -0.0127394
5492 0.0373117
5493 -0.00598384
5494 -0.0371031
5495 0.00392008
5496 -0.0489503
5497 0.045149
5498 -0.0725965
5499 -0.0268185
5500 -0.0329439
5501 -0.0448071
5502 -0.0109773
5503 0.00229954
5504 -0.0461309
5505 0.00910955
5506 -0.00677369
5507 -0.0832608
5508 -0.0321511
5509 -0.0710992
5510 0.00503092
5511 0.0341108
5512 -0.0449325
5513 -0.0405679
5514 0.0129043
5515 -0.009338
5516 0.0275476
5517 -0.0378242
5518 0.00954648
5519 -0.0300499
5520 -0.0458624
5521 0.0138843
5522 -0.0480543
5523 -0.0893864
5524 -0.0584062
5525 0.00765347
5526 0.0175551
5527 -0.0217205
5528 -0.0524035
5529 0.032208
5530 0.0183454
5531 -0.0970445
5532 -0.051399
5533 -0.0042307
5534 -0.0722265
5535 -0.070762
5536 -0.0573795
5537 -0.0280326
5538 -0.0271834
5539 -0.030594
5540 -0.0264537
5541 -0.0156013
5542 -0.00412441
5543 -0.0265552
5544 0.0492346
5545 0.00270274
5546 0.00964853
5547 -0.0169042
5548 -0.0230608
5549 -0.0583629
5550 -0.0356712
5551 -0.0235689
5552 -0.0370181
5553 -0.0822883
5554 -0.054609
5555 -0.0134969
5556 0.00140956
5557 0.016406
5558 -0.00340796
5559 -0.000148658
5560 0.0755713
5561 -0.0141894
5562 0.0302013
5563 -0.0462944
5564 -0.00420077
5565 -0.00735562
5566 -0.083348
5567 0.0123324
5568 0.00340685
5569 -0.0218177
5570 -0.0031419
5571 -0.0129127
5572 0.00822412
5573 -0.0599357
5574 0.0108977
5575 -0.0419279
5576 -0.0861421
5577 -0.0422233
5578 -0.0320225
5579 0.0157505
5580 -0.02068
5581 -0.0437131
5582 -0.0137272
5583 -0.0363558
5584 -0.000899377
5585 0.0311712
5586 -0.0352283
5587 0.028627
5588 -0.0414725
5589 -0.0494514
5590 0.0178499
5591 -0.0074713
5592 -0.040107
5593 0.0286415
5594 -0.0334129
5595 -0.0658645
5596 0.00678616
5597 -0.0492214
5598 0.0104147
5599 -0.0397389
5600 -0.013977
5601 -0.0388587
5602 -0.0530669
5603 -0.042195
5604 -0.0586342
5605 0.00404219
5606 -0.0277319
5607 0.00262298
5608 -0.00760135
5609 -0.0261371
5610 -0.0213017
5611 -0.0554797
5612 -0.03315
5613 -0.0487637
5614 -0.0151638
5615 -0.00608409
5616 -0.0573546
5617 -0.0282813
5618 -0.028713
5619 0.00211364
5620 -0.0632993
5621 -0.0107457
5622 -0.0241448
5623 -0.0144562
5624 -0.0220685
5625 -0.0389143
5626 -0.0397117
5627 -0.0153856
5628 0.014558
5629 -0.0528711
5630 -0.0893525
5631 0.0411526
5632 -0.0382829
5633 -0.0541594
5634 -0.00932082
5635 0.0169082
5636 -0.033567
5637 0.00715153
5638 -0.0636931
5639 -0.0600242
5640 -0.0130889
5641 -0.0172815
5642 0.00758662
5643 -0.0410823
5644 0.0317057
5645 -0.0244877
5646 -0.0533487
5647 -0.0169306
5648 0.0281521
5649 -0.0896975
5650 -0.0353743
5651 -0.0276463
5652 0.00356921
5653 0.028852
5654 -0.0729773
5655 -0.00436107
5656 -0.0607222
5657 0.0174203
5658 -0.00915497
5659 -0.00832185
5660 -0.0892825
5661 -0.00821096
5662 -0.0980348
5663 -0.0370478
5664 -0.0424539
5665 -0.00370675
5666 -0.0272054
5667 0.02394
5668 -0.0603919
5669 -0.0734812
5670 -0.00765305
5671 -0.00057906
5672 -0.0306493
5673 -0.0033774
5674 -0.0241669
5675 0.0156205
5676 -0.0211424
5677 -0.0605058
5678 0.00767669
5679 -0.0584474
5680 -0.0156966
5681 -0.0335923
5682 0.0138325
5683 -0.0218942
5684 0.00295832
5685 0.0129751
5686 -0.0525665
5687 0.0400183
5688 -0.0309385
5689 -0.0293603
5690 -0.00859482
5691 -0.0192762
5692 0.0138468
5693 -0.0144004
5694 0.00650768
5695 -0.065562
5696 -0.0151816
5697 0.0194589
5698 -0.0447844
5699 0.00592588
5700 -0.00204186
5701 -0.0314725
5702 -0.0275547
5703 0.0196189
5704 -0.0108821
5705 -0.0452818
5706 -0.0336007
5707 -0.0112529
5708 -0.0244196
5709 -0.00959917
5710 0.0269103
5711 -0.0453388
5712 -0.00957284
5713 -0.0345044
5714 -0.00831279
5715 0.00506698
5716 -0.0170121
5717 -0.0187139
5718 0.00121563
5719 0.0339079
5720 -0.0576958
5721 0.0155262
5722 -0.101705
5723 0.029267
5724 -0.0217779
5725 -0.0672062
5726 0.0228268
5727 -0.0424254
5728 0.0242649
5729 0.0292146
5730 -0.0438988
5731 -0.0226981
5732 -0.0325473
5733 -0.0285231
5734 -0.077005
5735 0.0330523
5736 0.00792354
5737 0.0493126
5738 -0.0199245
5739 -0.0383269
5740 0.051922
5741 -0.0076256
5742 -0.0502755
5743 -0.0165437
5744 -0.026174
5745 0.042357
5746 -0.0136997
5747 -0.00823112
5748 -0.00154933
5749 0.0144248
5750 -0.00334136
5751 0.000965478
5752 -0.0655096
5753 -0.0152852
5754 -0.0479448
5755 -0.0162216
5756 -0.00712083
5757 -0.0471142
5758 -0.043264
5759 -0.017702
5760 -0.0181713
5761 0.0388005
5762 -0.0779826
5763 0.00368355
5764 0.00436217
5765 -0.00851301
5766 -0.0614647
5767 0.0182
5768 -0.1032
5769 -0.0502881
5770 0.0569174
5771 -0.0288388
5772 -0.000173127
5773 -0.00873777
5774 -0.0123228
5775 0.0243039
5776 -0.0100327
5777 0.000591218
5778 -0.0167427
5779 -0.037957
5780 -0.0616757
5781 -0.096638
5782 -0.0679456
5783 0.0326287
5784 -0.0496814
5785 -0.0120532
5786 0.0446209
5787 -0.0520516
5788 -0.0856629
5789 -0.0784409
5790 -0.0346228
5791 0.0593738
5792 0.0124423
5793 0.000828615
5794 -0.00416378
5795 0.0137997
5796 -0.00294327
5797 -0.058155
5798 0.00921917
5799 -0.0440556
5800 -0.0203903
5801 -0.0474957
5802 -0.0377974
5803 0.0139272
5804 -0.0453172
5805 -0.00442694
5806 -0.0392594
5807 -0.0346343
5808 0.023737
5809 0.00557727
5810 -9.31833e-06
5811 -0.0467357
5812 -0.0538744
5813 0.0199106
5814 -0.0127009
5815 -0.00491461
5816 -0.00604615
5817 -0.0270626
5818 -0.0488955
5819 -0.0217659
5820 -0.0574346
5821 0.0270107
5822 0.0404512
5823 -0.0564462
5824 -0.00590826
5825 -0.00265848
5826 -0.00798489
5827 -0.0413412
5828 -0.0409745
5829 -0.0751948
5830 0.000221695
5831 -0.0226145
5832 0.0267283
5833 0.006174
5834 -0.0755813
5835 -0.0548259
5836 -0.00446872
5837 -0.0313436
5838 -0.00801619
5839 -0.0747533
5840 -0.0551186
5841 -0.0115884
5842 -0.0483637
5843 0.0560715
5844 -0.0273596
5845 -0.0141044
5846 -0.0378151
5847 -0.0481999
5848 -0.0798067
5849 -0.0370514
5850 0.0335644
5851 -0.0686546
5852 -0.0742617
5853 -0.0273479
5854 -0.045286
5855 -0.0130118
5856 0.021207
5857 -0.00875448
5858 -0.089517
5859 -0.0388369
5860 -0.0133073
5861 -0.0279525
5862 -0.0522648
5863 -0.0287578
5864 -0.036682
5865 0.0203597
5866 -0.0162816
5867 -0.000122932
5868 -0.0109083
5869 0.0176711
5870 -0.0581031
5871 -0.0561516
5872 -0.0151607
5873 0.00622229
5874 -0.0451793
5875 -0.0291858
5876 0.0183055
5877 -0.00797638
5878 -0.0467207
5879 -0.0429883
5880 0.01062
5881 -0.0393993
5882 0.019549
5883 -0.0298835
5884 -0.0155072
5885 -0.0308978
5886 0.00632666
5887 -0.011833
5888 -0.0365861
5889 -0.0164358
5890 -0.0731643
5891 -0.0438727
5892 -0.0107445
5893 0.0218263
5894 0.00859443
5895 -0.0194478
5896 -0.0155652
5897 -0.0333869
5898 -0.0470161
5899 -0.0204501
5900 -0.0265354
5901 -0.0299203
5902 0.0237715
5903 -0.000392795
5904 -0.0402929
5905 0.0304336
5906 -0.00359251
5907 -0.059722
5908 -0.0118302
5909 0.00376899
5910 -0.00896283
5911 -0.055335
5912 -0.00467313
5913 -0.0231142
5914 -0.0928652
5915 -0.0600927
5916 -0.0326
5917 0.0126397
5918 0.00486956
5919 -0.0579466
5920 -0.0690674
5921 0.032242
5922 0.0278848
5923 -0.0419671
5924 0.0453501
5925 -0.0274349
5926 -0.0165717
5927 -0.00707318
5928 -0.0336824
5929 0.000851147
5930 0.00913095
5931 -0.0222063
5932 -0.0221719
5933 0.018609
5934 0.0142257
5935 -0.0275793
5936 -0.00381661
5937 -0.0519178
5938 -0.045159
5939 -0.00505492
5940 -0.0898651
5941 0.011648
5942 -0.0122421
5943 -0.101897
5944 -0.00762739
5945 -0.0161109
5946 -0.0401413
5947 -0.00108489
5948 -0.040937
5949 -0.00235214
5950 -0.0150013
5951 -0.061143
5952 0.0130685
5953 0.0283893
5954 -0.0219745
5955 -0.00227769
5956 0.00513537
5957 -0.0332738
5958 0.0290784
5959 0.00371322
5960 -0.0326814
5961 -0.00549436
5962 0.0109984
5963 -0.0428272
5964 -0.0518112
5965 -0.0257518
5966 0.0521495
5967 -0.0248481
5968 -0.0249881
5969 -0.0113173
5970 -0.0509037
5971 -0.0414406
5972 -0.0397544
5973 -0.00185713
5974 -0.0365786
5975 0.00297753
5976 -0.0645689
5977 0.0137949
5978 0.0281596
5979 -0.00953006
5980 0.0346236
5981 -0.00818226
5982 -0.0030695
5983 -0.0866271
5984 -0.0402367
5985 -0.0646913
5986 -0.0897755
5987 -0.0582912
5988 -0.0153387
5989 -0.010155
5990 -0.0434455
5991 0.0230395
5992 0.0121901
5993 -0.0285818
5994 -0.0158208
5995 -0.0562965
5996 -0.0108582
5997 -0.0402529
5998 -0.00473734
5999 -0.0355276
6000 0.049141
