7001 -0.186244
7002 -0.168756
7003 -0.184765
7004 -0.149686
7005 -0.189592
7006 -0.189755
7007 -0.184534
7008 -0.172032
7009 -0.184962
7010 -0.162813
7011 -0.206029
7012 -0.192658
7013 -0.184616
7014 -0.165872
7015 -0.204707
7016 -0.168644
7017 -0.161005
7018 -0.205912
7019 -0.177847
7020 -0.169032
7021 -0.152872
7022 -0.202736
7023 -0.18308
7024 -0.172585
7025 -0.157394
7026 -0.163986
7027 -0.175741
7028 -0.150621
7029 -0.191574
7030 -0.182768
7031 -0.193774
7032 -0.163109
7033 -0.182659
7034 -0.165978
7035 -0.182447
7036 -0.16192
7037 -0.200929
7038 -0.18409
7039 -0.165015
7040 -0.171029
7041 -0.180353
7042 -0.175754
7043 -0.14485
7044 -0.200729
7045 -0.159633
7046 -0.18214
7047 -0.16082
7048 -0.198107
7049 -0.159231
7050 -0.185614
7051 -0.182578
7052 -0.187923
7053 -0.176635
7054 -0.182664
7055 -0.168041
7056 -0.19466
7057 -0.185242
7058 -0.165638
7059 -0.179652
7060 -0.178321
7061 -0.170435
7062 -0.181548
7063 -0.194315
7064 -0.181222
7065 -0.18393
7066 -0.20254
7067 -0.170556
7068 -0.170012
7069 -0.186384
7070 -0.146705
7071 -0.160342
7072 -0.168548
7073 -0.164778
7074 -0.193568
7075 -0.177302
7076 -0.172001
7077 -0.187143
7078 -0.180028
7079 -0.174309
7080 -0.185964
7081 -0.201924
7082 -0.186019
7083 -0.179422
7084 -0.186448
7085 -0.166156
7086 -0.159665
7087 -0.162232
7088 -0.176732
7089 -0.161943
7090 -0.186068
7091 -0.164756
7092 -0.171006
7093 -0.187333
7094 -0.191146
7095 -0.191727
7096 -0.188005
7097 -0.194244
7098 -0.197877
7099 -0.200779
7100 -0.168308
7101 -0.199321
7102 -0.145755
7103 -0.137795
7104 -0.156475
7105 -0.183856
7106 -0.177929
7107 -0.173621
7108 -0.183848
7109 -0.189003
7110 -0.171694
7111 -0.172208
7112 -0.180363
7113 -0.172585
7114 -0.199676
7115 -0.170499
7116 -0.19722
7117 -0.159244
7118 -0.182013
7119 -0.187531
7120 -0.165205
7121 -0.202489
7122 -0.198215
7123 -0.153038
7124 -0.176053
7125 -0.186037
7126 -0.148326
7127 -0.154391
7128 -0.162327
7129 -0.164911
7130 -0.181587
7131 -0.201014
7132 -0.174364
7133 -0.161246
7134 -0.204772
7135 -0.173039
7136 -0.18396
7137 -0.203561
7138 -0.205587
7139 -0.158564
7140 -0.162331
7141 -0.161257
7142 -0.184816
7143 -0.160829
7144 -0.189318
7145 -0.168992
7146 -0.179555
7147 -0.174218
7148 -0.182493
7149 -0.190021
7150 -0.197084
7151 -0.178942
7152 -0.181429
7153 -0.163519
7154 -0.192248
7155 -0.178291
7156 -0.163129
7157 -0.154967
7158 -0.187128
7159 -0.159122
7160 -0.163819
7161 -0.17448
7162 -0.185689
7163 -0.143382
7164 -0.183647
7165 -0.190338
7166 -0.171847
7167 -0.166912
7168 -0.194903
7169 -0.180566
7170 -0.179032
7171 -0.182471
7172 -0.166759
7173 -0.166376
7174 -0.184431
7175 -0.181296
7176 -0.188152
7177 -0.161084
7178 -0.179835
7179 -0.188784
7180 -0.200245
7181 -0.180059
7182 -0.177467
7183 -0.19863
7184 -0.16665
7185 -0.171342
7186 -0.168449
7187 -0.173411
7188 -0.160298
7189 -0.179016
7190 -0.162468
7191 -0.167889
7192 -0.168877
7193 -0.192254
7194 -0.171574
7195 -0.190837
7196 -0.1914
7197 -0.161953
7198 -0.163002
7199 -0.19528
7200 -0.149413
7201 -0.17612
7202 -0.168372
7203 -0.178191
7204 -0.158741
7205 -0.1842
7206 -0.183361
7207 -0.175834
7208 -0.198481
7209 -0.19371
7210 -0.203333
7211 -0.163471
7212 -0.175918
7213 -0.162558
7214 -0.199738
7215 -0.205312
7216 -0.188939
7217 -0.145142
7218 -0.188666
7219 -0.169493
7220 -0.172268
7221 -0.155613
7222 -0.164606
7223 -0.165868
7224 -0.145789
7225 -0.190373
7226 -0.165317
7227 -0.183611
7228 -0.191165
7229 -0.193926
7230 -0.161001
7231 -0.171734
7232 -0.129312
7233 -0.173924
7234 -0.17739
7235 -0.180175
7236 -0.156193
7237 -0.199997
7238 -0.208009
7239 -0.180453
7240 -0.156576
7241 -0.146034
7242 -0.167131
7243 -0.170687
7244 -0.196772
7245 -0.187687
7246 -0.206019
7247 -0.186532
7248 -0.168202
7249 -0.165779
7250 -0.194175
7251 -0.205027
7252 -0.192236
7253 -0.175069
7254 -0.156123
7255 -0.17582
7256 -0.178222
7257 -0.202349
7258 -0.184758
7259 -0.177857
7260 -0.164167
7261 -0.195479
7262 -0.183359
7263 -0.168413
7264 -0.175626
7265 -0.177753
7266 -0.161177
7267 -0.172571
7268 -0.173994
7269 -0.171291
7270 -0.201508
7271 -0.167557
7272 -0.172862
7273 -0.16965
7274 -0.168841
7275 -0.16799
7276 -0.161331
7277 -0.169998
7278 -0.193716
7279 -0.155911
7280 -0.189684
7281 -0.18094
7282 -0.173535
7283 -0.179352
7284 -0.145219
7285 -0.154219
7286 -0.163031
7287 -0.190861
7288 -0.167313
7289 -0.192625
7290 -0.174493
7291 -0.17926
7292 -0.196416
7293 -0.171492
7294 -0.183933
7295 -0.180636
7296 -0.161498
7297 -0.149185
7298 -0.173889
7299 -0.172204
7300 -0.191573
7301 -0.178614
7302 -0.163976
7303 -0.170786
7304 -0.190585
7305 -0.164328
7306 -0.186108
7307 -0.148996
7308 -0.15441
7309 -0.171078
7310 -0.204143
7311 -0.155415
7312 -0.189206
7313 -0.199379
7314 -0.184664
7315 -0.161322
7316 -0.197191
7317 -0.181454
7318 -0.149312
7319 -0.156575
7320 -0.187524
7321 -0.201706
7322 -0.18382
7323 -0.167164
7324 -0.161035
7325 -0.157613
7326 -0.154689
7327 -0.177309
7328 -0.165002
7329 -0.136302
7330 -0.198638
7331 -0.186
7332 -0.17967
7333 -0.19691
7334 -0.161297
7335 -0.199425
7336 -0.173335
7337 -0.179066
7338 -0.173043
7339 -0.182294
7340 -0.181329
7341 -0.190613
7342 -0.157984
7343 -0.133653
7344 -0.196916
7345 -0.136575
7346 -0.14934
7347 -0.168962
7348 -0.184907
7349 -0.195256
7350 -0.173717
7351 -0.175129
7352 -0.178953
7353 -0.182889
7354 -0.175951
7355 -0.157347
7356 -0.185759
7357 -0.175477
7358 -0.177552
7359 -0.155432
7360 -0.168984
7361 -0.190856
7362 -0.165615
7363 -0.150715
7364 -0.193803
7365 -0.175268
7366 -0.173194
7367 -0.167186
7368 -0.164422
7369 -0.198096
7370 -0.184282
7371 -0.196669
7372 -0.191913
7373 -0.175011
7374 -0.199157
7375 -0.176782
7376 -0.166435
7377 -0.185477
7378 -0.179161
7379 -0.170498
7380 -0.16271
7381 -0.176365
7382 -0.176465
7383 -0.167598
7384 -0.176715
7385 -0.184086
7386 -0.18847
7387 -0.198172
7388 -0.174411
7389 -0.190299
7390 -0.173036
7391 -0.173741
7392 -0.170602
7393 -0.177693
7394 -0.172847
7395 -0.171491
7396 -0.155071
7397 -0.179199
7398 -0.171531
7399 -0.177385
7400 -0.183332
7401 -0.186415
7402 -0.134513
7403 -0.207508
7404 -0.16718
7405 -0.150333
7406 -0.170986
7407 -0.174677
7408 -0.171485
7409 -0.167372
7410 -0.151473
7411 -0.171791
7412 -0.195238
7413 -0.190235
7414 -0.17386
7415 -0.176166
7416 -0.177042
7417 -0.182063
7418 -0.176783
7419 -0.158313
7420 -0.176586
7421 -0.170748
7422 -0.193693
7423 -0.194283
7424 -0.181839
7425 -0.18781
7426 -0.183969
7427 -0.162179
7428 -0.178851
7429 -0.19631
7430 -0.18505
7431 -0.193834
7432 -0.168724
7433 -0.167058
7434 -0.169516
7435 -0.153037
7436 -0.168908
7437 -0.13364
7438 -0.173357
7439 -0.186864
7440 -0.194471
7441 -0.196477
7442 -0.161604
7443 -0.189129
7444 -0.159536
7445 -0.191392
7446 -0.166202
7447 -0.195074
7448 -0.181124
7449 -0.19778
7450 -0.17512
7451 -0.16552
7452 -0.185389
7453 -0.174905
7454 -0.203124
7455 -0.156213
7456 -0.170316
7457 -0.156744
7458 -0.175755
7459 -0.173947
7460 -0.1777
7461 -0.197428
7462 -0.165808
7463 -0.178065
7464 -0.179531
7465 -0.164591
7466 -0.167556
7467 -0.166179
7468 -0.173042
7469 -0.176637
7470 -0.171618
7471 -0.162872
7472 -0.149366
7473 -0.186302
7474 -0.163848
7475 -0.156431
7476 -0.189497
7477 -0.166984
7478 -0.181398
7479 -0.202846
7480 -0.186095
7481 -0.177755
7482 -0.155449
7483 -0.19712
7484 -0.183295
7485 -0.176574
7486 -0.192049
7487 -0.194927
7488 -0.172443
7489 -0.203454
7490 -0.15662
7491 -0.178867
7492 -0.184399
7493 -0.182159
7494 -0.175624
7495 -0.171326
7496 -0.189822
7497 -0.157038
7498 -0.184752
7499 -0.175318
7500 -0.189692
7501 -0.171795
7502 -0.202295
7503 -0.152679
7504 -0.19912
7505 -0.149332
7506 -0.188457
7507 -0.196283
7508 -0.179522
7509 -0.164357
7510 -0.159367
7511 -0.181051
7512 -0.158856
7513 -0.149956
7514 -0.191031
7515 -0.185404
7516 -0.203902
7517 -0.178497
7518 -0.181551
7519 -0.190223
7520 -0.200191
7521 -0.193984
7522 -0.181272
7523 -0.157608
7524 -0.190302
7525 -0.183139
7526 -0.146768
7527 -0.205648
7528 -0.160486
7529 -0.192307
7530 -0.165913
7531 -0.169695
7532 -0.19177
7533 -0.183712
7534 -0.198815
7535 -0.185344
7536 -0.169967
7537 -0.17898
7538 -0.193371
7539 -0.184657
7540 -0.192534
7541 -0.148445
7542 -0.182438
7543 -0.181682
7544 -0.193558
7545 -0.175639
7546 -0.127992
7547 -0.161884
7548 -0.174991
7549 -0.157575
7550 -0.181902
7551 -0.18628
7552 -0.161703
7553 -0.158286
7554 -0.145672
7555 -0.164976
7556 -0.174796
7557 -0.203908
7558 -0.175827
7559 -0.180487
7560 -0.19244
7561 -0.197556
7562 -0.198345
7563 -0.1768
7564 -0.168194
7565 -0.161387
7566 -0.172106
7567 -0.196948
7568 -0.164972
7569 -0.150836
7570 -0.163082
7571 -0.192448
7572 -0.177302
7573 -0.144391
7574 -0.195626
7575 -0.202517
7576 -0.174406
7577 -0.141846
7578 -0.199461
7579 -0.185403
7580 -0.12697
7581 -0.16595
7582 -0.166245
7583 -0.152678
7584 -0.142698
7585 -0.159729
7586 -0.164759
7587 -0.182306
7588 -0.196795
7589 -0.173276
7590 -0.158091
7591 -0.203756
7592 -0.146894
7593 -0.16746
7594 -0.169529
7595 -0.183663
7596 -0.160841
7597 -0.173926
7598 -0.196686
7599 -0.159539
7600 -0.188374
7601 -0.18201
7602 -0.172425
7603 -0.197076
7604 -0.189231
7605 -0.199857
7606 -0.198515
7607 -0.175905
7608 -0.146135
7609 -0.208496
7610 -0.165041
7611 -0.148565
7612 -0.177689
7613 -0.187186
7614 -0.153482
7615 -0.183672
7616 -0.180262
7617 -0.177413
7618 -0.187324
7619 -0.176792
7620 -0.16876
7621 -0.170776
7622 -0.168124
7623 -0.198488
7624 -0.169042
7625 -0.174355
7626 -0.165319
7627 -0.187602
7628 -0.179866
7629 -0.204203
7630 -0.152286
7631 -0.175371
7632 -0.189604
7633 -0.16428
7634 -0.205544
7635 -0.191536
7636 -0.186335
7637 -0.196805
7638 -0.192325
7639 -0.201441
7640 -0.13951
7641 -0.163367
7642 -0.195183
7643 -0.163381
7644 -0.181496
7645 -0.15457
7646 -0.171799
7647 -0.196069
7648 -0.156495
7649 -0.167453
7650 -0.148205
7651 -0.154879
7652 -0.161237
7653 -0.168182
7654 -0.195252
7655 -0.155136
7656 -0.180204
7657 -0.143675
7658 -0.182023
7659 -0.182122
7660 -0.18947
7661 -0.146586
7662 -0.203665
7663 -0.168534
7664 -0.188471
7665 -0.167599
7666 -0.155774
7667 -0.199404
7668 -0.161135
7669 -0.167751
7670 -0.180699
7671 -0.167964
7672 -0.177634
7673 -0.181346
7674 -0.151282
7675 -0.184662
7676 -0.186379
7677 -0.177452
7678 -0.198348
7679 -0.177276
7680 -0.167391
7681 -0.183512
7682 -0.206105
7683 -0.183046
7684 -0.154146
7685 -0.179572
7686 -0.188511
7687 -0.171305
7688 -0.161502
7689 -0.161985
7690 -0.169543
7691 -0.171315
7692 -0.174591
7693 -0.160255
7694 -0.170047
7695 -0.163369
7696 -0.201494
7697 -0.154042
7698 -0.174989
7699 -0.192145
7700 -0.18294
7701 -0.17788
7702 -0.184832
7703 -0.169448
7704 -0.158282
7705 -0.170639
7706 -0.208195
7707 -0.18635
7708 -0.193811
7709 -0.201788
7710 -0.17711
7711 -0.188823
7712 -0.175743
7713 -0.191573
7714 -0.182074
7715 -0.190717
7716 -0.198591
7717 -0.187744
7718 -0.168717
7719 -0.187825
7720 -0.150847
7721 -0.196395
7722 -0.183898
7723 -0.176085
7724 -0.176411
7725 -0.173895
7726 -0.159798
7727 -0.167573
7728 -0.176829
7729 -0.194751
7730 -0.176712
7731 -0.18424
7732 -0.162814
7733 -0.182493
7734 -0.171459
7735 -0.159591
7736 -0.191074
7737 -0.202174
7738 -0.186929
7739 -0.200897
7740 -0.176619
7741 -0.174212
7742 -0.168523
7743 -0.180162
7744 -0.183545
7745 -0.185061
7746 -0.183273
7747 -0.161561
7748 -0.178112
7749 -0.189273
7750 -0.187364
7751 -0.181638
7752 -0.186688
7753 -0.161779
7754 -0.17998
7755 -0.181075
7756 -0.161358
7757 -0.197757
7758 -0.18996
7759 -0.19041
7760 -0.198858
7761 -0.16364
7762 -0.147509
7763 -0.164989
7764 -0.169886
7765 -0.179211
7766 -0.177852
7767 -0.166633
7768 -0.200091
7769 -0.152649
7770 -0.150599
7771 -0.169855
7772 -0.171323
7773 -0.193238
7774 -0.152941
7775 -0.183273
7776 -0.156737
7777 -0.181729
7778 -0.180556
7779 -0.18747
7780 -0.189786
7781 -0.159499
7782 -0.175399
7783 -0.17551
7784 -0.166457
7785 -0.17837
7786 -0.184512
7787 -0.192429
7788 -0.177947
7789 -0.176399
7790 -0.1837
7791 -0.182229
7792 -0.186666
7793 -0.16938
7794 -0.187441
7795 -0.193973
7796 -0.195057
7797 -0.174172
7798 -0.182211
7799 -0.153686
7800 -0.143311
7801 -0.171322
7802 -0.166454
7803 -0.168047
7804 -0.179801
7805 -0.150297
7806 -0.176437
7807 -0.183585
7808 -0.191859
7809 -0.187449
7810 -0.160272
7811 -0.179712
7812 -0.152482
7813 -0.18238
7814 -0.182037
7815 -0.128674
7816 -0.199206
7817 -0.189149
7818 -0.188955
7819 -0.174799
7820 -0.198672
7821 -0.19291
7822 -0.185368
7823 -0.173395
7824 -0.183825
7825 -0.158684
7826 -0.179442
7827 -0.199457
7828 -0.150827
7829 -0.194013
7830 -0.166499
7831 -0.158437
7832 -0.176171
7833 -0.202271
7834 -0.192338
7835 -0.200186
7836 -0.194596
7837 -0.184952
7838 -0.185318
7839 -0.182515
7840 -0.197181
7841 -0.16632
7842 -0.159305
7843 -0.182965
7844 -0.158143
7845 -0.161775
7846 -0.19405
7847 -0.176214
7848 -0.18209
7849 -0.193655
7850 -0.14052
7851 -0.186059
7852 -0.159205
7853 -0.170369
7854 -0.156137
7855 -0.178088
7856 -0.195897
7857 -0.168219
7858 -0.186118
7859 -0.171152
7860 -0.16907
7861 -0.188823
7862 -0.193659
7863 -0.18141
7864 -0.174186
7865 -0.158623
7866 -0.194629
7867 -0.162524
7868 -0.180411
7869 -0.178103
7870 -0.201529
7871 -0.186409
7872 -0.165252
7873 -0.158237
7874 -0.190564
7875 -0.161745
7876 -0.176399
7877 -0.166303
7878 -0.18001
7879 -0.154615
7880 -0.177572
7881 -0.161262
7882 -0.159673
7883 -0.180007
7884 -0.164661
7885 -0.170322
7886 -0.164254
7887 -0.145656
7888 -0.155237
7889 -0.165488
7890 -0.154337
7891 -0.16021
7892 -0.183991
7893 -0.156987
7894 -0.176755
7895 -0.207834
7896 -0.155646
7897 -0.171378
7898 -0.169507
7899 -0.169785
7900 -0.189806
7901 -0.178238
7902 -0.194462
7903 -0.20146
7904 -0.150406
7905 -0.166114
7906 -0.207284
7907 -0.155799
7908 -0.156432
7909 -0.168091
7910 -0.154202
7911 -0.160912
7912 -0.18591
7913 -0.152549
7914 -0.188205
7915 -0.158861
7916 -0.198951
7917 -0.163947
7918 -0.197505
7919 -0.190778
7920 -0.185281
7921 -0.199421
7922 -0.164677
7923 -0.198725
7924 -0.182593
7925 -0.169831
7926 -0.152536
7927 -0.20068
7928 -0.168887
7929 -0.182131
7930 -0.164912
7931 -0.153845
7932 -0.172193
7933 -0.201794
7934 -0.157931
7935 -0.178557
7936 -0.176267
7937 -0.164063
7938 -0.178227
7939 -0.178497
7940 -0.198175
7941 -0.186305
7942 -0.187065
7943 -0.185821
7944 -0.197003
7945 -0.169871
7946 -0.203018
7947 -0.197022
7948 -0.199709
7949 -0.188058
7950 -0.163036
7951 -0.184567
7952 -0.172389
7953 -0.184313
7954 -0.156849
7955 -0.185777
7956 -0.181949
7957 -0.167851
7958 -0.196339
7959 -0.191762
7960 -0.186591
7961 -0.15822
7962 -0.17333
7963 -0.188919
7964 -0.130688
7965 -0.151098
7966 -0.159189
7967 -0.171456
7968 -0.183341
7969 -0.194956
7970 -0.183298
7971 -0.150512
7972 -0.163617
7973 -0.178564
7974 -0.178879
7975 -0.184627
7976 -0.193204
7977 -0.186795
7978 -0.194725
7979 -0.207469
7980 -0.180954
7981 -0.193841
7982 -0.184158
7983 -0.166741
7984 -0.173722
7985 -0.167484
7986 -0.177281
7987 -0.17424
7988 -0.199576
7989 -0.157821
7990 -0.18492
7991 -0.16192
7992 -0.177714
7993 -0.150817
7994 -0.197353
7995 -0.165786
7996 -0.188745
7997 -0.190433
7998 -0.172633
7999 -0.18912
8000 -0.197992
