2001 -0.176679
2002 -0.192819
2003 -0.157132
2004 -0.157297
2005 -0.187632
2006 -0.189065
2007 -0.17875
2008 -0.158171
2009 -0.189804
2010 -0.152273
2011 -0.160071
2012 -0.189622
2013 -0.154285
2014 -0.165358
2015 -0.150595
2016 -0.142295
2017 -0.15667
2018 -0.189324
2019 -0.168487
2020 -0.158001
2021 -0.173019
2022 -0.185134
2023 -0.190075
2024 -0.177304
2025 -0.186524
2026 -0.201469
2027 -0.166439
2028 -0.183864
2029 -0.203533
2030 -0.159386
2031 -0.187299
2032 -0.196241
2033 -0.181425
2034 -0.145741
2035 -0.16267
2036 -0.204248
2037 -0.20691
2038 -0.177219
2039 -0.146497
2040 -0.151523
2041 -0.176648
2042 -0.148797
2043 -0.167271
2044 -0.174243
2045 -0.175126
2046 -0.160776
2047 -0.159599
2048 -0.173108
2049 -0.188075
2050 -0.155946
2051 -0.19612
2052 -0.159878
2053 -0.167487
2054 -0.182948
2055 -0.177765
2056 -0.191276
2057 -0.182802
2058 -0.195449
2059 -0.169606
2060 -0.200066
2061 -0.1893
2062 -0.200185
2063 -0.178567
2064 -0.178663
2065 -0.177986
2066 -0.179961
2067 -0.191434
2068 -0.167771
2069 -0.168683
2070 -0.197154
2071 -0.190224
2072 -0.174092
2073 -0.16713
2074 -0.176392
2075 -0.197496
2076 -0.199225
2077 -0.162897
2078 -0.161774
2079 -0.176899
2080 -0.14863
2081 -0.184118
2082 -0.162047
2083 -0.169177
2084 -0.158876
2085 -0.164301
2086 -0.201309
2087 -0.2026
2088 -0.160375
2089 -0.160429
2090 -0.166272
2091 -0.146958
2092 -0.152048
2093 -0.174044
2094 -0.166898
2095 -0.174044
2096 -0.167777
2097 -0.164182
2098 -0.178191
2099 -0.189992
2100 -0.159757
2101 -0.166814
2102 -0.176511
2103 -0.177411
2104 -0.179449
2105 -0.177003
2106 -0.142148
2107 -0.173134
2108 -0.204366
2109 -0.19101
2110 -0.196579
2111 -0.171039
2112 -0.184464
2113 -0.170884
2114 -0.206962
2115 -0.187127
2116 -0.145309
2117 -0.197681
2118 -0.175441
2119 -0.189698
2120 -0.165233
2121 -0.180449
2122 -0.166324
2123 -0.182465
2124 -0.207157
2125 -0.15177
2126 -0.189096
2127 -0.152689
2128 -0.202221
2129 -0.192908
2130 -0.192917
2131 -0.19385
2132 -0.189584
2133 -0.174737
2134 -0.191042
2135 -0.16606
2136 -0.176047
2137 -0.172194
2138 -0.19268
2139 -0.180313
2140 -0.169805
2141 -0.150358
2142 -0.188646
2143 -0.16888
2144 -0.182538
2145 -0.203254
2146 -0.182367
2147 -0.17933
2148 -0.149865
2149 -0.162123
2150 -0.129352
2151 -0.174989
2152 -0.195675
2153 -0.202768
2154 -0.166854
2155 -0.187441
2156 -0.187296
2157 -0.144111
2158 -0.177829
2159 -0.191209
2160 -0.149727
2161 -0.165645
2162 -0.16395
2163 -0.200009
2164 -0.194307
2165 -0.160091
2166 -0.187758
2167 -0.162974
2168 -0.188072
2169 -0.157988
2170 -0.150822
2171 -0.176925
2172 -0.166875
2173 -0.171241
2174 -0.160195
2175 -0.185269
2176 -0.177621
2177 -0.189571
2178 -0.205949
2179 -0.172147
2180 -0.181329
2181 -0.201447
2182 -0.150205
2183 -0.174741
2184 -0.159365
2185 -0.199769
2186 -0.19908
2187 -0.178309
2188 -0.170134
2189 -0.179715
2190 -0.133942
2191 -0.184808
2192 -0.135085
2193 -0.161792
2194 -0.168388
2195 -0.180549
2196 -0.193222
2197 -0.14919
2198 -0.173731
2199 -0.17107
2200 -0.19223
2201 -0.17391
2202 -0.190289
2203 -0.143833
2204 -0.173481
2205 -0.187943
2206 -0.192688
2207 -0.170948
2208 -0.190152
2209 -0.155832
2210 -0.192504
2211 -0.171822
2212 -0.196768
2213 -0.169602
2214 -0.164689
2215 -0.176418
2216 -0.160808
2217 -0.164415
2218 -0.159456
2219 -0.183553
2220 -0.19911
2221 -0.193867
2222 -0.159011
2223 -0.162494
2224 -0.188968
2225 -0.184649
2226 -0.197234
2227 -0.163074
2228 -0.16624
2229 -0.172563
2230 -0.184649
2231 -0.163131
2232 -0.170682
2233 -0.167433
2234 -0.168703
2235 -0.176051
2236 -0.18753
2237 -0.171112
2238 -0.156113
2239 -0.200284
2240 -0.192629
2241 -0.161747
2242 -0.161926
2243 -0.209114
2244 -0.165167
2245 -0.193452
2246 -0.145996
2247 -0.175938
2248 -0.190734
2249 -0.201451
2250 -0.149365
2251 -0.186491
2252 -0.184518
2253 -0.15937
2254 -0.196322
2255 -0.169881
2256 -0.183974
2257 -0.163824
2258 -0.159757
2259 -0.167243
2260 -0.167158
2261 -0.194662
2262 -0.189264
2263 -0.187615
2264 -0.186509
2265 -0.172705
2266 -0.161382
2267 -0.186775
2268 -0.15263
2269 -0.16193
2270 -0.198776
2271 -0.169961
2272 -0.156885
2273 -0.157874
2274 -0.191101
2275 -0.176968
2276 -0.183497
2277 -0.168222
2278 -0.171177
2279 -0.202568
2280 -0.165628
2281 -0.197369
2282 -0.174944
2283 -0.178548
2284 -0.17135
2285 -0.177374
2286 -0.172773
2287 -0.143308
2288 -0.180615
2289 -0.196285
2290 -0.174997
2291 -0.184507
2292 -0.179538
2293 -0.209402
2294 -0.18086
2295 -0.149428
2296 -0.19225
2297 -0.196256
2298 -0.1731
2299 -0.151713
2300 -0.163405
2301 -0.172412
2302 -0.195443
2303 -0.182765
2304 -0.173
2305 -0.189824
2306 -0.157651
2307 -0.193781
2308 -0.180914
2309 -0.180761
2310 -0.200864
2311 -0.195062
2312 -0.164344
2313 -0.179447
2314 -0.19204
2315 -0.158154
2316 -0.167005
2317 -0.182876
2318 -0.210446
2319 -0.193516
2320 -0.19059
2321 -0.188471
2322 -0.165953
2323 -0.183949
2324 -0.158912
2325 -0.150182
2326 -0.174917
2327 -0.164395
2328 -0.171798
2329 -0.173202
2330 -0.189159
2331 -0.193021
2332 -0.183478
2333 -0.188735
2334 -0.176563
2335 -0.170028
2336 -0.162847
2337 -0.154971
2338 -0.168242
2339 -0.186411
2340 -0.159072
2341 -0.189685
2342 -0.186596
2343 -0.18317
2344 -0.196333
2345 -0.19842
2346 -0.184746
2347 -0.173926
2348 -0.184584
2349 -0.194305
2350 -0.170015
2351 -0.182932
2352 -0.176802
2353 -0.159807
2354 -0.158791
2355 -0.188485
2356 -0.1719
2357 -0.192022
2358 -0.201058
2359 -0.174362
2360 -0.175585
2361 -0.187184
2362 -0.182684
2363 -0.195438
2364 -0.146612
2365 -0.167031
2366 -0.158812
2367 -0.178365
2368 -0.169922
2369 -0.179944
2370 -0.147686
2371 -0.174161
2372 -0.148576
2373 -0.158113
2374 -0.16167
2375 -0.196181
2376 -0.159165
2377 -0.154425
2378 -0.158686
2379 -0.170064
2380 -0.194378
2381 -0.149715
2382 -0.186973
2383 -0.192952
2384 -0.182613
2385 -0.198431
2386 -0.157793
2387 -0.168462
2388 -0.188385
2389 -0.211935
2390 -0.163907
2391 -0.173639
2392 -0.193708
2393 -0.204328
2394 -0.187772
2395 -0.180437
2396 -0.171444
2397 -0.167282
2398 -0.143968
2399 -0.167926
2400 -0.176556
2401 -0.19834
2402 -0.205939
2403 -0.176061
2404 -0.194152
2405 -0.172008
2406 -0.163957
2407 -0.167849
2408 -0.172358
2409 -0.187912
2410 -0.204679
2411 -0.164275
2412 -0.18951
2413 -0.150235
2414 -0.184499
2415 -0.180908
2416 -0.167345
2417 -0.193454
2418 -0.149199
2419 -0.171779
2420 -0.184031
2421 -0.19329
2422 -0.172473
2423 -0.204713
2424 -0.177597
2425 -0.181157
2426 -0.196761
2427 -0.17811
2428 -0.17892
2429 -0.187775
2430 -0.143304
2431 -0.169638
2432 -0.156409
2433 -0.160915
2434 -0.165349
2435 -0.206274
2436 -0.165373
2437 -0.164542
2438 -0.178826
2439 -0.18683
2440 -0.151406
2441 -0.171514
2442 -0.164689
2443 -0.142471
2444 -0.165741
2445 -0.183973
2446 -0.181015
2447 -0.177854
2448 -0.157822
2449 -0.173071
2450 -0.149474
2451 -0.190266
2452 -0.189203
2453 -0.180324
2454 -0.18273
2455 -0.169805
2456 -0.155014
2457 -0.179463
2458 -0.173546
2459 -0.160658
2460 -0.14687
2461 -0.164881
2462 -0.196197
2463 -0.164319
2464 -0.182289
2465 -0.179234
2466 -0.193077
2467 -0.197099
2468 -0.198139
2469 -0.143723
2470 -0.180627
2471 -0.17141
2472 -0.175529
2473 -0.137183
2474 -0.189243
2475 -0.20055
2476 -0.183722
2477 -0.201469
2478 -0.161776
2479 -0.177611
2480 -0.175043
2481 -0.160715
2482 -0.160606
2483 -0.165519
2484 -0.175777
2485 -0.185003
2486 -0.187173
2487 -0.186
2488 -0.149262
2489 -0.152852
2490 -0.189304
2491 -0.163165
2492 -0.167776
2493 -0.157028
2494 -0.188297
2495 -0.164722
2496 -0.17143
2497 -0.178465
2498 -0.175774
2499 -0.197427
2500 -0.190748
2501 -0.194671
2502 -0.186845
2503 -0.178758
2504 -0.181389
2505 -0.186062
2506 -0.19644
2507 -0.196783
2508 -0.207725
2509 -0.154184
2510 -0.188757
2511 -0.170865
2512 -0.173252
2513 -0.152293
2514 -0.200185
2515 -0.183571
2516 -0.1633
2517 -0.180664
2518 -0.185128
2519 -0.173339
2520 -0.175259
2521 -0.169702
2522 -0.1752
2523 -0.172439
2524 -0.169781
2525 -0.201205
2526 -0.162495
2527 -0.179105
2528 -0.171659
2529 -0.167757
2530 -0.147931
2531 -0.198852
2532 -0.149014
2533 -0.187425
2534 -0.185467
2535 -0.154753
2536 -0.16853
2537 -0.158917
2538 -0.204043
2539 -0.143046
2540 -0.192005
2541 -0.165195
2542 -0.19515
2543 -0.175592
2544 -0.160824
2545 -0.188931
2546 -0.186127
2547 -0.188971
2548 -0.185566
2549 -0.177537
2550 -0.153251
2551 -0.161698
2552 -0.201046
2553 -0.174728
2554 -0.15157
2555 -0.172107
2556 -0.175802
2557 -0.158508
2558 -0.195487
2559 -0.180796
2560 -0.165659
2561 -0.154187
2562 -0.166438
2563 -0.181281
2564 -0.187715
2565 -0.186276
2566 -0.186774
2567 -0.181077
2568 -0.154953
2569 -0.189841
2570 -0.180009
2571 -0.209734
2572 -0.177898
2573 -0.190754
2574 -0.190621
2575 -0.17044
2576 -0.178685
2577 -0.17332
2578 -0.189675
2579 -0.166054
2580 -0.179874
2581 -0.200047
2582 -0.157726
2583 -0.150914
2584 -0.166304
2585 -0.160797
2586 -0.14895
2587 -0.166406
2588 -0.161025
2589 -0.170456
2590 -0.180082
2591 -0.162953
2592 -0.187119
2593 -0.172615
2594 -0.17454
2595 -0.164519
2596 -0.160023
2597 -0.166705
2598 -0.159266
2599 -0.184841
2600 -0.168633
2601 -0.206685
2602 -0.196238
2603 -0.157491
2604 -0.174788
2605 -0.190468
2606 -0.185454
2607 -0.195005
2608 -0.183779
2609 -0.169529
2610 -0.173122
2611 -0.131736
2612 -0.181569
2613 -0.168674
2614 -0.196424
2615 -0.193274
2616 -0.196368
2617 -0.192983
2618 -0.194412
2619 -0.200693
2620 -0.161867
2621 -0.167713
2622 -0.184744
2623 -0.197776
2624 -0.18187
2625 -0.17058
2626 -0.173185
2627 -0.159437
2628 -0.147008
2629 -0.170606
2630 -0.185443
2631 -0.182228
2632 -0.19916
2633 -0.187411
2634 -0.189096
2635 -0.183388
2636 -0.192435
2637 -0.17199
2638 -0.167697
2639 -0.190295
2640 -0.173958
2641 -0.16149
2642 -0.159435
2643 -0.148232
2644 -0.171622
2645 -0.176167
2646 -0.141996
2647 -0.177214
2648 -0.169419
2649 -0.1669
2650 -0.190801
2651 -0.160353
2652 -0.176461
2653 -0.169994
2654 -0.158679
2655 -0.186991
2656 -0.168132
2657 -0.164061
2658 -0.186493
2659 -0.185199
2660 -0.163481
2661 -0.196403
2662 -0.187554
2663 -0.188827
2664 -0.18496
2665 -0.166313
2666 -0.177914
2667 -0.179053
2668 -0.189925
2669 -0.158663
2670 -0.176894
2671 -0.20221
2672 -0.178178
2673 -0.180138
2674 -0.166406
2675 -0.16323
2676 -0.183544
2677 -0.171296
2678 -0.184977
2679 -0.197808
2680 -0.177934
2681 -0.18847
2682 -0.155657
2683 -0.190308
2684 -0.197801
2685 -0.189889
2686 -0.163531
2687 -0.188473
2688 -0.169993
2689 -0.193248
2690 -0.171185
2691 -0.181706
2692 -0.182894
2693 -0.198613
2694 -0.168839
2695 -0.16436
2696 -0.163138
2697 -0.159014
2698 -0.152405
2699 -0.203125
2700 -0.191334
2701 -0.175516
2702 -0.172241
2703 -0.190745
2704 -0.181758
2705 -0.176157
2706 -0.165228
2707 -0.170266
2708 -0.153283
2709 -0.15454
2710 -0.182655
2711 -0.166098
2712 -0.153406
2713 -0.173448
2714 -0.190243
2715 -0.154171
2716 -0.18187
2717 -0.161201
2718 -0.171381
2719 -0.175092
2720 -0.168919
2721 -0.158183
2722 -0.194755
2723 -0.152261
2724 -0.18031
2725 -0.16122
2726 -0.1691
2727 -0.161082
2728 -0.156787
2729 -0.194779
2730 -0.187022
2731 -0.197613
2732 -0.200411
2733 -0.17006
2734 -0.175016
2735 -0.195798
2736 -0.179073
2737 -0.178225
2738 -0.16139
2739 -0.184952
2740 -0.161526
2741 -0.165824
2742 -0.176466
2743 -0.18786
2744 -0.178936
2745 -0.164349
2746 -0.158203
2747 -0.196191
2748 -0.186095
2749 -0.192964
2750 -0.194065
2751 -0.172073
2752 -0.159322
2753 -0.175592
2754 -0.152233
2755 -0.213708
2756 -0.178091
2757 -0.162658
2758 -0.152347
2759 -0.18551
2760 -0.197512
2761 -0.190021
2762 -0.193824
2763 -0.206415
2764 -0.192544
2765 -0.19943
2766 -0.154459
2767 -0.156687
2768 -0.204218
2769 -0.157532
2770 -0.183938
2771 -0.1716
2772 -0.186155
2773 -0.191975
2774 -0.189125
2775 -0.198466
2776 -0.177732
2777 -0.196393
2778 -0.149809
2779 -0.157138
2780 -0.198091
2781 -0.200695
2782 -0.162865
2783 -0.194837
2784 -0.201855
2785 -0.173323
2786 -0.188916
2787 -0.15482
2788 -0.160139
2789 -0.173507
2790 -0.166322
2791 -0.203542
2792 -0.172189
2793 -0.194605
2794 -0.168923
2795 -0.174018
2796 -0.154838
2797 -0.16286
2798 -0.189766
2799 -0.183567
2800 -0.151577
2801 -0.144168
2802 -0.182345
2803 -0.171074
2804 -0.173889
2805 -0.203026
2806 -0.174707
2807 -0.179899
2808 -0.179869
2809 -0.170542
2810 -0.173153
2811 -0.160906
2812 -0.179874
2813 -0.178324
2814 -0.201969
2815 -0.159602
2816 -0.190226
2817 -0.175381
2818 -0.194862
2819 -0.182141
2820 -0.196041
2821 -0.1829
2822 -0.155892
2823 -0.182397
2824 -0.184818
2825 -0.163946
2826 -0.179163
2827 -0.169607
2828 -0.183876
2829 -0.165074
2830 -0.131388
2831 -0.184472
2832 -0.203866
2833 -0.189358
2834 -0.162206
2835 -0.177826
2836 -0.190658
2837 -0.209734
2838 -0.172257
2839 -0.18187
2840 -0.180104
2841 -0.185781
2842 -0.199687
2843 -0.176771
2844 -0.158481
2845 -0.163315
2846 -0.151387
2847 -0.184638
2848 -0.182082
2849 -0.192355
2850 -0.160408
2851 -0.170448
2852 -0.180639
2853 -0.182532
2854 -0.178845
2855 -0.192507
2856 -0.168637
2857 -0.203101
2858 -0.167768
2859 -0.158313
2860 -0.166035
2861 -0.195274
2862 -0.193932
2863 -0.167359
2864 -0.14747
2865 -0.183294
2866 -0.191262
2867 -0.15172
2868 -0.183286
2869 -0.172083
2870 -0.185133
2871 -0.166939
2872 -0.198284
2873 -0.155751
2874 -0.18177
2875 -0.165117
2876 -0.164683
2877 -0.164167
2878 -0.178126
2879 -0.151429
2880 -0.174604
2881 -0.182484
2882 -0.159821
2883 -0.184135
2884 -0.150568
2885 -0.197482
2886 -0.143433
2887 -0.182732
2888 -0.169154
2889 -0.164305
2890 -0.186331
2891 -0.191753
2892 -0.191955
2893 -0.192139
2894 -0.197876
2895 -0.189653
2896 -0.165063
2897 -0.163476
2898 -0.143286
2899 -0.178433
2900 -0.170552
2901 -0.168461
2902 -0.152132
2903 -0.183593
2904 -0.136312
2905 -0.174983
2906 -0.161694
2907 -0.16676
2908 -0.147004
2909 -0.183402
2910 -0.168451
2911 -0.155207
2912 -0.163192
2913 -0.153383
2914 -0.170743
2915 -0.189894
2916 -0.17531
2917 -0.155325
2918 -0.163698
2919 -0.158922
2920 -0.164767
2921 -0.139793
2922 -0.194493
2923 -0.175754
2924 -0.158246
2925 -0.165256
2926 -0.189108
2927 -0.167605
2928 -0.168395
2929 -0.189955
2930 -0.192987
2931 -0.150585
2932 -0.166913
2933 -0.181619
2934 -0.160492
2935 -0.205991
2936 -0.18751
2937 -0.17518
2938 -0.180415
2939 -0.200563
2940 -0.175719
2941 -0.178374
2942 -0.183724
2943 -0.187004
2944 -0.184758
2945 -0.167364
2946 -0.186279
2947 -0.175317
2948 -0.164789
2949 -0.173253
2950 -0.176641
2951 -0.174497
2952 -0.178649
2953 -0.162428
2954 -0.147523
2955 -0.17681
2956 -0.176144
2957 -0.153586
2958 -0.202505
2959 -0.164492
2960 -0.184634
2961 -0.186322
2962 -0.18108
2963 -0.159598
2964 -0.169826
2965 -0.181685
2966 -0.192324
2967 -0.17161
2968 -0.182117
2969 -0.200997
2970 -0.18791
2971 -0.15435
2972 -0.204488
2973 -0.193546
2974 -0.177643
2975 -0.190475
2976 -0.16239
2977 -0.158994
2978 -0.169193
2979 -0.162257
2980 -0.198954
2981 -0.165597
2982 -0.187184
2983 -0.148548
2984 -0.183627
2985 -0.191183
2986 -0.199078
2987 -0.152979
2988 -0.183118
2989 -0.192703
2990 -0.172158
2991 -0.189864
2992 -0.193609
2993 -0.175294
2994 -0.199922
2995 -0.179077
2996 -0.200882
2997 -0.192056
2998 -0.163662
2999 -0.183737
3000 -0.179705
