17001 -0.0257376
17002 0.00375658
17003 -0.0538244
17004 -0.0651554
17005 -0.0159263
17006 -0.0812985
17007 -0.0721574
17008 -0.0394351
17009 -0.0185806
17010 0.000420845
17011 -0.0406924
17012 -0.00637955
17013 0.00876411
17014 -0.0380402
17015 0.0216592
17016 -0.0168696
17017 -0.0719548
17018 -0.00327131
17019 0.0186489
17020 0.039171
17021 0.0115729
17022 -0.01972
17023 -0.0121741
17024 -0.0240464
17025 0.0104618
17026 -0.0159988
17027 0.0146717
17028 -0.00442751
17029 -0.0171206
17030 -0.0396633
17031 0.0108249
17032 -0.0596187
17033 -0.0711551
17034 -0.108433
17035 -0.0659364
17036 0.0219238
17037 -0.00690405
17038 -0.0738969
17039 -0.0196241
17040 -0.00752392
17041 0.0219378
17042 0.00802528
17043 -0.0170524
17044 -0.0376178
17045 -0.0347578
17046 -0.0200845
17047 -0.0658962
17048 -0.047756
17049 -0.0291413
17050 -0.0628804
17051 -0.0644844
17052 0.0158962
17053 -0.0233568
17054 -0.00575086
17055 -0.0614113
17056 -0.0202939
17057 0.00247472
17058 -0.0128654
17059 -0.0272955
17060 0.0135605
17061 -0.021071
17062 -0.0150672
17063 -0.0261071
17064 0.028291
17065 -0.0587242
17066 0.0247264
17067 -0.00936425
17068 0.0151115
17069 -0.0685664
17070 -0.00511738
17071 -0.059152
17072 0.000768103
17073 -0.00757975
17074 0.0077809
17075 -0.0499807
17076 -0.021837
17077 -0.00972991
17078 0.00632089
17079 -0.00406581
17080 -0.0255466
17081 0.0364517
17082 -0.0200159
17083 0.00750145
17084 -0.0326503
17085 -0.0281525
17086 -0.0605672
17087 -0.0308655
17088 -0.0341755
17089 -0.0207398
17090 -0.0273732
17091 0.00876936
17092 0.021453
17093 -0.000811833
17094 -0.0790633
17095 -0.00603822
17096 -0.0111412
17097 -0.0234452
17098 -0.0496048
17099 -0.0185286
17100 -0.0606852
17101 0.0116386
17102 -0.0270976
17103 -0.0386845
17104 -0.0365407
17105 -0.0174591
17106 -0.103311
17107 -0.024438
17108 -0.0600839
17109 0.000298317
17110 -0.0413727
17111 -0.0630794
17112 -0.000360762
17113 -0.0341612
17114 0.0116946
17115 0.0371087
17116 -0.0764569
17117 0.00211204
17118 0.00684101
17119 -0.0317085
17120 -0.0437647
17121 -0.0367822
17122 0.0189673
17123 -0.0108584
17124 -0.0303511
17125 -0.0326471
17126 -0.0503322
17127 -0.0630064
17128 -0.0579973
17129 -0.0257635
17130 -0.0683192
17131 0.0172911
17132 -0.0328791
17133 -0.0111505
17134 0.013212
17135 -0.0707837
17136 -0.0333652
17137 0.00707026
17138 -0.0107624
17139 -0.0298132
17140 -0.0475822
17141 -0.0291664
17142 0.0369506
17143 0.0972377
17144 -0.0367531
17145 -0.0367977
17146 0.0386464
17147 -0.00082475
17148 -0.0603147
17149 0.00187185
17150 -0.0454318
17151 0.00371599
17152 -0.0391411
17153 -0.0179376
17154 -0.00782979
17155 -0.037946
17156 -0.0396503
17157 0.0142632
17158 -0.0214556
17159 -0.0146695
17160 0.00343044
17161 -0.000744412
17162 -0.0638944
17163 0.00982442
17164 -0.03058
17165 -0.0495705
17166 0.00591849
17167 0.0151579
17168 0.00163847
17169 -0.0125884
17170 -0.0353745
17171 -0.0436063
17172 0.0296715
17173 -0.112349
17174 -0.0862135
17175 -0.0613811
17176 -0.00979975
17177 -0.074509
17178 -0.00960174
17179 -0.00167035
17180 0.00342339
17181 -0.0146291
17182 -0.0300286
17183 0.0147502
17184 0.0261082
17185 -0.0164946
17186 0.0296375
17187 0.0342512
17188 -0.0399276
17189 -0.0335777
17190 -0.0703848
17191 0.0190591
17192 -0.00427598
17193 -0.0555997
17194 -0.0188194
17195 -0.018498
17196 -0.0287619
17197 -0.0445132
17198 0.00627269
17199 -0.0183162
17200 -0.0264499
17201 0.0105443
17202 0.021438
17203 -0.042705
17204 -0.00597977
17205 -0.0377795
17206 -0.000312143
17207 0.0205356
17208 -0.058469
17209 -0.0163735
17210 -0.0197966
17211 0.0210428
17212 -0.00621745
17213 -0.0718136
17214 0.00645198
17215 -0.0671297
17216 0.00335777
17217 -0.0386604
17218 -0.0285975
17219 -0.00432398
17220 -0.0218909
17221 -0.0764891
17222 -0.0391587
17223 -0.00234176
17224 0.0148046
17225 -0.0713641
17226 -0.0160921
17227 -0.00222483
17228 -0.0194185
17229 -0.0436974
17230 -0.0402195
17231 -0.00580046
17232 -0.0492757
17233 -0.0421289
17234 -0.0859496
17235 -0.0478627
17236 -0.0616872
17237 0.0230404
17238 0.00353137
17239 -0.0524371
17240 -0.0804042
17241 -0.00621517
17242 -0.0436186
17243 -0.0196889
17244 -3.711e-05
17245 0.0133525
17246 -0.0391084
17247 -0.00880641
17248 0.0380159
17249 0.0303224
17250 -0.0750737
17251 -0.0319331
17252 -0.040965
17253 0.0231426
17254 0.00227933
17255 -0.0229542
17256 -0.0026175
17257 -0.014925
17258 -0.0616688
17259 -0.0346984
17260 -0.0364015
17261 -0.0380942
17262 -0.0192326
17263 -0.0397968
17264 -0.0235332
17265 -0.0169997
17266 -0.024315
17267 -0.0164692
17268 0.00637565
17269 -0.0205885
17270 0.027528
17271 -0.0631562
17272 -0.0390218
17273 -0.0266673
17274 -0.0554233
17275 -0.00339666
17276 -0.0366372
17277 0.0349084
17278 -0.0571558
17279 -0.060321
17280 -0.0472099
17281 -0.0390575
17282 0.0017207
17283 -0.0356654
17284 -0.0790311
17285 -0.045901
17286 -0.0372969
17287 0.0367281
17288 -0.0466785
17289 -0.0524383
17290 0.0260453
17291 -0.0447776
17292 0.0374508
17293 0.00603946
17294 -0.0174005
17295 -0.0383573
17296 -0.0537458
17297 0.0355467
17298 -0.0145906
17299 -0.00105691
17300 0.0330935
17301 -0.0218905
17302 -0.0535347
17303 -0.0544586
17304 -0.0320059
17305 0.00715495
17306 -0.0389464
17307 -0.0899797
17308 0.00277305
17309 0.005465
17310 0.0150962
17311 -0.0453615
17312 -0.0358075
17313 -0.00363416
17314 0.0126647
17315 -0.0170835
17316 -0.000798185
17317 0.0323701
17318 0.011529
17319 0.0282602
17320 -0.0377003
17321 -0.0723179
17322 -0.0343197
17323 -0.0190788
17324 -0.0691661
17325 -0.0137045
17326 -0.0402527
17327 0.00119724
17328 -0.0373372
17329 -0.0172729
17330 0.00823525
17331 -0.0184405
17332 0.0519358
17333 -0.0134502
17334 -0.0234689
17335 -0.023639
17336 -0.0542261
17337 -0.000991275
17338 -0.0213965
17339 -0.0725276
17340 -0.0375729
17341 -0.0700513
17342 -0.0519131
17343 -0.0104614
17344 0.0535039
17345 -0.0113749
17346 -0.0144981
17347 -0.0372219
17348 -0.0130326
17349 0.0321148
17350 0.0146218
17351 0.00293711
17352 0.0141027
17353 0.0286366
17354 -0.0675301
17355 -0.0217307
17356 -0.0444982
17357 -0.0227527
17358 0.00010711
17359 0.00423624
17360 -0.00647292
17361 -0.0787418
17362 -0.00404781
17363 0.0218765
17364 -0.0347906
17365 -0.0339735
17366 0.037377
17367 -0.0240666
17368 0.0436002
17369 0.0154308
17370 -0.0695089
17371 -0.0593499
17372 -0.0583265
17373 -0.0366562
17374 -0.00599417
17375 -0.0352092
17376 0.0222064
17377 -0.0595166
17378 0.00132805
17379 -0.053252
17380 0.0196099
17381 -0.0161755
17382 -0.0131452
17383 0.0236759
17384 0.0085297
17385 -0.0577355
17386 -0.0300725
17387 -0.0317734
17388 0.00906159
17389 0.0277893
17390 0.0156481
17391 -0.0420787
17392 -0.0273731
17393 0.00983576
17394 0.00018572
17395 -0.0571089
17396 -0.0699129
17397 -0.0427629
17398 -0.0465452
17399 0.00202956
17400 -0.0204
17401 0.0178828
17402 -0.0361185
17403 -0.0554478
17404 -0.0281214
17405 -0.0793841
17406 -0.0534456
17407 0.0152823
17408 -0.053933
17409 -0.00975081
17410 -0.00727426
17411 -0.0426274
17412 0.00654268
17413 0.0496813
17414 -0.0596142
17415 -0.0420062
17416 0.02643
17417 -0.0197363
17418 0.0409153
17419 -0.0367307
17420 -0.0231084
17421 -0.0247058
17422 0.010604
17423 -0.0405016
17424 0.0113945
17425 -0.00981208
17426 -0.0415457
17427 -0.0229549
17428 -0.0630209
17429 0.0258084
17430 -0.0183891
17431 0.0167291
17432 -0.0145604
17433 -0.0856566
17434 -0.0430673
17435 0.0331163
17436 -0.0274617
17437 0.00950658
17438 -0.0134952
17439 -0.0575893
17440 -0.0463229
17441 -0.0185826
17442 -0.00318412
17443 -0.031239
17444 0.0153919
17445 0.0215526
17446 -0.052325
17447 -0.0851063
17448 -0.0820147
17449 0.00693176
17450 -0.0145334
17451 -0.00806446
17452 -0.0281238
17453 0.0140773
17454 0.0310521
17455 -0.0552851
17456 -0.0413618
17457 0.000814885
17458 0.00782704
17459 0.0218065
17460 -0.0453175
17461 -0.00860967
17462 0.0367506
17463 -0.00292815
17464 -0.00528961
17465 -0.03137
17466 -0.0790311
17467 -0.0436975
17468 -0.0537608
17469 -0.0145902
17470 0.019278
17471 -0.0828694
17472 0.000374835
17473 -0.0333394
17474 -0.0276987
17475 0.0247944
17476 0.0188616
17477 -0.0420979
17478 -0.0313014
17479 -0.0182491
17480 -0.0289699
17481 0.0406344
17482 -0.0658553
17483 -0.0189439
17484 -0.0225156
17485 -0.0118714
17486 0.00921076
17487 -0.0616287
17488 -0.0316529
17489 -0.00876261
17490 -0.0146269
17491 -0.0985601
17492 -0.0239452
17493 -0.0147212
17494 0.00603083
17495 -0.0123204
17496 -0.0689633
17497 -0.0776789
17498 -0.00215949
17499 -0.0193582
17500 0.0214014
17501 -0.0511104
17502 -0.00673277
17503 -0.0187085
17504 -0.0222456
17505 -0.0572457
17506 0.00016238
17507 -0.0409515
17508 -0.000509588
17509 -0.0180257
17510 -0.0663397
17511 -0.0138445
17512 -0.0435377
17513 0.0304575
17514 0.0327055
17515 -0.0145967
17516 -0.0275064
17517 -0.014768
17518 -0.0659031
17519 -0.0216201
17520 0.00452645
17521 -0.0797631
17522 -0.0356555
17523 -0.0565761
17524 -0.00775584
17525 0.00162084
17526 -0.0345485
17527 -0.0600848
17528 -0.00514998
17529 -0.0877132
17530 0.00227522
17531 0.0287529
17532 -0.0613635
17533 -0.0401888
17534 -0.0487654
17535 -0.0286446
17536 -0.0220232
17537 -0.0209924
17538 0.0106534
17539 0.0358378
17540 -0.00351016
17541 0.0417982
17542 -0.0284762
17543 -0.0488133
17544 -0.046495
17545 0.0150091
17546 -0.0707192
17547 0.0376991
17548 -0.00212544
17549 0.017898
17550 -0.0490925
17551 0.00182522
17552 -0.0470726
17553 -0.0518586
17554 -0.0721655
17555 -0.0322383
17556 0.00376709
17557 -0.025544
17558 0.0285096
17559 -0.0155807
17560 0.023993
17561 -0.057168
17562 -0.0403712
17563 -0.0509443
17564 0.00138143
17565 -0.0531588
17566 -0.0563512
17567 -0.0644902
17568 -0.00454829
17569 -0.058551
17570 -0.0245042
17571 -0.0284293
17572 -0.0628329
17573 -0.030653
17574 -0.0222692
17575 -0.0276573
17576 0.0221368
17577 -0.0386894
17578 -0.0931405
17579 0.034526
17580 -0.0559754
17581 -0.0343302
17582 -0.00305137
17583 0.0017548
17584 0.0316755
17585 -0.0299702
17586 -0.0129049
17587 -0.0293283
17588 0.0123619
17589 -0.0380504
17590 -0.0147787
17591 0.023685
17592 0.0286515
17593 -0.0170452
17594 -0.0298996
17595 -0.0128301
17596 -0.0455134
17597 -0.0430474
17598 0.0291347
17599 -0.0458277
17600 0.025771
17601 -0.0221786
17602 -0.0194429
17603 -0.0290223
17604 -0.0511115
17605 0.0271922
17606 -0.025588
17607 -0.0649939
17608 -0.0564538
17609 -0.0622425
17610 -0.0204961
17611 -0.0150297
17612 -0.0132725
17613 -0.028678
17614 -0.0386697
17615 0.0445436
17616 -0.0373115
17617 -0.00589932
17618 0.000401227
17619 0.0279559
17620 -0.063506
17621 -0.0979368
17622 -0.027844
17623 -0.0319198
17624 0.00558763
17625 -0.00820302
17626 -0.0326648
17627 0.014044
17628 0.0222642
17629 0.0426174
17630 -0.00599125
17631 -0.0155072
17632 -0.100219
17633 -0.0572769
17634 -0.0479046
17635 -0.038986
17636 -0.0301192
17637 -0.0343839
17638 -0.0960529
17639 0.0332129
17640 -0.00043202
17641 -0.0759573
17642 -0.0841037
17643 -0.0182895
17644 -0.0401015
17645 0.0272036
17646 -0.0231396
17647 -0.0423542
17648 -0.0759216
17649 -0.0924612
17650 -0.0335285
17651 -0.0647236
17652 0.00252688
17653 -0.0185751
17654 -0.0358377
17655 -0.00720594
17656 0.0164222
17657 -0.049418
17658 -0.0637345
17659 0.0226053
17660 -0.0510854
17661 -0.0141004
17662 -0.0527254
17663 0.0210142
17664 -0.0171063
17665 -0.0435289
17666 -0.0518509
17667 0.0191675
17668 -0.0468077
17669 -0.0302372
17670 -0.0202508
17671 -0.0400939
17672 0.0394304
17673 -0.034701
17674 0.013467
17675 0.0409855
17676 -0.0343809
17677 -0.0797108
17678 0.0119022
17679 -0.0595526
17680 -0.029547
17681 -0.0494195
17682 0.00592506
17683 0.0240993
17684 -0.0813987
17685 -0.0344819
17686 0.00896054
17687 0.0769881
17688 -0.0643468
17689 -0.00432701
17690 -0.0601561
17691 0.0232256
17692 -0.0521027
17693 0.00119573
17694 -0.0366198
17695 -0.0158977
17696 0.0113075
17697 0.00792786
17698 0.0287541
17699 -0.0271262
17700 -0.0476587
17701 -0.0354909
17702 0.0204848
17703 -0.0792825
17704 -0.0024729
17705 -0.0607068
17706 0.0138141
17707 0.00553331
17708 -0.0575029
17709 -0.0387465
17710 -0.0222527
17711 -0.0776891
17712 0.0206152
17713 0.00516488
17714 -0.0299667
17715 -0.0285697
17716 -0.0640231
17717 -0.0496997
17718 -0.000712598
17719 -0.0714402
17720 0.0101048
17721 0.0289577
17722 -0.0347926
17723 -0.00647091
17724 0.0118146
17725 -0.0258057
17726 -0.00169597
17727 -0.0307717
17728 0.00171843
17729 -0.0223792
17730 -0.0435946
17731 -0.00893506
17732 0.0200889
17733 0.0195483
17734 0.0133558
17735 0.0170081
17736 -0.0290715
17737 -0.0238035
17738 -0.00723767
17739 -0.0468267
17740 0.014351
17741 -0.0857489
17742 -0.00373178
17743 -0.0620026
17744 0.00563858
17745 -0.0265692
17746 0.000135797
17747 -0.0255326
17748 0.0420257
17749 0.0283231
17750 -0.0544129
17751 -0.0134449
17752 -0.0538251
17753 -0.0242981
17754 0.0169674
17755 -0.0614894
17756 0.0350635
17757 -0.0112854
17758 -0.0543812
17759 -0.0100145
17760 0.00247061
17761 -0.0204996
17762 0.0104156
17763 -0.0431389
17764 -0.0358539
17765 0.0110791
17766 -0.0129603
17767 -0.0470029
17768 0.0359692
17769 -0.0332853
17770 -0.0478708
17771 -0.049713
17772 -0.00955878
17773 -0.0465321
17774 -0.014062
17775 0.0387398
17776 0.00717706
17777 -0.000751878
17778 -0.0766506
17779 -0.0528609
17780 0.0438375
17781 0.00155967
17782 0.00513617
17783 -0.0673174
17784 0.033047
17785 -0.0354012
17786 0.0385241
17787 0.00239512
17788 0.00492021
17789 -0.00178397
17790 -0.0742812
17791 -0.00879454
17792 0.0348172
17793 -0.00798036
17794 -0.062572
17795 0.0283755
17796 -0.0596078
17797 -0.0441829
17798 -0.036282
17799 0.0452232
17800 -0.0345344
17801 -0.0147349
17802 -0.0330322
17803 0.00792767
17804 -0.0340662
17805 0.000817253
17806 -0.036894
17807 -0.0382682
17808 -0.0608368
17809 -0.0575711
17810 0.00247279
17811 -0.0355154
17812 -0.0218212
17813 -0.0356365
17814 -0.0268764
17815 0.00136341
17816 -0.0553564
17817 -0.0777795
17818 0.00164767
17819 -0.0363908
17820 0.00159104
17821 -0.0369693
17822 -0.0443282
17823 -0.0336231
17824 -0.0384994
17825 -0.063682
17826 -0.0238262
17827 -0.0745766
17828 -0.049151
17829 -0.00301082
17830 -0.02796
17831 -0.0590013
17832 -0.000512067
17833 -0.00659
17834 -0.0512233
17835 -0.0930316
17836 -0.00736851
17837 -0.0271502
17838 -0.0574408
17839 -0.0255075
17840 -0.0358788
17841 0.0194477
17842 -0.0211065
17843 -0.0257353
17844 -0.0613932
17845 0.00181924
17846 -0.0427925
17847 -0.0432536
17848 -0.0137469
17849 -0.0484895
17850 -0.0218611
17851 -0.0859963
17852 -0.0685981
17853 0.00980328
17854 -0.0115707
17855 -0.0635026
17856 0.0125181
17857 -0.0452609
17858 -0.0437495
17859 -0.0648044
17860 0.0167756
17861 0.0154409
17862 -0.0791854
17863 -0.0264471
17864 0.027408
17865 0.0120696
17866 0.0119644
17867 0.0166641
17868 -0.0231469
17869 -0.00703209
17870 -0.0452338
17871 0.0020282
17872 -0.0479685
17873 -0.0502467
17874 -0.0229031
17875 -0.0175679
17876 -0.0104353
17877 -0.0373428
17878 -0.0257452
17879 -0.0356966
17880 -0.0115798
17881 0.0428194
17882 0.00250656
17883 0.0197086
17884 -0.0270295
17885 -0.0414854
17886 -0.0267717
17887 0.0099987
17888 -0.00467365
17889 -0.00769729
17890 -0.0533031
17891 -0.028375
17892 -0.0250493
17893 -0.0495538
17894 0.0106592
17895 -0.0425008
17896 -0.0187128
17897 -0.0422949
17898 -0.0474824
17899 -0.0428346
17900 -0.0430045
17901 -0.0685078
17902 -0.0174985
17903 -0.0314522
17904 -0.0538075
17905 -0.00167147
17906 -0.0740849
17907 -0.104836
17908 -0.0644578
17909 -0.0369523
17910 0.0508366
17911 -0.0311343
17912 -0.0141485
17913 0.0125769
17914 -0.0164513
17915 -0.0562004
17916 -0.0135634
17917 0.00654079
17918 -0.0348724
17919 0.0191222
17920 -0.0667278
17921 0.00804166
17922 0.0180027
17923 0.0242036
17924 -0.0990833
17925 -0.0886976
17926 -0.0529875
17927 -0.0140493
17928 -0.0432867
17929 -0.00724603
17930 -0.0134309
17931 -0.0475964
17932 -0.0388176
17933 0.00366607
17934 0.00241676
17935 -0.00932435
17936 0.0328609
17937 -0.0293276
17938 -0.0149995
17939 0.0364721
17940 0.0150322
17941 0.0354258
17942 -0.0403951
17943 -0.0256271
17944 -0.0686383
17945 -0.0624519
17946 -0.0205573
17947 -0.00732372
17948 -0.0297167
17949 -0.0413683
17950 -0.0137577
17951 -0.067956
17952 -0.0408794
17953 -0.00405124
17954 0.0461996
17955 -0.0502467
17956 -0.0241982
17957 -0.00152363
17958 0.0280746
17959 0.00698251
17960 -0.0640559
17961 -0.00349547
17962 -0.0238719
17963 -0.0924541
17964 -0.0232691
17965 -0.0224374
17966 -0.0418338
17967 -0.0308006
17968 0.00138273
17969 -0.0520594
17970 0.0554382
17971 0.00538238
17972 -0.0335947
17973 -0.0814112
17974 -0.0413309
17975 0.00900182
17976 -0.0391419
17977 -0.0550237
17978 0.0220841
17979 -0.00505777
17980 -0.0191174
17981 -0.00208162
17982 -0.03537
17983 -0.00500776
17984 -0.0837599
17985 -0.0518985
17986 -0.0489242
17987 -0.0571404
17988 -0.0297978
17989 0.0194978
17990 -0.0349117
17991 0.0100158
17992 -0.00449673
17993 0.0559756
17994 -0.00768405
17995 -0.0103398
17996 -0.0478585
17997 -0.0122232
17998 0.0209721
17999 -0.0114043
18000 -0.0497362
