15001 -0.205692
15002 -0.155233
15003 -0.173462
15004 -0.15168
15005 -0.193023
15006 -0.199807
15007 -0.200494
15008 -0.190978
15009 -0.155865
15010 -0.185861
15011 -0.216493
15012 -0.174771
15013 -0.199389
15014 -0.173972
15015 -0.198038
15016 -0.175467
15017 -0.182175
15018 -0.181973
15019 -0.176599
15020 -0.195627
15021 -0.176979
15022 -0.192271
15023 -0.170495
15024 -0.18758
15025 -0.131407
15026 -0.188571
15027 -0.166609
15028 -0.196507
15029 -0.141244
15030 -0.190159
15031 -0.170236
15032 -0.19064
15033 -0.151598
15034 -0.17372
15035 -0.181519
15036 -0.18115
15037 -0.146506
15038 -0.164994
15039 -0.14488
15040 -0.170354
15041 -0.196663
15042 -0.179752
15043 -0.18296
15044 -0.15217
15045 -0.175589
15046 -0.179207
15047 -0.173979
15048 -0.170122
15049 -0.177701
15050 -0.197736
15051 -0.172862
15052 -0.180529
15053 -0.165011
15054 -0.176877
15055 -0.194276
15056 -0.164586
15057 -0.155616
15058 -0.141224
15059 -0.196772
15060 -0.183339
15061 -0.172847
15062 -0.184733
15063 -0.185884
15064 -0.168845
15065 -0.165257
15066 -0.196989
15067 -0.187317
15068 -0.145143
15069 -0.183029
15070 -0.170188
15071 -0.206235
15072 -0.183266
15073 -0.17002
15074 -0.192287
15075 -0.192938
15076 -0.167229
15077 -0.195297
15078 -0.17283
15079 -0.172112
15080 -0.185186
15081 -0.192438
15082 -0.187429
15083 -0.158832
15084 -0.203925
15085 -0.171257
15086 -0.181311
15087 -0.187256
15088 -0.207614
15089 -0.175637
15090 -0.175851
15091 -0.157821
15092 -0.133747
15093 -0.148326
15094 -0.165811
15095 -0.20066
15096 -0.173481
15097 -0.172335
15098 -0.185935
15099 -0.15338
15100 -0.170721
15101 -0.191402
15102 -0.125074
15103 -0.199498
15104 -0.161399
15105 -0.186271
15106 -0.207296
15107 -0.130839
15108 -0.181988
15109 -0.184584
15110 -0.169629
15111 -0.183251
15112 -0.16829
15113 -0.181159
15114 -0.156692
15115 -0.193073
15116 -0.190585
15117 -0.170237
15118 -0.17512
15119 -0.180074
15120 -0.15569
15121 -0.195465
15122 -0.204523
15123 -0.165316
15124 -0.183419
15125 -0.157502
15126 -0.179578
15127 -0.174575
15128 -0.158605
15129 -0.160557
15130 -0.164312
15131 -0.172523
15132 -0.172402
15133 -0.186051
15134 -0.171917
15135 -0.18974
15136 -0.181695
15137 -0.201003
15138 -0.187138
15139 -0.177765
15140 -0.167807
15141 -0.185264
15142 -0.151788
15143 -0.185805
15144 -0.203824
15145 -0.187534
15146 -0.152554
15147 -0.160303
15148 -0.151616
15149 -0.175469
15150 -0.181598
15151 -0.194378
15152 -0.186543
15153 -0.164101
15154 -0.161188
15155 -0.198478
15156 -0.194626
15157 -0.179804
15158 -0.157797
15159 -0.159884
15160 -0.147329
15161 -0.171844
15162 -0.209681
15163 -0.149375
15164 -0.183391
15165 -0.170403
15166 -0.194771
15167 -0.174251
15168 -0.183821
15169 -0.176344
15170 -0.156542
15171 -0.189477
15172 -0.160296
15173 -0.193526
15174 -0.157075
15175 -0.185619
15176 -0.195066
15177 -0.172936
15178 -0.16992
15179 -0.169081
15180 -0.175736
15181 -0.149883
15182 -0.197555
15183 -0.156023
15184 -0.184935
15185 -0.198177
15186 -0.193646
15187 -0.206476
15188 -0.15711
15189 -0.17354
15190 -0.190187
15191 -0.190585
15192 -0.154659
15193 -0.156636
15194 -0.179264
15195 -0.171671
15196 -0.180469
15197 -0.179754
15198 -0.184405
15199 -0.144327
15200 -0.20193
15201 -0.148222
15202 -0.183809
15203 -0.1822
15204 -0.172665
15205 -0.185106
15206 -0.173949
15207 -0.175988
15208 -0.186179
15209 -0.195477
15210 -0.161153
15211 -0.158404
15212 -0.18839
15213 -0.167255
15214 -0.157078
15215 -0.204376
15216 -0.175874
15217 -0.167361
15218 -0.187142
15219 -0.192898
15220 -0.199514
15221 -0.147421
15222 -0.185749
15223 -0.175106
15224 -0.192717
15225 -0.148489
15226 -0.183898
15227 -0.173293
15228 -0.148353
15229 -0.196189
15230 -0.182939
15231 -0.17135
15232 -0.147601
15233 -0.196151
15234 -0.178663
15235 -0.1556
15236 -0.17236
15237 -0.162264
15238 -0.199021
15239 -0.176558
15240 -0.15527
15241 -0.155253
15242 -0.206299
15243 -0.169608
15244 -0.19269
15245 -0.186181
15246 -0.155399
15247 -0.174678
15248 -0.159894
15249 -0.162185
15250 -0.208978
15251 -0.167284
15252 -0.17232
15253 -0.197713
15254 -0.202804
15255 -0.181692
15256 -0.179488
15257 -0.172448
15258 -0.166697
15259 -0.170799
15260 -0.197543
15261 -0.197631
15262 -0.169461
15263 -0.170502
15264 -0.19412
15265 -0.169212
15266 -0.185026
15267 -0.191106
15268 -0.197689
15269 -0.163088
15270 -0.169048
15271 -0.186971
15272 -0.178264
15273 -0.152668
15274 -0.185668
15275 -0.167276
15276 -0.151727
15277 -0.186315
15278 -0.155183
15279 -0.15858
15280 -0.182482
15281 -0.177691
15282 -0.158654
15283 -0.180092
15284 -0.166015
15285 -0.142687
15286 -0.179344
15287 -0.148948
15288 -0.183637
15289 -0.189807
15290 -0.18136
15291 -0.170159
15292 -0.164621
15293 -0.170414
15294 -0.194025
15295 -0.163622
15296 -0.184709
15297 -0.182474
15298 -0.158355
15299 -0.199908
15300 -0.191728
15301 -0.174076
15302 -0.191116
15303 -0.2111
15304 -0.200918
15305 -0.197633
15306 -0.171061
15307 -0.166452
15308 -0.174598
15309 -0.17626
15310 -0.185201
15311 -0.181239
15312 -0.170122
15313 -0.157614
15314 -0.158967
15315 -0.170384
15316 -0.19289
15317 -0.173594
15318 -0.14886
15319 -0.174982
15320 -0.156737
15321 -0.184754
15322 -0.172441
15323 -0.202489
15324 -0.187739
15325 -0.168822
15326 -0.164714
15327 -0.168391
15328 -0.19233
15329 -0.17014
15330 -0.162081
15331 -0.153336
15332 -0.19619
15333 -0.166191
15334 -0.195369
15335 -0.201116
15336 -0.15719
15337 -0.168561
15338 -0.171112
15339 -0.172796
15340 -0.18568
15341 -0.190108
15342 -0.163252
15343 -0.184869
15344 -0.164755
15345 -0.174412
15346 -0.186471
15347 -0.170409
15348 -0.189825
15349 -0.149481
15350 -0.181481
15351 -0.160342
15352 -0.187482
15353 -0.195734
15354 -0.187397
15355 -0.204054
15356 -0.170119
15357 -0.196561
15358 -0.173478
15359 -0.168351
15360 -0.15384
15361 -0.182603
15362 -0.156112
15363 -0.183267
15364 -0.192731
15365 -0.188035
15366 -0.151656
15367 -0.202086
15368 -0.1961
15369 -0.154861
15370 -0.18496
15371 -0.166084
15372 -0.163913
15373 -0.157089
15374 -0.177631
15375 -0.170759
15376 -0.15453
15377 -0.200849
15378 -0.173599
15379 -0.172913
15380 -0.176556
15381 -0.153126
15382 -0.160219
15383 -0.178784
15384 -0.169793
15385 -0.150457
15386 -0.21529
15387 -0.170426
15388 -0.190138
15389 -0.172403
15390 -0.151904
15391 -0.187469
15392 -0.190408
15393 -0.192551
15394 -0.173303
15395 -0.204037
15396 -0.158835
15397 -0.182707
15398 -0.190772
15399 -0.169999
15400 -0.192802
15401 -0.181502
15402 -0.180657
15403 -0.189346
15404 -0.171616
15405 -0.192076
15406 -0.15594
15407 -0.174591
15408 -0.155836
15409 -0.18556
15410 -0.186593
15411 -0.169141
15412 -0.154057
15413 -0.175784
15414 -0.176776
15415 -0.165287
15416 -0.176575
15417 -0.191663
15418 -0.160667
15419 -0.1914
15420 -0.183898
15421 -0.175153
15422 -0.175695
15423 -0.185865
15424 -0.214354
15425 -0.163948
15426 -0.165898
15427 -0.170901
15428 -0.188888
15429 -0.178999
15430 -0.189517
15431 -0.195015
15432 -0.180162
15433 -0.173503
15434 -0.202765
15435 -0.182373
15436 -0.185004
15437 -0.189166
15438 -0.192051
15439 -0.205494
15440 -0.173952
15441 -0.190266
15442 -0.155611
15443 -0.172655
15444 -0.166811
15445 -0.18772
15446 -0.199577
15447 -0.194508
15448 -0.173861
15449 -0.170562
15450 -0.182936
15451 -0.180433
15452 -0.148299
15453 -0.180304
15454 -0.178973
15455 -0.176276
15456 -0.197099
15457 -0.192591
15458 -0.203708
15459 -0.190325
15460 -0.186631
15461 -0.185198
15462 -0.17611
15463 -0.164234
15464 -0.200207
15465 -0.153526
15466 -0.161971
15467 -0.181091
15468 -0.166749
15469 -0.173705
15470 -0.16686
15471 -0.170696
15472 -0.178033
15473 -0.169282
15474 -0.167774
15475 -0.18656
15476 -0.197387
15477 -0.171847
15478 -0.147235
15479 -0.188149
15480 -0.191538
15481 -0.15427
15482 -0.174443
15483 -0.175377
15484 -0.150515
15485 -0.180326
15486 -0.166594
15487 -0.171088
15488 -0.200441
15489 -0.189019
15490 -0.19302
15491 -0.201504
15492 -0.159252
15493 -0.188656
15494 -0.177866
15495 -0.166993
15496 -0.188159
15497 -0.188979
15498 -0.186836
15499 -0.173446
15500 -0.17931
15501 -0.170979
15502 -0.165317
15503 -0.176869
15504 -0.171495
15505 -0.154043
15506 -0.209254
15507 -0.17145
15508 -0.183067
15509 -0.177744
15510 -0.165896
15511 -0.171854
15512 -0.207084
15513 -0.190628
15514 -0.159389
15515 -0.201187
15516 -0.192537
15517 -0.179775
15518 -0.158433
15519 -0.152194
15520 -0.178826
15521 -0.205757
15522 -0.168913
15523 -0.173956
15524 -0.17563
15525 -0.199557
15526 -0.200871
15527 -0.167521
15528 -0.192565
15529 -0.158989
15530 -0.165909
15531 -0.19874
15532 -0.183996
15533 -0.176158
15534 -0.198716
15535 -0.170224
15536 -0.181203
15537 -0.180133
15538 -0.200282
15539 -0.175951
15540 -0.163493
15541 -0.175287
15542 -0.160758
15543 -0.176404
15544 -0.173652
15545 -0.173884
15546 -0.184019
15547 -0.18135
15548 -0.159819
15549 -0.183737
15550 -0.185486
15551 -0.154927
15552 -0.1449
15553 -0.197252
15554 -0.167504
15555 -0.169341
15556 -0.175869
15557 -0.175187
15558 -0.202908
15559 -0.166996
15560 -0.184791
15561 -0.173251
15562 -0.193796
15563 -0.157286
15564 -0.188366
15565 -0.169091
15566 -0.159322
15567 -0.189354
15568 -0.180261
15569 -0.169918
15570 -0.193739
15571 -0.194846
15572 -0.171655
15573 -0.178052
15574 -0.16103
15575 -0.166643
15576 -0.160776
15577 -0.161745
15578 -0.142579
15579 -0.158972
15580 -0.174028
15581 -0.164181
15582 -0.186013
15583 -0.183739
15584 -0.197653
15585 -0.179667
15586 -0.200167
15587 -0.190642
15588 -0.176056
15589 -0.157679
15590 -0.146433
15591 -0.150879
15592 -0.170882
15593 -0.176346
15594 -0.167656
15595 -0.187284
15596 -0.161808
15597 -0.169625
15598 -0.158221
15599 -0.181331
15600 -0.176781
15601 -0.173551
15602 -0.154645
15603 -0.206509
15604 -0.150813
15605 -0.166554
15606 -0.163041
15607 -0.175527
15608 -0.164551
15609 -0.183929
15610 -0.196877
15611 -0.15407
15612 -0.188072
15613 -0.153054
15614 -0.169376
15615 -0.165808
15616 -0.192185
15617 -0.160603
15618 -0.178126
15619 -0.169656
15620 -0.193653
15621 -0.190877
15622 -0.179247
15623 -0.19155
15624 -0.199938
15625 -0.142712
15626 -0.169726
15627 -0.184541
15628 -0.187967
15629 -0.194156
15630 -0.203338
15631 -0.190892
15632 -0.194731
15633 -0.157562
15634 -0.175415
15635 -0.169659
15636 -0.189795
15637 -0.179279
15638 -0.14634
15639 -0.200637
15640 -0.207224
15641 -0.158536
15642 -0.156658
15643 -0.170791
15644 -0.198563
15645 -0.172354
15646 -0.18747
15647 -0.156398
15648 -0.176689
15649 -0.182108
15650 -0.194765
15651 -0.1739
15652 -0.185934
15653 -0.187266
15654 -0.191457
15655 -0.192024
15656 -0.145787
15657 -0.182159
15658 -0.170255
15659 -0.166617
15660 -0.200745
15661 -0.172165
15662 -0.18884
15663 -0.183209
15664 -0.184473
15665 -0.164445
15666 -0.179597
15667 -0.158493
15668 -0.170672
15669 -0.175918
15670 -0.204861
15671 -0.16056
15672 -0.184144
15673 -0.183712
15674 -0.16469
15675 -0.165904
15676 -0.163267
15677 -0.192699
15678 -0.175916
15679 -0.183267
15680 -0.162132
15681 -0.168283
15682 -0.178401
15683 -0.159464
15684 -0.171634
15685 -0.193642
15686 -0.185063
15687 -0.170482
15688 -0.160741
15689 -0.145727
15690 -0.186031
15691 -0.175466
15692 -0.167002
15693 -0.16016
15694 -0.156149
15695 -0.199038
15696 -0.181386
15697 -0.210477
15698 -0.196399
15699 -0.190406
15700 -0.187658
15701 -0.197931
15702 -0.16891
15703 -0.202121
15704 -0.184441
15705 -0.185275
15706 -0.179219
15707 -0.171827
15708 -0.172664
15709 -0.151835
15710 -0.180379
15711 -0.18961
15712 -0.170289
15713 -0.186943
15714 -0.177862
15715 -0.196514
15716 -0.201006
15717 -0.15235
15718 -0.191809
15719 -0.163437
15720 -0.186241
15721 -0.165636
15722 -0.17749
15723 -0.186509
15724 -0.19515
15725 -0.165759
15726 -0.195847
15727 -0.174454
15728 -0.14981
15729 -0.166057
15730 -0.171668
15731 -0.178249
15732 -0.199208
15733 -0.167922
15734 -0.210196
15735 -0.195983
15736 -0.177348
15737 -0.152231
15738 -0.191092
15739 -0.168746
15740 -0.179374
15741 -0.160016
15742 -0.207807
15743 -0.154709
15744 -0.188211
15745 -0.170979
15746 -0.151945
15747 -0.180708
15748 -0.175827
15749 -0.198189
15750 -0.191297
15751 -0.135774
15752 -0.151971
15753 -0.189459
15754 -0.162059
15755 -0.17323
15756 -0.178702
15757 -0.19917
15758 -0.162029
15759 -0.178323
15760 -0.14865
15761 -0.178192
15762 -0.184794
15763 -0.184999
15764 -0.167349
15765 -0.19355
15766 -0.168428
15767 -0.171681
15768 -0.197101
15769 -0.20939
15770 -0.19601
15771 -0.166367
15772 -0.16007
15773 -0.177898
15774 -0.156486
15775 -0.199908
15776 -0.191257
15777 -0.166065
15778 -0.173154
15779 -0.159547
15780 -0.155481
15781 -0.187404
15782 -0.179711
15783 -0.156665
15784 -0.172336
15785 -0.173977
15786 -0.19093
15787 -0.162569
15788 -0.159158
15789 -0.183688
15790 -0.165171
15791 -0.142871
15792 -0.174298
15793 -0.161028
15794 -0.170234
15795 -0.160863
15796 -0.166047
15797 -0.181989
15798 -0.165308
15799 -0.164686
15800 -0.203923
15801 -0.180344
15802 -0.158967
15803 -0.17035
15804 -0.18637
15805 -0.174424
15806 -0.15593
15807 -0.200031
15808 -0.206823
15809 -0.196022
15810 -0.182358
15811 -0.167621
15812 -0.197741
15813 -0.173336
15814 -0.187578
15815 -0.185353
15816 -0.155732
15817 -0.170576
15818 -0.167251
15819 -0.164302
15820 -0.191813
15821 -0.187634
15822 -0.186854
15823 -0.194398
15824 -0.149562
15825 -0.159328
15826 -0.188959
15827 -0.183029
15828 -0.152318
15829 -0.148874
15830 -0.195729
15831 -0.199099
15832 -0.18811
15833 -0.175451
15834 -0.129906
15835 -0.165733
15836 -0.162089
15837 -0.159273
15838 -0.199669
15839 -0.184879
15840 -0.173319
15841 -0.181835
15842 -0.196572
15843 -0.164929
15844 -0.174614
15845 -0.211653
15846 -0.174988
15847 -0.18533
15848 -0.187651
15849 -0.189759
15850 -0.168803
15851 -0.190683
15852 -0.182847
15853 -0.208019
15854 -0.194283
15855 -0.210839
15856 -0.177988
15857 -0.186526
15858 -0.162186
15859 -0.191366
15860 -0.152773
15861 -0.187539
15862 -0.162974
15863 -0.189563
15864 -0.198408
15865 -0.195653
15866 -0.153605
15867 -0.178142
15868 -0.16284
15869 -0.188233
15870 -0.158698
15871 -0.153184
15872 -0.187151
15873 -0.160213
15874 -0.15264
15875 -0.163261
15876 -0.19262
15877 -0.184332
15878 -0.187962
15879 -0.178776
15880 -0.163075
15881 -0.161793
15882 -0.190795
15883 -0.186763
15884 -0.144975
15885 -0.168837
15886 -0.161755
15887 -0.195079
15888 -0.19742
15889 -0.152705
15890 -0.164621
15891 -0.197198
15892 -0.191916
15893 -0.176885
15894 -0.16604
15895 -0.186858
15896 -0.173447
15897 -0.162154
15898 -0.177287
15899 -0.170088
15900 -0.177546
15901 -0.167838
15902 -0.210924
15903 -0.17141
15904 -0.20401
15905 -0.191912
15906 -0.1752
15907 -0.183775
15908 -0.201943
15909 -0.189166
15910 -0.168398
15911 -0.187559
15912 -0.187486
15913 -0.180175
15914 -0.193068
15915 -0.199231
15916 -0.200189
15917 -0.169169
15918 -0.176158
15919 -0.175775
15920 -0.168825
15921 -0.153983
15922 -0.147001
15923 -0.167244
15924 -0.173934
15925 -0.163575
15926 -0.156745
15927 -0.204526
15928 -0.173709
15929 -0.176635
15930 -0.195688
15931 -0.172512
15932 -0.169791
15933 -0.180038
15934 -0.1864
15935 -0.190252
15936 -0.190815
15937 -0.191113
15938 -0.196089
15939 -0.154382
15940 -0.183969
15941 -0.19218
15942 -0.165886
15943 -0.175689
15944 -0.167794
15945 -0.173116
15946 -0.187166
15947 -0.184065
15948 -0.191406
15949 -0.190009
15950 -0.161487
15951 -0.194947
15952 -0.173692
15953 -0.160575
15954 -0.173993
15955 -0.190901
15956 -0.172925
15957 -0.156897
15958 -0.137264
15959 -0.187461
15960 -0.170677
15961 -0.185046
15962 -0.180505
15963 -0.177111
15964 -0.169082
15965 -0.168479
15966 -0.154567
15967 -0.194673
15968 -0.200453
15969 -0.199229
15970 -0.199633
15971 -0.206194
15972 -0.15655
15973 -0.18003
15974 -0.192135
15975 -0.157461
15976 -0.177548
15977 -0.156029
15978 -0.199349
15979 -0.175355
15980 -0.164368
15981 -0.163584
15982 -0.128104
15983 -0.159394
15984 -0.178191
15985 -0.170229
15986 -0.171927
15987 -0.199297
15988 -0.209258
15989 -0.177076
15990 -0.167831
15991 -0.174857
15992 -0.18762
15993 -0.181124
15994 -0.167908
15995 -0.199261
15996 -0.190491
15997 -0.173793
15998 -0.185604
15999 -0.198885
16000 -0.186164
