4001 -0.0231011
4002 -0.0301159
4003 0.00131585
4004 0.0508848
4005 -0.0185246
4006 -0.000846108
4007 -0.0473457
4008 -0.0237349
4009 -0.0141324
4010 -0.0616745
4011 0.0309209
4012 -0.00427598
4013 -0.0590235
4014 0.0030687
4015 -0.0042342
4016 -0.0904923
4017 0.0418593
4018 -0.0325885
4019 0.0193642
4020 0.0179676
4021 -0.0119169
4022 -0.0640516
4023 -0.0123223
4024 -0.0468057
4025 -0.0611397
4026 -0.053988
4027 -0.01505
4028 -0.0278283
4029 -0.0768798
4030 -0.0971413
4031 -0.0358568
4032 -0.059746
4033 -0.0391581
4034 -0.0305548
4035 -0.00927034
4036 0.0240391
4037 0.0106876
4038 0.02918
4039 0.0304188
4040 -0.0247497
4041 -0.051569
4042 0.00385013
4043 -0.0356513
4044 -0.0481655
4045 0.0179753
4046 -0.0127524
4047 0.0021262
4048 0.00310928
4049 0.0111433
4050 -0.00249224
4051 -0.019548
4052 0.00984308
4053 0.020617
4054 -0.0536442
4055 0.00717858
4056 -0.0244251
4057 -0.0286975
4058 0.00243785
4059 -0.0332815
4060 0.00629557
4061 -0.0670854
4062 -0.054829
4063 -0.0961906
4064 -0.0109406
4065 -0.00996663
4066 0.00622354
4067 -0.0145756
4068 0.0285051
4069 -0.0371397
4070 0.0212338
4071 0.00299514
4072 -0.0346431
4073 0.0275296
4074 0.0271073
4075 0.0298888
4076 -0.0233772
4077 -0.0267944
4078 0.00470297
4079 -0.0842906
4080 0.00390623
4081 -0.0949692
4082 0.0150596
4083 -0.00531524
4084 -0.0335847
4085 -0.0743454
4086 -0.00854646
4087 -0.0363621
4088 -0.0415194
4089 -0.0137574
4090 0.0160808
4091 -0.0272146
4092 0.00976766
4093 -0.0393369
4094 -0.0216332
4095 -0.0152764
4096 -0.00227769
4097 -0.0289111
4098 -0.0414008
4099 -0.0282291
4100 -0.0154841
4101 0.00924884
4102 -0.025031
4103 -0.0192744
4104 -0.0352815
4105 -0.0125673
4106 -0.00882512
4107 -0.00612567
4108 0.0266549
4109 -0.0252925
4110 0.0108399
4111 -0.0483878
4112 -0.0373576
4113 0.0116024
4114 -0.00800934
4115 0.00968686
4116 -0.0524472
4117 -0.0150877
4118 -0.058205
4119 -0.0422671
4120 -0.0120232
4121 0.0155801
4122 -0.0495791
4123 -0.0141265
4124 -0.0375029
4125 -0.0302105
4126 -0.0102179
4127 -0.0782865
4128 -0.0158985
4129 0.010661
4130 -0.0194316
4131 -0.00891599
4132 -0.0444436
4133 0.0294921
4134 -0.0567944
4135 -0.0300911
4136 -0.01814
4137 -0.047927
4138 0.00554549
4139 -0.0123029
4140 0.00361692
4141 -0.0241895
4142 -0.00761687
4143 -0.028014
4144 0.0140048
4145 0.00413968
4146 -0.0657486
4147 -0.0321944
4148 -0.0363354
4149 -0.023829
4150 -0.0113551
4151 -0.0378014
4152 -0.034779
4153 -0.00163932
4154 -0.0414007
4155 -0.0448208
4156 -0.034693
4157 0.0553849
4158 -0.0218919
4159 0.0567403
4160 -0.0381376
4161 0.00783525
4162 0.0149076
4163 -0.0505034
4164 -0.0238981
4165 -0.0157476
4166 0.00225054
4167 -0.0500445
4168 -0.0304925
4169 -0.00309729
4170 0.00736902
4171 -0.0280564
4172 -0.0458068
4173 0.0406181
4174 0.0133827
4175 0.010457
4176 0.0123689
4177 -0.00207721
4178 -0.028482
4179 -0.0231601
4180 -0.0865051
4181 -0.0287751
4182 0.0183578
4183 -0.0112149
4184 -0.0292139
4185 0.0150991
4186 -0.103317
4187 -0.0439407
4188 -0.0389501
4189 -0.0135529
4190 0.00314434
4191 -0.0681316
4192 0.00602727
4193 -0.0145903
4194 0.0101333
4195 0.0280036
4196 0.0341108
4197 -0.0402181
4198 -0.0164051
4199 -0.0340883
4200 -0.0069592
4201 -0.0481979
4202 -0.0787892
4203 0.0061099
4204 -0.0670321
4205 0.000175162
4206 -0.0522198
4207 -0.0212788
4208 0.0321584
4209 -0.106435
4210 -0.00549275
4211 0.0179618
4212 0.0175944
4213 -0.0107213
4214 -0.0433878
4215 0.010676
4216 -0.0305128
4217 -0.0104038
4218 0.0335626
4219 0.0326359
4220 -0.0118046
4221 -0.0614022
4222 0.00842789
4223 -0.0634338
4224 0.00639764
4225 0.0104078
4226 0.00580185
4227 -0.0712728
4228 -0.0630292
4229 0.000626868
4230 -0.0249557
4231 -0.00135135
4232 -0.0130876
4233 0.0316047
4234 0.0185921
4235 -0.0498622
4236 -0.0066052
4237 0.0346414
4238 -0.0331186
4239 -0.0521154
4240 -0.0115544
4241 0.025155
4242 0.0280105
4243 0.0689578
4244 0.00698749
4245 -0.0161078
4246 -0.00687021
4247 -0.0155272
4248 -0.0391094
4249 -0.0559056
4250 -0.0743416
4251 -0.0653856
4252 0.030409
4253 -0.0095181
4254 -0.0455163
4255 -0.0561068
4256 -0.0154294
4257 -0.00655067
4258 -0.0435004
4259 -0.0199098
4260 -0.038913
4261 -0.0324577
4262 0.0171804
4263 -0.058522
4264 -0.0311246
4265 -0.0549531
4266 -0.00911169
4267 -0.0437081
4268 -0.0344322
4269 -0.0437095
4270 0.0136288
4271 -0.0527514
4272 0.00508988
4273 -0.0553527
4274 -0.112583
4275 -0.00187312
4276 -0.015838
4277 -0.0747467
4278 -0.0155441
4279 0.0181736
4280 -0.0411098
4281 0.00804987
4282 -0.0177021
4283 0.0272795
4284 0.0188385
4285 -0.0760472
4286 -0.00484675
4287 0.00948172
4288 -0.0948035
4289 -0.0326535
4290 0.012523
4291 -0.0053912
4292 -0.0106653
4293 0.00574501
4294 -0.0324783
4295 -0.0315218
4296 -0.000342668
4297 -1.66633e-05
4298 -0.0598723
4299 0.00142096
4300 -0.0148725
4301 0.0118968
4302 0.0223563
4303 -0.0291413
4304 -0.0316213
4305 -0.0600229
4306 -0.0159213
4307 -0.0364943
4308 0.00404569
4309 0.0202046
4310 -0.098392
4311 -0.0488752
4312 -0.0849558
4313 -0.0124265
4314 -0.0199992
4315 -0.00410461
4316 -0.028216
4317 -0.0465214
4318 0.00675735
4319 -0.0451412
4320 0.0199029
4321 0.0412158
4322 -0.0289015
4323 -0.0358664
4324 -0.00256819
4325 -0.0103708
4326 0.0116994
4327 -0.0308649
4328 -0.0114656
4329 -0.0893559
4330 -0.0280831
4331 -0.0874801
4332 -0.0155078
4333 -0.0124021
4334 -0.0258049
4335 -0.0157387
4336 -0.0188951
4337 0.0194403
4338 -0.00296737
4339 -0.0857958
4340 -0.021214
4341 -0.00549758
4342 -0.0476795
4343 0.0192769
4344 0.0277172
4345 0.0252808
4346 -0.0344766
4347 -0.0496066
4348 0.0338577
4349 0.0270434
4350 -0.00392678
4351 0.0165146
4352 -0.059514
4353 -0.016252
4354 -0.0394332
4355 -0.0262132
4356 -0.0163918
4357 -0.00487919
4358 -0.018796
4359 0.0204724
4360 -0.0330368
4361 -0.0140553
4362 -0.0388558
4363 -6.78283e-05
4364 -0.0305247
4365 -0.0234131
4366 -0.0398777
4367 0.00291121
4368 -0.0129894
4369 -0.0959275
4370 -0.0555845
4371 -0.00304595
4372 -0.0288706
4373 -0.0345222
4374 0.00733466
4375 0.0391975
4376 -0.0324905
4377 0.030561
4378 -0.0769531
4379 -0.0716299
4380 0.0807324
4381 -0.00221787
4382 0.0145769
4383 0.0324637
4384 -0.108473
4385 -0.00600161
4386 -0.0165645
4387 -0.0411217
4388 -0.0870739
4389 -0.0201262
4390 -0.0249656
4391 0.020807
4392 -0.0632865
4393 0.00909904
4394 -0.0811197
4395 0.0355325
4396 0.000842707
4397 0.0439909
4398 0.0383019
4399 -0.0154797
4400 0.00758946
4401 0.0225249
4402 0.007051
4403 -0.00252554
4404 -0.0312944
4405 -0.0422119
4406 -0.0262305
4407 -0.0549542
4408 -0.0107611
4409 -0.0254111
4410 -0.0259282
4411 -0.0990833
4412 0.0262819
4413 0.00697688
4414 -0.0247053
4415 -0.0130856
4416 -0.015613
4417 -0.0889863
4418 0.0237751
4419 -0.0512879
4420 0.0393179
4421 0.00559198
4422 -0.0287074
4423 0.0126214
4424 0.0277936
4425 0.0203483
4426 -0.0634739
4427 -0.000753552
4428 0.0139189
4429 0.0389351
4430 -0.0884723
4431 -0.0646533
4432 0.0166521
4433 -0.0728964
4434 0.0301387
4435 0.0150952
4436 -0.0126943
4437 -0.0677194
4438 -0.0483292
4439 -0.0500114
4440 -0.0975161
4441 -0.0228491
4442 -0.0490801
4443 -0.0228791
4444 -0.0672161
4445 0.00865788
4446 -0.0156057
4447 0.0427208
4448 -0.00555778
4449 -0.0624444
4450 -0.0515478
4451 -0.0662783
4452 -0.0279567
4453 0.074518
4454 -0.0137939
4455 -0.0249557
4456 0.0235824
4457 -0.0166535
4458 -0.0879413
4459 -0.073367
4460 0.00412148
4461 -0.023566
4462 -0.0177361
4463 -0.0853917
4464 0.00266425
4465 -0.00616263
4466 0.0238023
4467 -0.031275
4468 -0.0401797
4469 -0.0198507
4470 0.0320385
4471 0.00835544
4472 -0.0239441
4473 -0.0204402
4474 -0.00636093
4475 -0.0150996
4476 -0.0366553
4477 0.0249325
4478 -0.0222778
4479 -0.0313957
4480 -0.0473734
4481 -0.0338812
4482 -0.0787624
4483 -0.0454423
4484 0.0154018
4485 -0.0328147
4486 0.0306569
4487 0.0167122
4488 -0.0689997
4489 -0.0348935
4490 -0.0180584
4491 -0.00825109
4492 -0.0154695
4493 -0.052546
4494 0.0464946
4495 0.00218272
4496 0.00605225
4497 -0.0163587
4498 0.0457059
4499 -0.0514526
4500 -0.0824182
4501 -0.0561031
4502 0.0064754
4503 -0.0201204
4504 -0.0606822
4505 -0.0418037
4506 -0.0174706
4507 -0.0366586
4508 0.0445873
4509 -0.066456
4510 -0.00904368
4511 0.0194572
4512 -0.000979423
4513 0.0035403
4514 -0.0354236
4515 -0.028296
4516 -0.00781162
4517 -0.0298443
4518 -0.0491175
4519 -0.0164451
4520 -0.0369528
4521 -0.0634626
4522 0.0127644
4523 -0.0398808
4524 -0.0439677
4525 -0.0466258
4526 -0.00842601
4527 -0.0207957
4528 -0.0345019
4529 -0.0195714
4530 -0.0429322
4531 0.00704494
4532 0.0317348
4533 -0.00226378
4534 -0.00629904
4535 -0.00905408
4536 -0.0594332
4537 -0.060096
4538 0.0139317
4539 -0.0332722
4540 0.0215594
4541 -0.0697079
4542 -0.00301562
4543 0.0249728
4544 0.0252522
4545 -0.052312
4546 -0.0212683
4547 -0.00165698
4548 -0.0441011
4549 -0.0239863
4550 -0.0557497
4551 0.00824706
4552 -0.0723751
4553 -0.0545568
4554 -0.0642908
4555 -0.0411961
4556 -0.0533016
4557 0.0182535
4558 -0.0640623
4559 -0.036025
4560 -0.0208487
4561 -0.0544056
4562 -0.0848773
4563 0.00471808
4564 -0.0470574
4565 0.0125759
4566 -0.00149521
4567 -0.0105242
4568 0.0462426
4569 -0.0112798
4570 -0.00197777
4571 -0.0433374
4572 0.0325817
4573 0.0624594
4574 -0.065724
4575 0.025682
4576 -0.0179538
4577 -0.018189
4578 0.00953417
4579 -0.0381056
4580 -0.0378684
4581 -0.0717251
4582 0.0292753
4583 0.0130464
4584 -0.0279207
4585 -0.05827
4586 -0.0119828
4587 -0.037251
4588 -0.00708866
4589 -0.012497
4590 -0.0160501
4591 -0.0383886
4592 -0.0302829
4593 -0.0327085
4594 -0.027916
4595 -0.00743168
4596 -0.0363282
4597 0.0626599
4598 -0.0275213
4599 -0.055183
4600 -0.0323918
4601 -0.00262391
4602 -0.0413163
4603 -0.032609
4604 -0.035344
4605 0.00298173
4606 0.0304698
4607 -0.028119
4608 -0.00967355
4609 -0.0076526
4610 -0.0216429
4611 0.041506
4612 0.0132009
4613 -0.0290306
4614 -0.0677205
4615 -0.0571057
4616 0.0157262
4617 0.0351349
4618 -0.0456091
4619 -0.0274631
4620 0.0365233
4621 -0.00788089
4622 -0.020983
4623 0.0177495
4624 -0.0343165
4625 -0.0300361
4626 0.0384223
4627 -0.0358124
4628 -0.0661324
4629 -0.00527703
4630 0.00775174
4631 -0.0143028
4632 -0.0418042
4633 -0.0482148
4634 -0.0160788
4635 -0.0279609
4636 -0.0263682
4637 0.0371557
4638 -0.0246537
4639 0.0432735
4640 0.00374642
4641 0.0464137
4642 -0.067011
4643 -0.0249691
4644 -0.0548782
4645 -0.00569173
4646 -0.0789725
4647 -0.0449353
4648 0.0170719
4649 0.0128543
4650 -0.0277356
4651 -0.0480628
4652 -0.0716564
4653 -0.0299436
4654 0.0244921
4655 -0.0821777
4656 0.00148322
4657 -0.0377852
4658 0.0101649
4659 -0.0120825
4660 -0.0107997
4661 -0.101503
4662 -0.00628716
4663 -0.0582702
4664 -0.00548581
4665 0.00634733
4666 -0.0489485
4667 -0.0499391
4668 -0.0278961
4669 -0.0365077
4670 0.00705246
4671 -0.0245725
4672 -0.0450819
4673 -0.0326081
4674 0.00980778
4675 -0.0115706
4676 0.0260509
4677 -0.0162284
4678 -0.0171615
4679 -0.00440048
4680 -0.0413962
4681 -0.0182428
4682 -0.0190887
4683 -0.0360298
4684 0.0179584
4685 -0.017002
4686 -0.0412415
4687 -0.0406019
4688 -0.0628733
4689 -0.0666679
4690 0.0257966
4691 -0.0581651
4692 -0.0348061
4693 -0.00145838
4694 -0.0330716
4695 -0.0242757
4696 -0.0315493
4697 -0.0479163
4698 -0.00926404
4699 -0.0426067
4700 -0.0274227
4701 -0.0601978
4702 -0.00903408
4703 -0.020642
4704 0.0110192
4705 -0.0417544
4706 -0.0373839
4707 -0.0364668
4708 -0.0216646
4709 0.0246089
4710 -0.00787422
4711 0.00102317
4712 0.0276537
4713 -0.0390588
4714 -0.0531359
4715 -0.0146695
4716 -0.00801583
4717 -0.0829267
4718 -0.0779794
4719 -0.00483688
4720 -0.0341455
4721 -0.0240818
4722 -0.0492643
4723 0.00763956
4724 -0.0281432
4725 -0.0121591
4726 -0.0342092
4727 0.0181735
4728 0.00204247
4729 -0.020648
4730 -0.0201042
4731 -0.0332223
4732 -0.0332587
4733 -0.0868482
4734 -0.0034032
4735 -0.0948173
4736 -0.0237389
4737 -0.00577569
4738 0.0397449
4739 -0.0156966
4740 -0.0140502
4741 -0.0118533
4742 -0.0196781
4743 -0.00361257
4744 0.0159299
4745 -0.00493428
4746 -0.0402557
4747 0.0213054
4748 -0.0204601
4749 -0.0405098
4750 -0.0936404
4751 -0.0420178
4752 -0.0105791
4753 -0.0677831
4754 0.0322526
4755 -0.0175256
4756 -0.001493
4757 0.00540749
4758 -0.0327971
4759 -0.0238969
4760 -0.0278781
4761 -0.00782427
4762 -0.0647157
4763 -0.0792616
4764 -0.00546556
4765 -0.0703318
4766 -0.0574647
4767 0.00614344
4768 -0.0688747
4769 -0.0121324
4770 0.00977316
4771 -0.0069517
4772 -0.106055
4773 0.0126609
4774 -0.0692702
4775 0.0116184
4776 -0.0164948
4777 -0.0331934
4778 0.00388661
4779 -0.0248306
4780 -0.0306281
4781 0.0299914
4782 -0.0620939
4783 -0.0183483
4784 -0.013045
4785 -0.0213698
4786 -0.0172883
4787 0.0257801
4788 -0.0862867
4789 0.0284408
4790 -0.0129544
4791 0.0104514
4792 0.0360262
4793 0.0445618
4794 0.00787505
4795 -0.0516456
4796 -0.0287697
4797 -0.0066584
4798 -0.0161562
4799 0.0538072
4800 -0.0412978
4801 -0.0130355
4802 -0.0782264
4803 -0.00512741
4804 -0.0188444
4805 -0.0420484
4806 -0.00457011
4807 -0.0268245
4808 -0.0686943
4809 -0.101585
4810 -0.0385326
4811 0.00493954
4812 -0.014238
4813 -0.0147926
4814 -0.0248876
4815 -0.0570889
4816 -0.0480543
4817 -0.0170538
4818 -0.0226618
4819 0.00308726
4820 -0.118295
4821 -0.026826
4822 -0.0258506
4823 -0.042275
4824 0.00461182
4825 -0.0498681
4826 0.00255685
4827 -0.0606865
4828 -0.0488393
4829 -0.0346232
4830 0.0145683
4831 -0.00896935
4832 -0.00431871
4833 -0.0211515
4834 -0.0156198
4835 0.0027457
4836 -0.0361194
4837 -0.093737
4838 -0.0672481
4839 -0.0449547
4840 -0.0748935
4841 0.0382096
4842 0.0197226
4843 0.0257515
4844 -0.0554228
4845 0.0236285
4846 -0.026119
4847 -0.0063597
4848 0.0294347
4849 -0.0737327
4850 -0.0609
4851 -0.0109031
4852 0.0589505
4853 -0.0512941
4854 -0.0635606
4855 -0.0347896
4856 -0.0290886
4857 -0.0245417
4858 -0.0134879
4859 0.0252752
4860 -0.0222157
4861 0.0107491
4862 -0.0654381
4863 -0.00246405
4864 -0.0218007
4865 -0.00146638
4866 -0.0342539
4867 0.00745648
4868 0.0423496
4869 -0.0725629
4870 -0.0161044
4871 -0.0348679
4872 -0.0369552
4873 0.0117497
4874 0.024301
4875 -0.0201556
4876 -0.0210657
4877 -0.0354442
4878 0.00591124
4879 -0.019734
4880 -0.0170394
4881 -0.00860087
4882 0.0277242
4883 -0.0245997
4884 0.0342663
4885 -0.051842
4886 -0.0944819
4887 -0.070843
4888 -0.0548831
4889 0.0109694
4890 -0.0475715
4891 -0.0254614
4892 -0.0197597
4893 -0.0214346
4894 -0.0183666
4895 0.0286688
4896 -0.0359383
4897 0.0141579
4898 -0.0102381
4899 -0.0426534
4900 -0.0252387
4901 -0.00245246
4902 -0.0300266
4903 -0.0444416
4904 -0.0352978
4905 -0.0817455
4906 -0.0308766
4907 -0.0137449
4908 -0.0694755
4909 -0.0350263
4910 0.00587496
4911 -4.81167e-05
4912 -0.0560397
4913 -0.0401303
4914 -0.0480229
4915 -0.0440505
4916 -0.0525398
4917 -0.0740803
4918 -0.0639645
4919 -0.00707878
4920 -0.039104
4921 -0.0183843
4922 0.000164595
4923 -0.0400321
4924 -0.0375325
4925 -0.00628283
4926 -0.0196378
4927 -0.00724633
4928 -0.0258483
4929 0.0161514
4930 -0.0683022
4931 -0.0294592
4932 -0.0207106
4933 -0.0207506
4934 -0.0249329
4935 0.00777792
4936 -0.0933005
4937 -0.0541526
4938 0.0233344
4939 -0.0272725
4940 -0.0186864
4941 0.0272705
4942 -0.0446434
4943 0.00284262
4944 0.0269559
4945 -0.0274776
4946 -0.0255935
4947 -0.0416261
4948 0.06976
4949 -0.0606244
4950 -0.0172768
4951 -0.0129755
4952 -0.0208709
4953 -0.0861899
4954 0.0399349
4955 -0.0452097
4956 -0.0724346
4957 -0.0701504
4958 -0.0491688
4959 0.0279243
4960 -0.00715296
4961 0.0245277
4962 -0.0392571
4963 0.00679157
4964 0.015847
4965 -0.00470739
4966 0.0158075
4967 0.0272897
4968 -0.0266291
4969 -0.0532787
4970 0.0153215
4971 0.0340524
4972 -0.0457214
4973 0.0154302
4974 0.0453912
4975 0.0254768
4976 -0.00202515
4977 -0.102065
4978 -0.0422777
4979 0.0372087
4980 -0.0269048
4981 -0.0596683
4982 0.0143614
4983 -0.0048961
4984 0.0136991
4985 -0.0315044
4986 -0.0277426
4987 -0.0686041
4988 -0.0987325
4989 -0.0617167
4990 -0.0295333
4991 0.0188746
4992 -0.0156725
4993 -0.0394043
4994 -0.031933
4995 -0.00613128
4996 -0.0270649
4997 -0.0768706
4998 -0.0262826
4999 0.00530915
5000 -0.0296565
