15001 -0.0865158
15002 0.0428508
15003 -0.0162216
15004 -0.00404626
15005 0.010967
15006 -0.0385055
15007 -0.0254574
15008 -0.0642907
15009 -0.029791
15010 0.0398658
15011 -0.117728
15012 0.0229431
15013 0.0142401
15014 0.0140946
15015 -0.0335708
15016 -0.0282686
15017 -0.0676933
15018 0.0154709
15019 -0.0213594
15020 0.0298075
15021 -0.0173445
15022 0.00384305
15023 0.0064454
15024 -0.0285924
15025 -0.0341355
15026 -0.0773365
15027 0.0303206
15028 0.0548232
15029 -0.0370867
15030 -0.0153626
15031 0.0177354
15032 -0.0103404
15033 -0.0299495
15034 -0.0378243
15035 -0.0688076
15036 -0.0340072
15037 -0.0190415
15038 -0.0520193
15039 -0.0143475
15040 -0.0187036
15041 0.0101318
15042 -0.00113656
15043 -0.0342184
15044 -0.00647292
15045 -0.0431365
15046 -0.0228855
15047 0.0353114
15048 -0.0413799
15049 -0.0142454
15050 -0.0720712
15051 -0.0404387
15052 0.0096807
15053 -0.0346338
15054 -0.0153244
15055 -0.0358426
15056 -0.0317931
15057 -0.0148524
15058 -0.031063
15059 -0.0168391
15060 0.020887
15061 -0.0177867
15062 0.0362504
15063 -0.0455282
15064 -0.0728538
15065 -0.0118777
15066 -0.0427416
15067 -0.0344894
15068 -0.0377505
15069 -0.0161718
15070 -0.038617
15071 -0.0604458
15072 -0.0578118
15073 0.0173851
15074 0.0201694
15075 -0.0214086
15076 -0.0541682
15077 0.04053
15078 0.0273142
15079 -0.020422
15080 -0.0879759
15081 0.027521
15082 -0.0959487
15083 -0.0318416
15084 -0.0599106
15085 -0.0533662
15086 0.00229408
15087 -0.0351015
15088 -0.0543216
15089 -0.0587213
15090 -0.0742915
15091 -0.0307079
15092 -0.0315784
15093 -0.0322999
15094 -0.0476074
15095 -0.0416515
15096 -0.00509033
15097 -0.0486655
15098 -0.0544239
15099 -0.0272428
15100 -0.0194197
15101 -0.042065
15102 -0.0237706
15103 -0.0840054
15104 -0.00173991
15105 -0.0562276
15106 0.0114242
15107 -0.0172769
15108 0.0154082
15109 -0.0687568
15110 -0.0648605
15111 -0.0796229
15112 -0.00299864
15113 -0.0623477
15114 -0.0316562
15115 -0.00873132
15116 -0.012013
15117 -0.0344154
15118 0.0065326
15119 -0.0205478
15120 0.00587266
15121 0.0285482
15122 -0.0888696
15123 -0.0282473
15124 0.0320275
15125 -0.0411671
15126 -0.0295008
15127 0.0053532
15128 -0.0170976
15129 0.0125046
15130 -0.00828555
15131 -0.0668856
15132 0.012132
15133 0.00296897
15134 -0.0337451
15135 0.0161932
15136 -0.0233189
15137 0.0290012
15138 0.0291786
15139 -0.0316778
15140 0.0124786
15141 -0.021307
15142 -0.0234827
15143 0.0234231
15144 -0.0950695
15145 -0.0437455
15146 -0.0307497
15147 0.0183588
15148 0.00705508
15149 -0.0101811
15150 0.00844033
15151 -0.0403241
15152 -0.0582869
15153 -0.0200722
15154 -0.0176849
15155 -0.0383021
15156 0.0510905
15157 0.0183313
15158 -0.0266565
15159 0.0242328
15160 -0.0253987
15161 -0.0599617
15162 -0.103779
15163 -0.000989975
15164 -0.0243325
15165 -0.0301746
15166 -0.0158903
15167 0.0320076
15168 0.00446779
15169 0.0111868
15170 0.0202192
15171 -0.00321509
15172 -0.0430059
15173 0.0106843
15174 -0.0310383
15175 0.0226083
15176 0.0433186
15177 -0.0229296
15178 -0.0100927
15179 0.0196288
15180 -0.0549022
15181 0.0308439
15182 -0.0289723
15183 -0.0330584
15184 0.00625883
15185 -0.00441195
15186 0.0205618
15187 -0.0817437
15188 -0.00117978
15189 0.0194049
15190 -0.0044839
15191 0.00405005
15192 -0.0469681
15193 -0.0381609
15194 -0.0185225
15195 -0.0508888
15196 -0.0446843
15197 0.00816809
15198 0.0256408
15199 -0.0291806
15200 -0.109833
15201 -0.026764
15202 0.00243003
15203 0.0039601
15204 -0.022429
15205 0.0140108
15206 -0.046645
15207 -0.0399825
15208 -0.05673
15209 -0.0956808
15210 -0.00305964
15211 0.00847029
15212 -0.058843
15213 -0.0500653
15214 0.00324106
15215 -0.0528317
15216 -0.070735
15217 0.0112972
15218 -0.0190908
15219 0.0249223
15220 -0.0654119
15221 -0.00890822
15222 0.0125308
15223 -0.0148652
15224 -0.0112917
15225 0.00186933
15226 -0.0459913
15227 0.0241546
15228 -0.00031839
15229 -0.0762473
15230 -0.0101536
15231 -0.0514718
15232 -0.00201219
15233 0.0489933
15234 -0.00986029
15235 -0.00866597
15236 -0.022565
15237 0.00374926
15238 -0.0947508
15239 0.00313056
15240 0.0196512
15241 -0.0112676
15242 0.0356694
15243 -0.00342959
15244 -0.0813199
15245 -0.0307051
15246 -0.0153109
15247 0.0146976
15248 -0.0319054
15249 -0.0117633
15250 -0.0494484
15251 -0.005285
15252 0.0326681
15253 0.00855367
15254 -0.0886593
15255 -0.0443529
15256 0.0375173
15257 -0.0319712
15258 -0.0177787
15259 -0.0196267
15260 -0.0766968
15261 -0.0523037
15262 -0.0411195
15263 0.0152981
15264 -0.0981103
15265 -0.00526038
15266 0.00158137
15267 0.0166198
15268 -0.0675459
15269 -0.0205175
15270 -0.0483086
15271 0.000940298
15272 -0.0595565
15273 0.00775708
15274 -0.0751644
15275 -0.0259966
15276 -0.0333236
15277 -0.0448571
15278 0.00447334
15279 -0.0216832
15280 0.00907373
15281 -0.0130074
15282 0.0136497
15283 -0.0103767
15284 0.0329248
15285 -0.0248854
15286 -0.0335717
15287 -0.0127415
15288 0.00667034
15289 0.00931941
15290 -0.0464078
15291 -0.0602537
15292 -0.00821096
15293 -0.0605201
15294 -0.0757112
15295 -0.0175187
15296 0.033758
15297 -0.0208165
15298 -0.0343642
15299 0.0197136
15300 -0.0406049
15301 -0.0385115
15302 -0.0307639
15303 -0.0974103
15304 -0.0466252
15305 -0.00953949
15306 0.0353067
15307 -0.0715632
15308 -0.00214763
15309 0.00427168
15310 0.00786214
15311 -0.0243843
15312 -0.000737323
15313 -0.023887
15314 -0.037921
15315 0.0192237
15316 -0.0295405
15317 -0.055256
15318 0.00049911
15319 -0.0106905
15320 -0.0458058
15321 -0.0332286
15322 -0.0041384
15323 -0.0832784
15324 0.0262353
15325 -0.046999
15326 -0.00956595
15327 -0.00989162
15328 -0.0441696
15329 -0.025702
15330 -0.00639698
15331 -0.0331146
15332 -0.028768
15333 -0.0152519
15334 0.0536552
15335 -0.101089
15336 -0.0447268
15337 -0.0163793
15338 -0.0153594
15339 -0.0383328
15340 -0.0229547
15341 0.018091
15342 -0.0116639
15343 -0.0637021
15344 -0.079338
15345 0.00132912
15346 -0.0676683
15347 -0.0303074
15348 -0.0381809
15349 -0.036591
15350 -0.0250946
15351 -0.0550954
15352 -0.0504782
15353 -0.0232333
15354 -0.0623057
15355 0.0150663
15356 0.0400579
15357 -0.0801832
15358 -0.0366175
15359 0.0201755
15360 -0.0347692
15361 0.0277899
15362 0.0181818
15363 0.0220349
15364 -0.0026235
15365 0.0033277
15366 -0.0127736
15367 -0.0825433
15368 -0.0158932
15369 -0.0684765
15370 0.00970191
15371 -0.0398582
15372 -0.0345368
15373 -0.000420568
15374 -0.0569379
15375 0.0145508
15376 -0.0343555
15377 0.0350891
15378 0.00323676
15379 -0.0505025
15380 -0.069736
15381 -0.00938228
15382 0.00661791
15383 -0.0163998
15384 -0.0470298
15385 0.0302658
15386 -0.137398
15387 -0.0118223
15388 -0.0761926
15389 -0.00899796
15390 -0.0269319
15391 -0.0318028
15392 -0.0342177
15393 -0.0363058
15394 0.022511
15395 -0.0204981
15396 -0.038917
15397 -0.060509
15398 -0.0376286
15399 0.00342419
15400 -0.0293804
15401 -0.0155011
15402 0.0246782
15403 -0.0188491
15404 -0.0672464
15405 -0.0152368
15406 0.0198889
15407 -0.0211963
15408 0.0235764
15409 0.0328639
15410 -0.0694313
15411 0.0171768
15412 -0.0261711
15413 -0.0353535
15414 0.0359228
15415 0.024852
15416 -0.0117553
15417 -0.098163
15418 -0.0408163
15419 -0.023681
15420 0.0360378
15421 0.00307485
15422 -0.0674067
15423 -0.0217859
15424 -0.124076
15425 0.00600813
15426 0.0209692
15427 -0.0481435
15428 -0.0498739
15429 -0.034855
15430 -0.00348275
15431 0.00940515
15432 -0.0255545
15433 -0.0491089
15434 -0.067351
15435 -0.0133355
15436 0.0269566
15437 -0.10032
15438 -0.0943756
15439 -0.0644092
15440 0.0263985
15441 -0.0105379
15442 -0.00286972
15443 -0.0391368
15444 -0.00395008
15445 -0.0285738
15446 0.0165981
15447 -0.0537746
15448 -0.0321361
15449 -0.0188581
15450 -0.00514586
15451 -0.0622713
15452 -0.0161098
15453 0.0145493
15454 -0.0465092
15455 -0.0232709
15456 -0.00832437
15457 -0.0137434
15458 -0.0493383
15459 -0.0805691
15460 -0.0374406
15461 -0.0698408
15462 -0.0404533
15463 -0.0642616
15464 -0.025035
15465 -0.00839143
15466 -0.0318042
15467 0.0285158
15468 -0.00530304
15469 -0.0117274
15470 -0.00279346
15471 -0.0214135
15472 0.0122713
15473 0.000641263
15474 -0.000860813
15475 -0.0401453
15476 -0.042978
15477 -0.0489486
15478 -0.0393969
15479 -0.0653854
15480 -0.0654174
15481 -0.0381438
15482 -0.063054
15483 -0.0252229
15484 -0.0439246
15485 0.017635
15486 0.0116019
15487 -0.0691783
15488 -0.0499574
15489 0.054005
15490 -0.0793768
15491 0.0394339
15492 -0.0272419
15493 -0.0335387
15494 -0.0196008
15495 0.0156413
15496 -0.0339443
15497 0.0310115
15498 0.0217769
15499 -0.0284184
15500 -0.0484628
15501 -0.0567061
15502 0.0228341
15503 -0.0298557
15504 -0.0395535
15505 0.011294
15506 0.0283923
15507 -0.0289542
15508 -0.0428967
15509 -0.030195
15510 -0.0217567
15511 -0.0570966
15512 -0.0847954
15513 -0.033337
15514 0.00749985
15515 0.076555
15516 -0.093748
15517 -0.0400337
15518 -0.0083308
15519 -0.0308099
15520 0.0213212
15521 -0.0521921
15522 -0.00962562
15523 0.0335691
15524 -0.0678698
15525 -0.094586
15526 0.0608638
15527 -0.0204669
15528 -0.000967883
15529 -0.0640292
15530 -0.0448471
15531 -0.0984988
15532 -0.0765304
15533 -0.0528389
15534 -0.0179005
15535 -0.0204571
15536 0.0100634
15537 -0.00897584
15538 -0.0785235
15539 -0.0032089
15540 -0.00691331
15541 -0.0659915
15542 -0.00708839
15543 -0.0397266
15544 -0.0442557
15545 0.0141202
15546 0.0347561
15547 -0.0409324
15548 -0.0267429
15549 -0.0141475
15550 -0.0315579
15551 -0.0133987
15552 -0.022304
15553 0.0171713
15554 -0.0142043
15555 -0.0603119
15556 -0.0182589
15557 0.0157492
15558 0.0459849
15559 -0.0244838
15560 -0.037724
15561 0.00060951
15562 -0.0334223
15563 -0.0273864
15564 0.0459111
15565 -0.0716778
15566 -0.0363968
15567 0.00451439
15568 -0.009793
15569 -0.00433317
15570 0.0112907
15571 -0.0317218
15572 0.00267299
15573 -0.0578162
15574 -0.0559916
15575 -0.0173683
15576 -0.051612
15577 -0.006763
15578 -0.00933297
15579 0.0339206
15580 0.0109543
15581 0.00223799
15582 -0.0634936
15583 0.00751448
15584 -0.037062
15585 -0.0511181
15586 -0.0519603
15587 -0.0176046
15588 -0.0568288
15589 -0.0391082
15590 0.000946835
15591 -0.00603424
15592 0.0296781
15593 -0.036637
15594 -0.00260032
15595 -0.031483
15596 0.00283955
15597 0.0102751
15598 -0.00764187
15599 -0.000483773
15600 0.00124562
15601 -0.0198058
15602 0.00810412
15603 -0.090636
15604 -0.00639066
15605 0.00888334
15606 0.00560996
15607 0.0350126
15608 -0.0132131
15609 -0.0370969
15610 -0.0461921
15611 -0.0108813
15612 -0.0110164
15613 -0.0374272
15614 -0.0240956
15615 0.0262651
15616 0.0241486
15617 -0.00973701
15618 -0.0615048
15619 -0.0251069
15620 -0.055036
15621 -0.0349722
15622 -0.06519
15623 -0.0255324
15624 -0.0254645
15625 -0.0249867
15626 -0.0402099
15627 0.0297634
15628 -0.0150692
15629 -0.0522858
15630 -0.0944929
15631 -0.0549024
15632 -0.0777244
15633 -0.0601155
15634 -0.0177731
15635 -0.0397868
15636 0.000201835
15637 0.00580529
15638 -0.0293763
15639 -0.069974
15640 -0.0538269
15641 -0.0218573
15642 -0.0487647
15643 0.0190701
15644 -0.0501157
15645 -0.0663417
15646 0.00579312
15647 -0.0144706
15648 0.00273481
15649 0.00594585
15650 -0.0210766
15651 0.0293872
15652 -0.0557737
15653 -0.00793703
15654 0.000476488
15655 -0.024113
15656 -0.0414399
15657 -0.0337276
15658 -0.00156138
15659 0.00495734
15660 -0.0191387
15661 -0.0569201
15662 0.0316738
15663 0.0393461
15664 0.00556798
15665 -0.0216687
15666 -0.04295
15667 -0.00412935
15668 -0.00159894
15669 0.0054676
15670 -0.0828608
15671 -0.0158223
15672 -0.0586489
15673 -0.0568385
15674 -0.00982276
15675 -0.0468385
15676 -0.0342859
15677 -0.0189596
15678 -0.0125539
15679 -0.00695892
15680 -0.0137349
15681 -0.0200012
15682 -0.0608274
15683 0.0261145
15684 -0.0760239
15685 -0.0534048
15686 -0.00978397
15687 0.00731953
15688 -0.0119275
15689 -0.00812291
15690 -0.0424523
15691 -0.0514678
15692 -0.0202063
15693 -0.0173957
15694 -0.0160308
15695 -0.0876557
15696 -0.0142931
15697 -0.0914921
15698 -0.0297316
15699 0.014597
15700 -0.00990808
15701 -0.0570603
15702 -0.000515292
15703 -0.0547372
15704 0.0164814
15705 -0.0662296
15706 -0.0066322
15707 0.0234876
15708 -0.0586602
15709 -0.0257861
15710 -0.0493867
15711 -0.0213467
15712 0.0219263
15713 -0.0570787
15714 -0.0715398
15715 -0.0563163
15716 0.0438206
15717 -0.0165236
15718 -0.0187274
15719 -0.0105063
15720 -0.0246459
15721 -0.00108078
15722 0.00139898
15723 -0.0374946
15724 0.0280658
15725 -0.01414
15726 0.0130844
15727 -0.0472318
15728 -0.0155814
15729 -0.0107249
15730 -0.0310386
15731 -0.0224264
15732 -0.0739057
15733 -0.0296055
15734 -0.00675246
15735 0.034731
15736 -0.0463082
15737 -0.00437254
15738 0.00769575
15739 0.0141608
15740 -0.0542704
15741 -0.0418586
15742 -0.101238
15743 -0.020608
15744 -0.088636
15745 -0.0294343
15746 0.00976208
15747 -0.0805962
15748 0.0446836
15749 -0.0558344
15750 -0.0442507
15751 -0.0208802
15752 -0.0410268
15753 -0.0119478
15754 -0.00208532
15755 -0.025755
15756 0.00721138
15757 -0.000368397
15758 -0.0449088
15759 -0.050832
15760 0.0218411
15761 -0.0348898
15762 -0.0113301
15763 -0.0590202
15764 -0.0257585
15765 -0.0208366
15766 0.018017
15767 0.0126496
15768 -0.0726151
15769 -0.0981381
15770 -0.0219557
15771 -0.0368997
15772 -0.0503778
15773 -0.0247391
15774 -0.0117467
15775 0.0197136
15776 0.00687524
15777 -0.039049
15778 -0.0867686
15779 0.0330535
15780 -0.024546
15781 -0.0774813
15782 0.00393909
15783 0.00872136
15784 -0.0203014
15785 -0.0554004
15786 -0.0816804
15787 -0.0177313
15788 0.0298897
15789 -0.0555168
15790 -0.0597783
15791 -0.0150172
15792 -3.68117e-05
15793 -0.0504564
15794 0.0377579
15795 -0.0469584
15796 0.012278
15797 -0.021675
15798 -0.0147112
15799 -0.0435138
15800 -0.0410506
15801 -0.0292547
15802 -0.033556
15803 0.0220511
15804 -0.0491898
15805 0.00276164
15806 -0.00807699
15807 -0.0434626
15808 -0.0757522
15809 0.0642686
15810 0.000347133
15811 -0.0135169
15812 -0.00170646
15813 -0.0261722
15814 -0.0437918
15815 -0.0375879
15816 -0.0117397
15817 -0.00850459
15818 -0.0156258
15819 -0.0386793
15820 -0.0541556
15821 -0.02761
15822 -0.0504424
15823 0.0340723
15824 0.000554375
15825 -0.0359907
15826 -0.065056
15827 -0.0161718
15828 -0.0278936
15829 -0.0465406
15830 0.00540685
15831 -0.0373822
15832 -0.0474135
15833 -0.000130853
15834 -0.0289927
15835 -0.00797786
15836 -0.027787
15837 -0.0257045
15838 -0.0941495
15839 -0.0559876
15840 -0.0131201
15841 0.0108372
15842 0.00905219
15843 -0.0133636
15844 -0.0116675
15845 -0.115609
15846 -0.0480636
15847 -0.0831434
15848 -0.0289925
15849 -0.0152422
15850 -0.0186299
15851 -0.0453217
15852 0.00954997
15853 -0.0423299
15854 -0.0931998
15855 -0.104325
15856 -0.0278776
15857 -0.0517597
15858 0.00338657
15859 -0.0485235
15860 0.0312789
15861 -0.0274479
15862 -0.0166588
15863 -0.0216287
15864 -0.0531046
15865 0.0456266
15866 0.016771
15867 -0.0049007
15868 -0.0297295
15869 -0.00806731
15870 -0.0245334
15871 0.0221582
15872 -0.0569009
15873 -0.0487672
15874 -0.0377123
15875 -0.0229224
15876 0.040878
15877 -0.0144435
15878 0.0237606
15879 -0.0340941
15880 -0.017698
15881 -0.00169971
15882 -0.0520798
15883 0.00465884
15884 -0.0272318
15885 -0.0295144
15886 -0.0156603
15887 -0.0581662
15888 -0.0355775
15889 -0.0385574
15890 -0.0264638
15891 -0.0499312
15892 -0.0471871
15893 -0.037187
15894 -0.00115331
15895 -0.00975081
15896 0.0238368
15897 -0.058843
15898 -0.00322348
15899 0.0206778
15900 0.0229266
15901 -0.0292216
15902 -0.0831453
15903 -0.0285067
15904 -0.0016654
15905 -0.0109218
15906 -0.0487331
15907 0.0121504
15908 -0.0979294
15909 -0.0665028
15910 -0.0120269
15911 0.060246
15912 -0.0196089
15913 -0.0541477
15914 -0.0762425
15915 0.00634427
15916 -0.099899
15917 -0.0163171
15918 -0.0366337
15919 0.00721671
15920 0.0347171
15921 -0.0295286
15922 -0.0180659
15923 0.0176331
15924 -0.0245909
15925 0.0488465
15926 -0.00496883
15927 -0.0422081
15928 -0.0124648
15929 -0.0378682
15930 -0.0236474
15931 0.00711765
15932 -0.052163
15933 -0.0845959
15934 -0.0442051
15935 -0.00951749
15936 0.00030411
15937 -0.0574946
15938 -0.0861176
15939 -0.0159014
15940 -0.016718
15941 -0.0697171
15942 0.00531384
15943 -0.0186164
15944 0.0190265
15945 -0.0368098
15946 -0.0380695
15947 -0.0344369
15948 -0.0618956
15949 -0.0895365
15950 -0.0519639
15951 0.00708877
15952 -0.0369565
15953 0.0250321
15954 -0.0356204
15955 -0.00760013
15956 0.0221736
15957 0.0202834
15958 -0.0359812
15959 -0.00835187
15960 -0.0412894
15961 -0.0523672
15962 -0.0233802
15963 -0.00188926
15964 0.00117089
15965 -0.034234
15966 0.0159318
15967 -0.0914988
15968 -0.0458998
15969 -0.0953723
15970 -0.0685992
15971 -0.0920197
15972 0.0165825
15973 -0.0422293
15974 -0.0848559
15975 -0.0294261
15976 -0.0236635
15977 -0.0186336
15978 0.0686632
15979 -0.0717604
15980 0.011102
15981 -0.0166917
15982 -0.0326409
15983 -0.0340352
15984 0.0175644
15985 0.00407465
15986 0.0148301
15987 -0.00920377
15988 -0.0747667
15989 -0.0121544
15990 -0.034777
15991 -0.0492217
15992 -0.0336419
15993 -0.0337917
15994 -0.00199412
15995 -0.0828925
15996 -0.0154761
15997 -0.0369404
15998 -0.0730303
15999 -0.101291
16000 -0.00998127
