3001 -0.0567574
3002 -0.0121919
3003 -0.00469974
3004 0.030792
3005 0.0153406
3006 -0.0803076
3007 -0.0344833
3008 0.00830602
3009 -0.0154524
3010 -0.00549022
3011 -0.00607929
3012 0.0145879
3013 -0.0580165
3014 0.023906
3015 -0.0499085
3016 -0.0441285
3017 -0.040202
3018 -0.0395107
3019 0.0140108
3020 -0.0237583
3021 -0.00500341
3022 -0.0130611
3023 -0.0229376
3024 -0.0512566
3025 0.00355148
3026 0.0055973
3027 0.0352628
3028 0.00275895
3029 -0.0621619
3030 0.0066136
3031 -0.00472342
3032 0.0217453
3033 -0.0232687
3034 0.0256708
3035 -0.0791692
3036 -0.00131837
3037 -0.0797689
3038 -0.000381875
3039 -0.0254289
3040 -0.0092482
3041 -0.0597398
3042 -0.0624444
3043 -0.0298795
3044 0.00533294
3045 -0.0086632
3046 -0.0644112
3047 -0.0652103
3048 -0.0137469
3049 -0.0390258
3050 0.00849981
3051 -0.000946318
3052 -0.0638359
3053 -0.0487331
3054 -0.0344892
3055 -0.0165147
3056 -0.061998
3057 -0.0173055
3058 -0.0605373
3059 -0.0468322
3060 -0.0129772
3061 0.0289432
3062 -0.00221781
3063 0.0279812
3064 -0.00336778
3065 0.0104439
3066 -0.0506408
3067 0.0277114
3068 -0.00201418
3069 -0.00686083
3070 -0.0180004
3071 0.000668778
3072 0.00387881
3073 -0.0655434
3074 0.0016372
3075 -0.00653391
3076 -0.0155383
3077 -0.049468
3078 -0.0237351
3079 -0.0459085
3080 -0.0365826
3081 -0.00208229
3082 -0.0201811
3083 -0.0131662
3084 -0.0156798
3085 0.00695985
3086 -0.0232666
3087 -0.0456214
3088 -0.0272233
3089 0.037465
3090 -0.0056912
3091 0.0388088
3092 -0.0331124
3093 0.0341784
3094 -0.0779328
3095 -0.0078353
3096 0.0422965
3097 -0.0288999
3098 -0.044504
3099 -0.0232261
3100 -0.0408106
3101 -0.00805258
3102 -0.0442676
3103 -0.00120437
3104 -0.0274142
3105 -0.0361167
3106 -0.0732287
3107 0.0419922
3108 -0.00829
3109 -0.0208466
3110 0.00372278
3111 -0.0552115
3112 -0.0334385
3113 0.00110588
3114 -0.00432932
3115 -0.0464697
3116 0.0205151
3117 -0.00946421
3118 -0.0513998
3119 -0.022831
3120 -0.0155108
3121 -0.0419147
3122 -0.0147559
3123 -0.0252352
3124 -0.034675
3125 -0.0231278
3126 0.0206968
3127 -0.0375523
3128 0.00355009
3129 -0.0407659
3130 0.00173329
3131 -0.0383942
3132 0.00512642
3133 0.0135562
3134 -0.0436675
3135 -0.0268697
3136 0.0170211
3137 -0.0027528
3138 -0.00171725
3139 0.0221623
3140 -0.0205844
3141 -0.023404
3142 -0.0492354
3143 0.0315687
3144 -0.00621453
3145 0.00243989
3146 0.0164186
3147 -0.0285563
3148 -0.00830975
3149 -0.0141324
3150 0.0260659
3151 -0.0835192
3152 -0.0639979
3153 -0.0473317
3154 -0.00856564
3155 -0.0551157
3156 -0.0194153
3157 -0.0425931
3158 -0.0385968
3159 -0.0763498
3160 -0.0687918
3161 -0.00608926
3162 -0.025055
3163 0.0247182
3164 0.0324266
3165 0.0323379
3166 -0.0633221
3167 -0.0338933
3168 -0.034887
3169 -0.0254377
3170 -0.019426
3171 -0.0268125
3172 -0.0210091
3173 -0.0403121
3174 0.0100303
3175 -0.015598
3176 0.00830898
3177 -0.0385778
3178 -0.0260856
3179 -0.0507853
3180 0.0050174
3181 -0.0383657
3182 0.0087718
3183 0.0286718
3184 -0.0778569
3185 0.0235747
3186 -0.0196432
3187 -0.027271
3188 0.0247599
3189 -0.00090722
3190 -0.0486459
3191 -0.0623661
3192 -0.070478
3193 -0.0573727
3194 0.0165883
3195 -0.0495071
3196 -0.0362388
3197 0.0168995
3198 -0.0539114
3199 -0.0653773
3200 0.00431205
3201 -0.0435876
3202 -0.0107328
3203 -0.0466421
3204 -0.00555867
3205 -0.017149
3206 0.0271077
3207 -0.0146357
3208 -0.0238141
3209 0.0121619
3210 0.0137478
3211 -0.00661267
3212 0.0155481
3213 0.0237695
3214 -0.0167372
3215 0.0121956
3216 0.0313185
3217 -0.000732902
3218 -0.0458276
3219 -0.00302261
3220 0.00543385
3221 -0.0222207
3222 -0.0934949
3223 -0.00376698
3224 -0.0531196
3225 -0.0811928
3226 -0.0683192
3227 0.0297168
3228 -0.00365514
3229 -0.0271227
3230 -0.0485966
3231 -0.0546886
3232 -0.00677184
3233 -0.0472144
3234 0.0131639
3235 -0.0113116
3236 -0.0187099
3237 -0.0356212
3238 -0.0357746
3239 -0.00341857
3240 -0.0499574
3241 -0.0164942
3242 0.00251939
3243 0.0164548
3244 -0.0174623
3245 0.0167921
3246 -0.0128044
3247 -0.0349136
3248 -0.0151269
3249 0.0140505
3250 0.0176278
3251 0.0159558
3252 0.0342622
3253 -0.00110361
3254 0.0314759
3255 -0.0613936
3256 -0.009595
3257 -0.0436126
3258 0.0023296
3259 -0.0424986
3260 -0.0264483
3261 0.0437983
3262 -0.0405574
3263 0.00146581
3264 -0.0606797
3265 0.0360514
3266 -0.00117731
3267 -0.0343505
3268 -0.00228912
3269 -0.034659
3270 -0.0485787
3271 -0.0236842
3272 0.0436917
3273 -0.00894847
3274 -0.0260827
3275 0.0325476
3276 -0.0124243
3277 0.0236123
3278 -0.0325885
3279 -0.0231822
3280 -0.0179436
3281 -0.0298056
3282 0.0264634
3283 0.0218532
3284 -0.0243017
3285 -0.0110977
3286 -0.0513289
3287 0.0063832
3288 0.0179395
3289 -0.0779532
3290 -0.0176183
3291 0.013308
3292 -0.00955047
3293 0.0375877
3294 -0.0239069
3295 -0.0112314
3296 -0.0284031
3297 -0.0216658
3298 -0.0276051
3299 -0.0995762
3300 0.00572834
3301 0.0105382
3302 0.00767377
3303 -0.0600643
3304 -0.0476813
3305 -0.0606197
3306 -0.0602144
3307 -0.0346501
3308 -0.0406342
3309 -0.00426016
3310 -0.0126617
3311 0.012258
3312 -0.0352412
3313 -0.00629035
3314 -0.0961406
3315 -0.0317114
3316 -0.024861
3317 0.0077791
3318 -0.091678
3319 -0.0409758
3320 0.0267268
3321 -0.00132191
3322 -0.0811928
3323 -0.0824125
3324 -0.0312461
3325 0.00447723
3326 -0.090804
3327 0.0216458
3328 -0.0705597
3329 0.0256424
3330 -0.0667991
3331 -0.0507157
3332 -0.00496173
3333 -0.0250123
3334 -0.0356452
3335 0.00519962
3336 -0.0119368
3337 0.00926301
3338 0.0433531
3339 0.0443835
3340 -0.00795605
3341 -0.0371107
3342 0.00889919
3343 -0.0122908
3344 -0.0376647
3345 -0.0117632
3346 -0.048518
3347 0.0374666
3348 -0.008922
3349 -0.0118608
3350 -0.0526447
3351 -0.0061943
3352 -0.00613648
3353 0.0183234
3354 -0.0409277
3355 0.00931126
3356 -0.0616869
3357 0.034524
3358 0.0176855
3359 0.0385911
3360 -0.0834826
3361 0.00863929
3362 -0.0538002
3363 -0.0128117
3364 -0.0308299
3365 -0.0471393
3366 -0.0400512
3367 0.0043419
3368 -0.0233499
3369 0.00574933
3370 -0.0469185
3371 -0.0268751
3372 -0.00751583
3373 -0.0453885
3374 -0.0873543
3375 -0.0834069
3376 -0.0430197
3377 0.0215576
3378 0.0349545
3379 -0.00977175
3380 -0.0201118
3381 -0.0387545
3382 -0.0286447
3383 -0.0391247
3384 -0.0440597
3385 0.0197921
3386 -0.0508666
3387 -0.03866
3388 -0.0308795
3389 -0.0333138
3390 -0.0189344
3391 0.0187379
3392 -0.0432435
3393 0.0241847
3394 0.00198378
3395 -0.0161132
3396 0.00723036
3397 -0.0742629
3398 -0.00833437
3399 0.0273377
3400 -0.0119011
3401 -0.00633191
3402 -0.080251
3403 -0.0448406
3404 0.0236867
3405 -0.0166691
3406 -0.0105408
3407 -0.0401085
3408 -0.0832729
3409 -0.00690359
3410 -0.00609473
3411 0.0177697
3412 -0.0228555
3413 -0.00983727
3414 -0.0756624
3415 -0.0528398
3416 -0.057371
3417 -0.0841522
3418 -0.0146745
3419 -0.0551887
3420 -0.0365308
3421 0.0232335
3422 -0.0371605
3423 -0.0329426
3424 -0.018775
3425 0.0207417
3426 0.0180358
3427 0.0145151
3428 -0.0369692
3429 -0.0141685
3430 -0.0168986
3431 -0.018796
3432 -0.0577537
3433 -0.0203679
3434 -0.00520792
3435 0.071945
3436 0.0380293
3437 -0.00563774
3438 -0.106658
3439 -0.0351359
3440 -0.0205103
3441 0.0661213
3442 -0.0326311
3443 -0.017802
3444 -0.0449836
3445 0.019304
3446 0.0142988
3447 -0.0661306
3448 -0.0431947
3449 -0.0430084
3450 -0.0646583
3451 -0.0391017
3452 0.0115262
3453 -0.0333303
3454 -0.0068113
3455 -0.0400989
3456 -0.00580277
3457 -0.055261
3458 0.0223862
3459 -0.0532957
3460 -0.0918417
3461 -0.0392528
3462 -0.042073
3463 0.0175798
3464 -0.0480769
3465 0.00136745
3466 -0.0644764
3467 -0.0296247
3468 -0.0238621
3469 -0.0285782
3470 -0.016398
3471 0.0573733
3472 0.00767729
3473 0.0214424
3474 -0.0393539
3475 0.0141124
3476 -0.0171018
3477 0.016207
3478 -0.0125673
3479 -0.00631051
3480 -0.055184
3481 -0.0500243
3482 -0.0289978
3483 -0.0363782
3484 -0.0508854
3485 -0.0515534
3486 -0.00863509
3487 0.00801862
3488 -0.0316639
3489 -0.0475914
3490 -0.0188188
3491 -0.0264834
3492 -0.0456811
3493 -0.0173473
3494 -0.0258263
3495 -0.0117424
3496 -0.0381056
3497 -0.0384518
3498 -0.0335846
3499 -0.0249094
3500 0.0421069
3501 0.00480852
3502 -0.0231839
3503 -0.0670288
3504 -0.0743342
3505 0.00137394
3506 0.00392487
3507 -0.011807
3508 0.0223863
3509 0.0207884
3510 -0.0971426
3511 0.0407559
3512 -0.00617467
3513 -0.0480565
3514 -0.0814112
3515 -0.0584275
3516 -0.00567516
3517 -0.0396342
3518 0.00624016
3519 -0.070482
3520 -0.0448024
3521 0.00632105
3522 -0.0834791
3523 0.00698031
3524 -0.0522574
3525 -0.0466209
3526 0.00281625
3527 0.0329258
3528 -0.0376316
3529 -0.00759856
3530 -0.0542175
3531 -0.00857237
3532 -0.0396377
3533 0.0137208
3534 0.0215289
3535 0.013186
3536 -0.0316836
3537 -0.0372478
3538 0.0226519
3539 -0.0377845
3540 -0.013138
3541 0.0172066
3542 0.00284536
3543 -0.0300726
3544 -0.0135739
3545 0.00681022
3546 -0.0338066
3547 -0.00845636
3548 -0.0633552
3549 -0.026579
3550 -0.0398
3551 0.0268077
3552 0.0393182
3553 -0.0505678
3554 -0.022327
3555 -0.0333111
3556 -0.0439464
3557 -0.0510001
3558 -0.00244287
3559 0.00583949
3560 -0.0633019
3561 -0.0179167
3562 0.0114863
3563 -0.0112104
3564 -0.0115053
3565 0.000871622
3566 -0.0506906
3567 -0.0715508
3568 -0.0798161
3569 -0.0369374
3570 -0.025542
3571 -0.0556986
3572 -0.0646953
3573 -0.0793865
3574 -0.042718
3575 -0.020432
3576 -0.0461395
3577 -0.0558494
3578 -0.0430006
3579 -0.0101061
3580 0.0229664
3581 0.0200801
3582 -0.111187
3583 -0.0778584
3584 0.0180046
3585 -0.00044693
3586 -0.0110243
3587 -0.0686548
3588 -0.0681486
3589 -0.0382852
3590 -0.0274233
3591 -0.113065
3592 0.0213346
3593 -0.0555163
3594 -0.0385725
3595 -0.0637676
3596 -0.00322221
3597 -0.00987526
3598 0.0184946
3599 -0.0273809
3600 -0.0308438
3601 -0.0291944
3602 -0.0639071
3603 -0.0955715
3604 -0.106196
3605 0.013703
3606 -0.0536912
3607 -0.00155775
3608 -0.0398612
3609 0.0503385
3610 -0.0360409
3611 -0.0229052
3612 -0.0338377
3613 0.0127038
3614 -0.0268874
3615 -0.0380785
3616 0.0125542
3617 -0.0365477
3618 -0.0225453
3619 0.0348454
3620 -0.0560205
3621 -0.0161399
3622 -0.0838311
3623 -0.0459576
3624 -0.055365
3625 0.00656325
3626 -0.00306271
3627 -0.017774
3628 0.0494535
3629 -0.0523559
3630 -0.0208988
3631 -0.0147216
3632 -0.0297132
3633 -0.0488606
3634 -0.00668928
3635 -0.0759417
3636 0.0188437
3637 -0.0574223
3638 0.0425901
3639 0.0351614
3640 -0.0204497
3641 -0.0433013
3642 -0.0408518
3643 0.020993
3644 0.0261609
3645 -0.0289992
3646 -0.0287311
3647 -0.0341763
3648 -0.00934807
3649 -0.00456218
3650 -0.0475325
3651 0.0298252
3652 -0.00423634
3653 -0.0454752
3654 -0.0353794
3655 -0.0323024
3656 -0.0172051
3657 -0.0144909
3658 -0.0480401
3659 -0.0110362
3660 -0.0438018
3661 -0.0181288
3662 -0.0197034
3663 0.0055927
3664 -0.0492898
3665 -0.0823237
3666 -0.0329773
3667 -0.0386412
3668 0.00243822
3669 -0.0226937
3670 -0.0301576
3671 -0.051634
3672 -0.050547
3673 -0.0345346
3674 -0.0532257
3675 -0.0297421
3676 -0.0247284
3677 -0.0568984
3678 0.0272437
3679 0.0245991
3680 -0.0379823
3681 -0.0320087
3682 -0.0778963
3683 -0.0174241
3684 -0.0502659
3685 -0.0234932
3686 -0.0072695
3687 -0.0331934
3688 -0.0337444
3689 -0.00152478
3690 -0.0192281
3691 -0.0273906
3692 0.01794
3693 -0.0895778
3694 -0.0312666
3695 -0.0320129
3696 0.00298942
3697 0.00837812
3698 0.0324999
3699 0.0247231
3700 -0.0328315
3701 -0.0163203
3702 0.0200455
3703 -0.0432433
3704 -0.0673991
3705 -0.0553551
3706 -0.0576131
3707 -0.00709879
3708 -0.00213476
3709 -0.0104914
3710 -0.0320456
3711 0.00540113
3712 -0.0115465
3713 0.0205327
3714 -0.00503645
3715 -0.0260392
3716 -0.00114092
3717 -0.0122669
3718 -0.0339656
3719 -0.0171995
3720 0.0282217
3721 0.0776035
3722 0.0248118
3723 -0.033274
3724 -0.0258873
3725 0.0376669
3726 -0.00840252
3727 -0.0853232
3728 -0.0587108
3729 -0.0476171
3730 0.0267557
3731 -0.0583659
3732 -0.0559979
3733 -0.0157079
3734 -0.019079
3735 0.0217153
3736 -0.0589095
3737 -0.0166115
3738 -0.000216603
3739 0.0274762
3740 -0.0458514
3741 -0.0299706
3742 -0.00948795
3743 0.0432493
3744 -0.0124774
3745 -0.0293849
3746 -0.0127292
3747 -0.0345801
3748 0.00495744
3749 -0.0439729
3750 -0.00425597
3751 -0.0079459
3752 0.0342843
3753 -0.0291822
3754 -0.00630254
3755 -0.0584062
3756 -0.0523836
3757 -0.0574099
3758 -0.0107801
3759 -0.0387428
3760 0.00310436
3761 -0.00925829
3762 -0.028929
3763 0.0613612
3764 0.0131428
3765 -0.00711147
3766 -0.0918206
3767 -0.0637624
3768 -0.0377378
3769 -0.0129705
3770 -0.0546342
3771 -0.0114302
3772 -0.0311704
3773 -0.0114111
3774 -0.00388571
3775 -0.0113318
3776 -0.0583099
3777 -0.0103998
3778 -0.0269178
3779 -0.0336545
3780 -0.0385739
3781 -0.0248534
3782 0.00838999
3783 0.0061816
3784 -0.0257641
3785 -0.0219837
3786 -0.0573908
3787 0.0462209
3788 -0.00577748
3789 0.00345161
3790 -0.0210645
3791 -0.0401643
3792 -0.0151
3793 -0.0248968
3794 0.00413556
3795 0.0124285
3796 -0.00897787
3797 -0.086112
3798 -0.0136737
3799 0.0139251
3800 -0.0153109
3801 0.0154609
3802 -0.0193644
3803 -0.077005
3804 0.0199073
3805 -0.00441283
3806 0.0149093
3807 -0.00856232
3808 0.00436095
3809 -0.0890476
3810 -0.0124564
3811 -0.101349
3812 -0.0223916
3813 -0.0625002
3814 0.033512
3815 -0.0505872
3816 -0.00132875
3817 -0.0351015
3818 -0.00379118
3819 0.00136341
3820 -0.0928086
3821 0.0177647
3822 -0.00547698
3823 -0.0229651
3824 -0.0296986
3825 -0.0640018
3826 -0.024629
3827 -0.0241667
3828 -0.0396288
3829 -0.0540666
3830 -0.0514631
3831 -0.0144403
3832 -0.0166556
3833 -0.0427356
3834 -0.00385721
3835 0.0197761
3836 0.00450806
3837 -0.0024179
3838 -0.00463334
3839 -0.030045
3840 -0.0474497
3841 -0.0647865
3842 -0.0199383
3843 0.00848519
3844 -0.0347271
3845 -0.014438
3846 -0.0270071
3847 -0.0147406
3848 0.0162128
3849 -0.0695403
3850 -0.00707318
3851 -0.070817
3852 0.0161885
3853 -0.0127917
3854 -0.0149136
3855 -0.0241403
3856 -0.0301872
3857 -0.0281514
3858 -0.0162811
3859 6.08567e-05
3860 0.0298243
3861 -0.00245996
3862 0.0154771
3863 0.0020844
3864 -0.0564436
3865 -0.0307191
3866 0.0248188
3867 -0.015902
3868 0.0352617
3869 -0.0505199
3870 -0.0125643
3871 -0.0310945
3872 -0.0059237
3873 -0.022625
3874 0.00832797
3875 -0.0578507
3876 -0.0889015
3877 -0.0435724
3878 0.0284094
3879 0.0547327
3880 -0.0105004
3881 -0.0379776
3882 -0.0523925
3883 0.0129189
3884 -0.0398402
3885 0.0141218
3886 0.00648475
3887 -0.0316723
3888 0.0214572
3889 -0.0165674
3890 -0.0821032
3891 -0.0354121
3892 -0.0624486
3893 0.0297614
3894 -0.0771437
3895 -0.0239683
3896 0.0180452
3897 -0.0368139
3898 -0.0685842
3899 -0.0377858
3900 -0.0172574
3901 -0.0384056
3902 -0.03476
3903 -0.00739967
3904 -0.0313625
3905 -0.0131732
3906 -0.0316713
3907 -0.0168086
3908 0.00399095
3909 0.0284934
3910 0.0203103
3911 -0.0222066
3912 0.0313354
3913 -0.0173447
3914 -0.017413
3915 -0.00850692
3916 -0.0247683
3917 -0.0430302
3918 0.0171712
3919 -0.0871396
3920 -0.0853952
3921 -0.0360812
3922 0.0336764
3923 -0.0555863
3924 -0.0691709
3925 -0.0183438
3926 -0.0441273
3927 -0.0362036
3928 -0.0433975
3929 0.0244899
3930 -0.00476691
3931 0.000114117
3932 0.0247546
3933 -0.042882
3934 -0.0317796
3935 -0.0554287
3936 0.00119573
3937 -0.00758196
3938 0.0229557
3939 -0.0270687
3940 -0.0143892
3941 -0.056929
3942 -0.0660977
3943 -0.0898049
3944 -0.0166623
3945 0.0135856
3946 -0.020648
3947 -0.11674
3948 -0.0758346
3949 -0.0695298
3950 -0.050513
3951 -0.047673
3952 -0.0410322
3953 -0.0475449
3954 -0.0458351
3955 0.00393269
3956 -0.0244515
3957 -0.0386374
3958 -0.0141118
3959 -0.00067766
3960 -0.0313507
3961 -0.0854235
3962 -0.0198294
3963 -0.0366445
3964 -0.00485588
3965 -0.0324057
3966 -0.0823839
3967 -0.023026
3968 0.0258023
3969 -0.0382401
3970 -0.0196792
3971 -0.00696969
3972 -0.0592758
3973 -0.0167562
3974 -0.00966365
3975 0.024007
3976 -0.00324913
3977 -0.0541885
3978 -0.0389486
3979 -0.0205369
3980 -0.0778769
3981 -0.0116728
3982 -0.0334527
3983 -0.00557689
3984 -0.00845596
3985 -0.0230114
3986 -0.0277469
3987 -0.00292836
3988 -0.0466974
3989 -0.0298184
3990 -0.0847154
3991 -0.00396372
3992 -0.051343
3993 -0.0351732
3994 0.0143088
3995 -0.00191902
3996 0.0290175
3997 -0.0335727
3998 0.0218385
3999 0.0186985
4000 0.0361357
