11001 -0.200433
11002 -0.170329
11003 -0.165929
11004 -0.191659
11005 -0.164433
11006 -0.183017
11007 -0.186842
11008 -0.172447
11009 -0.178615
11010 -0.188613
11011 -0.166996
11012 -0.164391
11013 -0.155216
11014 -0.1496
11015 -0.19508
11016 -0.172468
11017 -0.170913
11018 -0.14865
11019 -0.189061
11020 -0.156117
11021 -0.172124
11022 -0.195841
11023 -0.187852
11024 -0.175149
11025 -0.168319
11026 -0.157076
11027 -0.192516
11028 -0.172831
11029 -0.167193
11030 -0.167862
11031 -0.161738
11032 -0.166583
11033 -0.194275
11034 -0.188107
11035 -0.184714
11036 -0.173152
11037 -0.174503
11038 -0.16977
11039 -0.183141
11040 -0.17071
11041 -0.173574
11042 -0.187091
11043 -0.184724
11044 -0.18768
11045 -0.171026
11046 -0.154839
11047 -0.181508
11048 -0.181495
11049 -0.190014
11050 -0.189584
11051 -0.195877
11052 -0.165204
11053 -0.165558
11054 -0.150367
11055 -0.178072
11056 -0.191865
11057 -0.156112
11058 -0.166068
11059 -0.165621
11060 -0.177461
11061 -0.1719
11062 -0.166368
11063 -0.188338
11064 -0.182071
11065 -0.150241
11066 -0.19023
11067 -0.128413
11068 -0.205373
11069 -0.166839
11070 -0.176972
11071 -0.164551
11072 -0.183704
11073 -0.191842
11074 -0.169602
11075 -0.182353
11076 -0.172424
11077 -0.201735
11078 -0.184577
11079 -0.168172
11080 -0.145422
11081 -0.156849
11082 -0.173719
11083 -0.156984
11084 -0.177966
11085 -0.202545
11086 -0.157151
11087 -0.169669
11088 -0.172351
11089 -0.192288
11090 -0.163846
11091 -0.196159
11092 -0.173717
11093 -0.180539
11094 -0.187225
11095 -0.168425
11096 -0.160612
11097 -0.152335
11098 -0.134483
11099 -0.197001
11100 -0.17513
11101 -0.16681
11102 -0.168523
11103 -0.191636
11104 -0.166882
11105 -0.158854
11106 -0.17702
11107 -0.193317
11108 -0.17375
11109 -0.17663
11110 -0.146683
11111 -0.169464
11112 -0.190601
11113 -0.17952
11114 -0.161456
11115 -0.166945
11116 -0.177042
11117 -0.156889
11118 -0.193631
11119 -0.160612
11120 -0.165666
11121 -0.170594
11122 -0.189758
11123 -0.186901
11124 -0.198989
11125 -0.206515
11126 -0.172983
11127 -0.150703
11128 -0.160638
11129 -0.198711
11130 -0.16519
11131 -0.192085
11132 -0.18175
11133 -0.144492
11134 -0.147835
11135 -0.15724
11136 -0.173775
11137 -0.177492
11138 -0.182586
11139 -0.180419
11140 -0.154324
11141 -0.185669
11142 -0.190108
11143 -0.198561
11144 -0.194082
11145 -0.161799
11146 -0.1588
11147 -0.190974
11148 -0.180952
11149 -0.17403
11150 -0.18539
11151 -0.206109
11152 -0.20354
11153 -0.184524
11154 -0.175231
11155 -0.179005
11156 -0.174377
11157 -0.166825
11158 -0.170138
11159 -0.163786
11160 -0.165754
11161 -0.185025
11162 -0.186726
11163 -0.192364
11164 -0.184123
11165 -0.190508
11166 -0.165415
11167 -0.186059
11168 -0.151939
11169 -0.173983
11170 -0.187652
11171 -0.190391
11172 -0.152663
11173 -0.160165
11174 -0.171686
11175 -0.185189
11176 -0.200441
11177 -0.167409
11178 -0.194879
11179 -0.180616
11180 -0.186404
11181 -0.17913
11182 -0.162835
11183 -0.179007
11184 -0.190171
11185 -0.167346
11186 -0.189327
11187 -0.174982
11188 -0.167953
11189 -0.163492
11190 -0.173162
11191 -0.18249
11192 -0.164773
11193 -0.18555
11194 -0.19669
11195 -0.192452
11196 -0.162201
11197 -0.161518
11198 -0.180604
11199 -0.150655
11200 -0.142363
11201 -0.17753
11202 -0.190562
11203 -0.208065
11204 -0.183236
11205 -0.191284
11206 -0.189871
11207 -0.158078
11208 -0.182371
11209 -0.196046
11210 -0.166569
11211 -0.160227
11212 -0.205295
11213 -0.175518
11214 -0.160816
11215 -0.131626
11216 -0.189308
11217 -0.167058
11218 -0.180373
11219 -0.182508
11220 -0.200525
11221 -0.165026
11222 -0.152764
11223 -0.167191
11224 -0.160628
11225 -0.185103
11226 -0.193008
11227 -0.156652
11228 -0.177922
11229 -0.168106
11230 -0.206409
11231 -0.175287
11232 -0.149119
11233 -0.180434
11234 -0.162612
11235 -0.201837
11236 -0.16844
11237 -0.164719
11238 -0.201492
11239 -0.205108
11240 -0.188818
11241 -0.181618
11242 -0.192083
11243 -0.149296
11244 -0.205795
11245 -0.169317
11246 -0.165144
11247 -0.157129
11248 -0.164889
11249 -0.174697
11250 -0.169575
11251 -0.16624
11252 -0.204986
11253 -0.181949
11254 -0.175324
11255 -0.161117
11256 -0.174922
11257 -0.17371
11258 -0.182595
11259 -0.190761
11260 -0.138373
11261 -0.177856
11262 -0.184384
11263 -0.170638
11264 -0.186962
11265 -0.174462
11266 -0.156431
11267 -0.188149
11268 -0.210049
11269 -0.153061
11270 -0.173634
11271 -0.166851
11272 -0.205289
11273 -0.160365
11274 -0.170905
11275 -0.174923
11276 -0.173184
11277 -0.15787
11278 -0.167371
11279 -0.152257
11280 -0.186687
11281 -0.171894
11282 -0.173811
11283 -0.164098
11284 -0.196334
11285 -0.170511
11286 -0.176228
11287 -0.19053
11288 -0.159494
11289 -0.167441
11290 -0.199344
11291 -0.176694
11292 -0.197927
11293 -0.143433
11294 -0.187423
11295 -0.158541
11296 -0.174193
11297 -0.182528
11298 -0.185197
11299 -0.184746
11300 -0.184121
11301 -0.127867
11302 -0.176915
11303 -0.189645
11304 -0.178107
11305 -0.151074
11306 -0.178099
11307 -0.184606
11308 -0.186952
11309 -0.150359
11310 -0.199466
11311 -0.168644
11312 -0.172892
11313 -0.181639
11314 -0.16849
11315 -0.160514
11316 -0.155425
11317 -0.174693
11318 -0.172241
11319 -0.158805
11320 -0.183203
11321 -0.16289
11322 -0.194464
11323 -0.150021
11324 -0.162816
11325 -0.143476
11326 -0.161915
11327 -0.158253
11328 -0.18569
11329 -0.18107
11330 -0.180881
11331 -0.168479
11332 -0.162923
11333 -0.181001
11334 -0.158456
11335 -0.15711
11336 -0.174735
11337 -0.185549
11338 -0.174571
11339 -0.189606
11340 -0.163444
11341 -0.182287
11342 -0.154441
11343 -0.165672
11344 -0.194645
11345 -0.1461
11346 -0.183634
11347 -0.179835
11348 -0.183491
11349 -0.204957
11350 -0.186958
11351 -0.179657
11352 -0.160458
11353 -0.172519
11354 -0.205671
11355 -0.201085
11356 -0.194827
11357 -0.172866
11358 -0.163826
11359 -0.180817
11360 -0.175358
11361 -0.177401
11362 -0.195481
11363 -0.144208
11364 -0.19669
11365 -0.172374
11366 -0.159904
11367 -0.158167
11368 -0.190774
11369 -0.182574
11370 -0.19671
11371 -0.194561
11372 -0.165167
11373 -0.187227
11374 -0.168764
11375 -0.185657
11376 -0.162645
11377 -0.162777
11378 -0.190438
11379 -0.19415
11380 -0.179647
11381 -0.180787
11382 -0.175181
11383 -0.18905
11384 -0.158256
11385 -0.184908
11386 -0.159445
11387 -0.164218
11388 -0.186794
11389 -0.171901
11390 -0.18144
11391 -0.192967
11392 -0.160511
11393 -0.194924
11394 -0.172494
11395 -0.170228
11396 -0.157753
11397 -0.175742
11398 -0.205021
11399 -0.155097
11400 -0.168905
11401 -0.174125
11402 -0.164775
11403 -0.18931
11404 -0.181241
11405 -0.192212
11406 -0.178231
11407 -0.196269
11408 -0.165431
11409 -0.184856
11410 -0.200334
11411 -0.17774
11412 -0.177266
11413 -0.181853
11414 -0.16733
11415 -0.160402
11416 -0.172606
11417 -0.160475
11418 -0.197296
11419 -0.160888
11420 -0.172881
11421 -0.178545
11422 -0.194803
11423 -0.163949
11424 -0.172949
11425 -0.164474
11426 -0.168064
11427 -0.188817
11428 -0.186678
11429 -0.191163
11430 -0.184859
11431 -0.201447
11432 -0.195954
11433 -0.168139
11434 -0.149967
11435 -0.174034
11436 -0.181155
11437 -0.165897
11438 -0.183797
11439 -0.168808
11440 -0.174971
11441 -0.202891
11442 -0.197806
11443 -0.167357
11444 -0.144853
11445 -0.198835
11446 -0.196923
11447 -0.161188
11448 -0.159242
11449 -0.200953
11450 -0.187972
11451 -0.178288
11452 -0.184177
11453 -0.190096
11454 -0.166333
11455 -0.154754
11456 -0.170933
11457 -0.154952
11458 -0.180658
11459 -0.199185
11460 -0.192441
11461 -0.161488
11462 -0.163635
11463 -0.169644
11464 -0.157881
11465 -0.174898
11466 -0.199449
11467 -0.180301
11468 -0.186062
11469 -0.193736
11470 -0.17546
11471 -0.186613
11472 -0.193629
11473 -0.184144
11474 -0.19005
11475 -0.164009
11476 -0.177884
11477 -0.16747
11478 -0.173014
11479 -0.166252
11480 -0.180836
11481 -0.175788
11482 -0.191525
11483 -0.203535
11484 -0.171571
11485 -0.184295
11486 -0.159358
11487 -0.188189
11488 -0.197035
11489 -0.186455
11490 -0.201173
11491 -0.197434
11492 -0.203784
11493 -0.197245
11494 -0.16376
11495 -0.16982
11496 -0.199377
11497 -0.178459
11498 -0.181626
11499 -0.167467
11500 -0.169129
11501 -0.173812
11502 -0.171204
11503 -0.178042
11504 -0.198595
11505 -0.177648
11506 -0.189583
11507 -0.153883
11508 -0.177656
11509 -0.1739
11510 -0.159267
11511 -0.200093
11512 -0.166127
11513 -0.209021
11514 -0.188321
11515 -0.184539
11516 -0.189457
11517 -0.175424
11518 -0.196794
11519 -0.19488
11520 -0.160153
11521 -0.187975
11522 -0.188058
11523 -0.168743
11524 -0.199812
11525 -0.188711
11526 -0.203532
11527 -0.167377
11528 -0.203942
11529 -0.197379
11530 -0.16801
11531 -0.158626
11532 -0.164491
11533 -0.177924
11534 -0.185373
11535 -0.156198
11536 -0.184423
11537 -0.174601
11538 -0.190063
11539 -0.180784
11540 -0.173043
11541 -0.156384
11542 -0.161648
11543 -0.183244
11544 -0.179153
11545 -0.156329
11546 -0.169509
11547 -0.20649
11548 -0.177444
11549 -0.190555
11550 -0.155669
11551 -0.173009
11552 -0.159508
11553 -0.172694
11554 -0.161127
11555 -0.14403
11556 -0.179798
11557 -0.193424
11558 -0.175045
11559 -0.171918
11560 -0.147988
11561 -0.156322
11562 -0.160405
11563 -0.179293
11564 -0.190337
11565 -0.187584
11566 -0.201896
11567 -0.192852
11568 -0.210135
11569 -0.176643
11570 -0.190934
11571 -0.170903
11572 -0.184492
11573 -0.179067
11574 -0.166035
11575 -0.168634
11576 -0.165227
11577 -0.202664
11578 -0.193504
11579 -0.157285
11580 -0.170149
11581 -0.189244
11582 -0.192222
11583 -0.192201
11584 -0.15079
11585 -0.192867
11586 -0.185229
11587 -0.165224
11588 -0.18998
11589 -0.156751
11590 -0.16894
11591 -0.189867
11592 -0.183693
11593 -0.161954
11594 -0.173666
11595 -0.189693
11596 -0.188898
11597 -0.173092
11598 -0.162689
11599 -0.200621
11600 -0.159495
11601 -0.180559
11602 -0.192611
11603 -0.188248
11604 -0.177248
11605 -0.160036
11606 -0.153939
11607 -0.189019
11608 -0.157994
11609 -0.167407
11610 -0.16939
11611 -0.151018
11612 -0.175175
11613 -0.191582
11614 -0.16559
11615 -0.206136
11616 -0.201475
11617 -0.150026
11618 -0.197657
11619 -0.172942
11620 -0.155054
11621 -0.197686
11622 -0.180704
11623 -0.192813
11624 -0.167839
11625 -0.167682
11626 -0.160384
11627 -0.192395
11628 -0.17001
11629 -0.179358
11630 -0.180043
11631 -0.182436
11632 -0.162773
11633 -0.175847
11634 -0.188323
11635 -0.15412
11636 -0.172513
11637 -0.200961
11638 -0.200149
11639 -0.184328
11640 -0.168427
11641 -0.171343
11642 -0.172864
11643 -0.169564
11644 -0.182606
11645 -0.169368
11646 -0.174519
11647 -0.161874
11648 -0.16573
11649 -0.155075
11650 -0.174761
11651 -0.161129
11652 -0.176342
11653 -0.169244
11654 -0.157772
11655 -0.186119
11656 -0.185196
11657 -0.192458
11658 -0.180976
11659 -0.176895
11660 -0.173739
11661 -0.16901
11662 -0.149166
11663 -0.181094
11664 -0.168019
11665 -0.188082
11666 -0.166616
11667 -0.19986
11668 -0.189946
11669 -0.17624
11670 -0.146222
11671 -0.186258
11672 -0.160373
11673 -0.199172
11674 -0.156778
11675 -0.195566
11676 -0.182791
11677 -0.195609
11678 -0.19386
11679 -0.159548
11680 -0.2008
11681 -0.15678
11682 -0.193958
11683 -0.178461
11684 -0.177212
11685 -0.192909
11686 -0.180335
11687 -0.188215
11688 -0.161641
11689 -0.158615
11690 -0.168968
11691 -0.150387
11692 -0.156093
11693 -0.192887
11694 -0.178686
11695 -0.192559
11696 -0.183737
11697 -0.191425
11698 -0.160828
11699 -0.15309
11700 -0.174786
11701 -0.185806
11702 -0.166582
11703 -0.166307
11704 -0.179793
11705 -0.176854
11706 -0.173688
11707 -0.167226
11708 -0.158293
11709 -0.180803
11710 -0.195303
11711 -0.15897
11712 -0.182352
11713 -0.180844
11714 -0.186636
11715 -0.148335
11716 -0.175053
11717 -0.157279
11718 -0.195128
11719 -0.141779
11720 -0.16159
11721 -0.19591
11722 -0.179412
11723 -0.188069
11724 -0.162554
11725 -0.157239
11726 -0.175101
11727 -0.202636
11728 -0.154182
11729 -0.184082
11730 -0.196345
11731 -0.180795
11732 -0.198086
11733 -0.158279
11734 -0.194517
11735 -0.150635
11736 -0.160988
11737 -0.181956
11738 -0.173545
11739 -0.182159
11740 -0.20451
11741 -0.177179
11742 -0.174989
11743 -0.16466
11744 -0.202307
11745 -0.188732
11746 -0.178739
11747 -0.176983
11748 -0.160603
11749 -0.154877
11750 -0.16694
11751 -0.168351
11752 -0.188566
11753 -0.188337
11754 -0.177999
11755 -0.165565
11756 -0.16319
11757 -0.183158
11758 -0.193235
11759 -0.129166
11760 -0.202166
11761 -0.163842
11762 -0.189213
11763 -0.165833
11764 -0.205968
11765 -0.180115
11766 -0.197771
11767 -0.168575
11768 -0.167544
11769 -0.172186
11770 -0.167142
11771 -0.192941
11772 -0.172239
11773 -0.207713
11774 -0.152915
11775 -0.167337
11776 -0.189287
11777 -0.173924
11778 -0.174936
11779 -0.192899
11780 -0.171623
11781 -0.182264
11782 -0.184638
11783 -0.200584
11784 -0.161028
11785 -0.186324
11786 -0.201605
11787 -0.19087
11788 -0.173311
11789 -0.15803
11790 -0.175977
11791 -0.15584
11792 -0.163182
11793 -0.1697
11794 -0.17193
11795 -0.180518
11796 -0.180299
11797 -0.171955
11798 -0.191414
11799 -0.197832
11800 -0.189156
11801 -0.161898
11802 -0.187141
11803 -0.160278
11804 -0.17337
11805 -0.198681
11806 -0.204798
11807 -0.147097
11808 -0.187675
11809 -0.170834
11810 -0.207481
11811 -0.1825
11812 -0.194321
11813 -0.161863
11814 -0.187247
11815 -0.187587
11816 -0.190261
11817 -0.163758
11818 -0.181396
11819 -0.186458
11820 -0.199456
11821 -0.204652
11822 -0.15064
11823 -0.175371
11824 -0.161393
11825 -0.192786
11826 -0.18907
11827 -0.181556
11828 -0.171174
11829 -0.18902
11830 -0.202263
11831 -0.167997
11832 -0.141306
11833 -0.188018
11834 -0.171415
11835 -0.198947
11836 -0.174942
11837 -0.177194
11838 -0.173218
11839 -0.147668
11840 -0.168321
11841 -0.198067
11842 -0.171161
11843 -0.1857
11844 -0.158873
11845 -0.184271
11846 -0.162125
11847 -0.199258
11848 -0.183388
11849 -0.161408
11850 -0.147978
11851 -0.150776
11852 -0.182903
11853 -0.143801
11854 -0.196721
11855 -0.201008
11856 -0.195538
11857 -0.190031
11858 -0.161669
11859 -0.177065
11860 -0.184474
11861 -0.176645
11862 -0.185058
11863 -0.181477
11864 -0.173383
11865 -0.189307
11866 -0.183077
11867 -0.149773
11868 -0.19036
11869 -0.174826
11870 -0.164059
11871 -0.157508
11872 -0.205879
11873 -0.167615
11874 -0.150523
11875 -0.176529
11876 -0.147564
11877 -0.193306
11878 -0.170834
11879 -0.201547
11880 -0.15542
11881 -0.171966
11882 -0.174161
11883 -0.171021
11884 -0.155444
11885 -0.198405
11886 -0.1799
11887 -0.175597
11888 -0.174775
11889 -0.17435
11890 -0.179403
11891 -0.171455
11892 -0.205996
11893 -0.192532
11894 -0.187508
11895 -0.161831
11896 -0.188001
11897 -0.152807
11898 -0.185297
11899 -0.180898
11900 -0.197109
11901 -0.184953
11902 -0.174951
11903 -0.173456
11904 -0.170132
11905 -0.208069
11906 -0.187734
11907 -0.173529
11908 -0.172272
11909 -0.147323
11910 -0.200228
11911 -0.199041
11912 -0.194421
11913 -0.192595
11914 -0.198043
11915 -0.167977
11916 -0.193747
11917 -0.193795
11918 -0.183484
11919 -0.174183
11920 -0.179228
11921 -0.185131
11922 -0.18201
11923 -0.196237
11924 -0.174643
11925 -0.170192
11926 -0.171801
11927 -0.162634
11928 -0.15142
11929 -0.162585
11930 -0.181573
11931 -0.172524
11932 -0.175152
11933 -0.151857
11934 -0.189919
11935 -0.161867
11936 -0.185304
11937 -0.183847
11938 -0.171887
11939 -0.183387
11940 -0.151656
11941 -0.164598
11942 -0.183453
11943 -0.202895
11944 -0.19333
11945 -0.169008
11946 -0.183068
11947 -0.16603
11948 -0.194041
11949 -0.200232
11950 -0.164463
11951 -0.196801
11952 -0.17545
11953 -0.202098
11954 -0.190424
11955 -0.180422
11956 -0.176822
11957 -0.163401
11958 -0.177351
11959 -0.157832
11960 -0.195174
11961 -0.177442
11962 -0.161672
11963 -0.164615
11964 -0.17936
11965 -0.179907
11966 -0.189394
11967 -0.151644
11968 -0.153111
11969 -0.179752
11970 -0.197776
11971 -0.152915
11972 -0.16765
11973 -0.181233
11974 -0.184158
11975 -0.155342
11976 -0.209769
11977 -0.172282
11978 -0.147469
11979 -0.162941
11980 -0.160984
11981 -0.201776
11982 -0.163673
11983 -0.206082
11984 -0.198674
11985 -0.125567
11986 -0.172737
11987 -0.176676
11988 -0.191393
11989 -0.180308
11990 -0.201394
11991 -0.19339
11992 -0.17875
11993 -0.191239
11994 -0.19445
11995 -0.194889
11996 -0.190322
11997 -0.157236
11998 -0.192601
11999 -0.195201
12000 -0.191228
