4001 -0.202461
4002 -0.140497
4003 -0.174012
4004 -0.199854
4005 -0.169734
4006 -0.159168
4007 -0.190005
4008 -0.177302
4009 -0.179098
4010 -0.194354
4011 -0.174807
4012 -0.190552
4013 -0.181309
4014 -0.168936
4015 -0.175273
4016 -0.18992
4017 -0.203213
4018 -0.19442
4019 -0.191493
4020 -0.147998
4021 -0.156352
4022 -0.193766
4023 -0.167277
4024 -0.164737
4025 -0.16018
4026 -0.163017
4027 -0.193767
4028 -0.182242
4029 -0.183467
4030 -0.210985
4031 -0.180277
4032 -0.170226
4033 -0.166709
4034 -0.180886
4035 -0.177188
4036 -0.158161
4037 -0.194011
4038 -0.180102
4039 -0.188986
4040 -0.193369
4041 -0.205468
4042 -0.168259
4043 -0.17596
4044 -0.185233
4045 -0.202426
4046 -0.176442
4047 -0.156606
4048 -0.186445
4049 -0.18476
4050 -0.160634
4051 -0.180524
4052 -0.187643
4053 -0.19659
4054 -0.158695
4055 -0.170423
4056 -0.159344
4057 -0.173837
4058 -0.150573
4059 -0.142926
4060 -0.183743
4061 -0.176323
4062 -0.164225
4063 -0.2077
4064 -0.165265
4065 -0.157566
4066 -0.16341
4067 -0.18943
4068 -0.179432
4069 -0.141792
4070 -0.184337
4071 -0.177014
4072 -0.187681
4073 -0.180452
4074 -0.200149
4075 -0.185994
4076 -0.191507
4077 -0.162994
4078 -0.172075
4079 -0.193308
4080 -0.169169
4081 -0.199473
4082 -0.185119
4083 -0.190835
4084 -0.182562
4085 -0.182168
4086 -0.190047
4087 -0.171569
4088 -0.176171
4089 -0.164989
4090 -0.195503
4091 -0.185385
4092 -0.178371
4093 -0.151413
4094 -0.163197
4095 -0.171747
4096 -0.159068
4097 -0.162996
4098 -0.173161
4099 -0.174845
4100 -0.149251
4101 -0.178902
4102 -0.150817
4103 -0.163101
4104 -0.166407
4105 -0.174245
4106 -0.158676
4107 -0.187659
4108 -0.162286
4109 -0.198108
4110 -0.174841
4111 -0.143791
4112 -0.18272
4113 -0.19211
4114 -0.156485
4115 -0.177071
4116 -0.170229
4117 -0.164856
4118 -0.183205
4119 -0.193829
4120 -0.188238
4121 -0.158156
4122 -0.159438
4123 -0.177726
4124 -0.125643
4125 -0.17171
4126 -0.180694
4127 -0.200523
4128 -0.169699
4129 -0.15891
4130 -0.167704
4131 -0.182482
4132 -0.183073
4133 -0.18917
4134 -0.173546
4135 -0.169373
4136 -0.178021
4137 -0.193971
4138 -0.181898
4139 -0.183496
4140 -0.181138
4141 -0.169885
4142 -0.191689
4143 -0.178192
4144 -0.201368
4145 -0.168637
4146 -0.188466
4147 -0.174092
4148 -0.182689
4149 -0.1497
4150 -0.148886
4151 -0.179923
4152 -0.202839
4153 -0.184951
4154 -0.158499
4155 -0.186225
4156 -0.169859
4157 -0.193774
4158 -0.187249
4159 -0.185579
4160 -0.161973
4161 -0.160351
4162 -0.173786
4163 -0.197966
4164 -0.169736
4165 -0.182376
4166 -0.151597
4167 -0.194344
4168 -0.161186
4169 -0.156513
4170 -0.197554
4171 -0.150286
4172 -0.169924
4173 -0.19082
4174 -0.182741
4175 -0.179246
4176 -0.193102
4177 -0.172304
4178 -0.195155
4179 -0.199748
4180 -0.203419
4181 -0.168174
4182 -0.186845
4183 -0.197766
4184 -0.141788
4185 -0.171019
4186 -0.202318
4187 -0.168173
4188 -0.156711
4189 -0.191497
4190 -0.172437
4191 -0.204405
4192 -0.182136
4193 -0.149217
4194 -0.176882
4195 -0.172822
4196 -0.187392
4197 -0.167882
4198 -0.174901
4199 -0.183059
4200 -0.200611
4201 -0.159784
4202 -0.18433
4203 -0.16411
4204 -0.174745
4205 -0.164088
4206 -0.183484
4207 -0.179263
4208 -0.188906
4209 -0.214601
4210 -0.171496
4211 -0.191682
4212 -0.179406
4213 -0.185258
4214 -0.165975
4215 -0.175634
4216 -0.160408
4217 -0.188737
4218 -0.174793
4219 -0.174196
4220 -0.142409
4221 -0.198515
4222 -0.169372
4223 -0.176418
4224 -0.146225
4225 -0.170778
4226 -0.164245
4227 -0.166627
4228 -0.170053
4229 -0.182096
4230 -0.16423
4231 -0.170723
4232 -0.200965
4233 -0.197366
4234 -0.169897
4235 -0.18755
4236 -0.166591
4237 -0.172503
4238 -0.166132
4239 -0.164056
4240 -0.15827
4241 -0.169004
4242 -0.185158
4243 -0.191126
4244 -0.166041
4245 -0.194139
4246 -0.193225
4247 -0.173112
4248 -0.193273
4249 -0.173842
4250 -0.205076
4251 -0.177488
4252 -0.181007
4253 -0.175644
4254 -0.188025
4255 -0.156196
4256 -0.158703
4257 -0.177807
4258 -0.189676
4259 -0.137544
4260 -0.19111
4261 -0.165179
4262 -0.199678
4263 -0.167722
4264 -0.180312
4265 -0.18618
4266 -0.141956
4267 -0.187548
4268 -0.145848
4269 -0.191281
4270 -0.154945
4271 -0.186215
4272 -0.1721
4273 -0.16231
4274 -0.201797
4275 -0.184134
4276 -0.18045
4277 -0.183089
4278 -0.1565
4279 -0.176814
4280 -0.161382
4281 -0.156731
4282 -0.160203
4283 -0.14988
4284 -0.166645
4285 -0.191703
4286 -0.190112
4287 -0.14905
4288 -0.195266
4289 -0.173514
4290 -0.179931
4291 -0.154225
4292 -0.168415
4293 -0.193261
4294 -0.174445
4295 -0.201406
4296 -0.162944
4297 -0.176075
4298 -0.168161
4299 -0.144551
4300 -0.155584
4301 -0.184207
4302 -0.15459
4303 -0.160844
4304 -0.161943
4305 -0.177942
4306 -0.180035
4307 -0.155742
4308 -0.191411
4309 -0.147931
4310 -0.200378
4311 -0.174979
4312 -0.202475
4313 -0.180083
4314 -0.185711
4315 -0.156291
4316 -0.172352
4317 -0.158461
4318 -0.171404
4319 -0.187068
4320 -0.187479
4321 -0.183757
4322 -0.158705
4323 -0.172845
4324 -0.162114
4325 -0.162645
4326 -0.179483
4327 -0.135484
4328 -0.171282
4329 -0.20365
4330 -0.148352
4331 -0.188168
4332 -0.157323
4333 -0.176305
4334 -0.157297
4335 -0.143973
4336 -0.146598
4337 -0.199355
4338 -0.188062
4339 -0.197398
4340 -0.169154
4341 -0.178366
4342 -0.139747
4343 -0.197467
4344 -0.156357
4345 -0.182594
4346 -0.168825
4347 -0.191906
4348 -0.17501
4349 -0.186294
4350 -0.169743
4351 -0.195753
4352 -0.187703
4353 -0.173525
4354 -0.165447
4355 -0.162888
4356 -0.176069
4357 -0.196425
4358 -0.181384
4359 -0.17159
4360 -0.190609
4361 -0.185992
4362 -0.178491
4363 -0.155483
4364 -0.160164
4365 -0.194311
4366 -0.144677
4367 -0.1513
4368 -0.167657
4369 -0.201398
4370 -0.160063
4371 -0.163278
4372 -0.166386
4373 -0.181888
4374 -0.171195
4375 -0.198087
4376 -0.167653
4377 -0.166458
4378 -0.180577
4379 -0.177647
4380 -0.208406
4381 -0.182461
4382 -0.174021
4383 -0.174988
4384 -0.208299
4385 -0.190013
4386 -0.173433
4387 -0.172254
4388 -0.178212
4389 -0.19044
4390 -0.163642
4391 -0.181454
4392 -0.185367
4393 -0.195202
4394 -0.202687
4395 -0.184899
4396 -0.16788
4397 -0.191756
4398 -0.200065
4399 -0.172501
4400 -0.17567
4401 -0.176044
4402 -0.168966
4403 -0.177341
4404 -0.20322
4405 -0.19016
4406 -0.197029
4407 -0.198352
4408 -0.171798
4409 -0.13936
4410 -0.156952
4411 -0.203033
4412 -0.166959
4413 -0.173801
4414 -0.183418
4415 -0.178048
4416 -0.169529
4417 -0.196498
4418 -0.174661
4419 -0.158709
4420 -0.200284
4421 -0.169244
4422 -0.202886
4423 -0.166439
4424 -0.1903
4425 -0.177144
4426 -0.19845
4427 -0.148797
4428 -0.164559
4429 -0.180395
4430 -0.176532
4431 -0.191353
4432 -0.172797
4433 -0.203711
4434 -0.169033
4435 -0.17933
4436 -0.179629
4437 -0.174094
4438 -0.205035
4439 -0.193618
4440 -0.202856
4441 -0.176936
4442 -0.20079
4443 -0.165337
4444 -0.196951
4445 -0.178217
4446 -0.164121
4447 -0.17677
4448 -0.193263
4449 -0.202027
4450 -0.182247
4451 -0.181209
4452 -0.171648
4453 -0.203686
4454 -0.171024
4455 -0.16423
4456 -0.181183
4457 -0.165107
4458 -0.204941
4459 -0.175135
4460 -0.174118
4461 -0.164573
4462 -0.164662
4463 -0.189911
4464 -0.185779
4465 -0.185646
4466 -0.177668
4467 -0.194898
4468 -0.153573
4469 -0.183606
4470 -0.167662
4471 -0.143762
4472 -0.182408
4473 -0.149956
4474 -0.154324
4475 -0.176509
4476 -0.156695
4477 -0.183125
4478 -0.158063
4479 -0.151805
4480 -0.139071
4481 -0.151881
4482 -0.18669
4483 -0.207423
4484 -0.193107
4485 -0.177842
4486 -0.192984
4487 -0.202418
4488 -0.164333
4489 -0.159876
4490 -0.180427
4491 -0.181142
4492 -0.19957
4493 -0.164261
4494 -0.189245
4495 -0.158267
4496 -0.187648
4497 -0.181041
4498 -0.190275
4499 -0.173707
4500 -0.203205
4501 -0.166152
4502 -0.182014
4503 -0.203277
4504 -0.200142
4505 -0.158621
4506 -0.163738
4507 -0.171999
4508 -0.192248
4509 -0.178614
4510 -0.183098
4511 -0.176641
4512 -0.185161
4513 -0.181108
4514 -0.174901
4515 -0.197747
4516 -0.188553
4517 -0.190259
4518 -0.161632
4519 -0.169891
4520 -0.17227
4521 -0.191822
4522 -0.166404
4523 -0.208137
4524 -0.153951
4525 -0.158478
4526 -0.16661
4527 -0.166795
4528 -0.174563
4529 -0.137315
4530 -0.164722
4531 -0.170249
4532 -0.174629
4533 -0.15363
4534 -0.16058
4535 -0.142334
4536 -0.188803
4537 -0.193344
4538 -0.187418
4539 -0.168325
4540 -0.181148
4541 -0.18455
4542 -0.193664
4543 -0.185908
4544 -0.195334
4545 -0.188896
4546 -0.196841
4547 -0.156902
4548 -0.159412
4549 -0.149929
4550 -0.203769
4551 -0.191174
4552 -0.177363
4553 -0.174818
4554 -0.174345
4555 -0.169462
4556 -0.177823
4557 -0.178346
4558 -0.171409
4559 -0.177195
4560 -0.175068
4561 -0.184233
4562 -0.195156
4563 -0.169745
4564 -0.195087
4565 -0.161912
4566 -0.201913
4567 -0.189622
4568 -0.201516
4569 -0.150526
4570 -0.174021
4571 -0.168451
4572 -0.194622
4573 -0.196378
4574 -0.181615
4575 -0.174596
4576 -0.149785
4577 -0.20721
4578 -0.185749
4579 -0.161583
4580 -0.189232
4581 -0.175077
4582 -0.172039
4583 -0.164127
4584 -0.185784
4585 -0.192298
4586 -0.182158
4587 -0.191573
4588 -0.198454
4589 -0.155379
4590 -0.154673
4591 -0.168532
4592 -0.181428
4593 -0.160354
4594 -0.184879
4595 -0.156384
4596 -0.178148
4597 -0.206709
4598 -0.149076
4599 -0.171078
4600 -0.157276
4601 -0.171215
4602 -0.192066
4603 -0.162695
4604 -0.197015
4605 -0.176939
4606 -0.195378
4607 -0.191935
4608 -0.188085
4609 -0.175216
4610 -0.141389
4611 -0.188558
4612 -0.175258
4613 -0.186592
4614 -0.17315
4615 -0.196376
4616 -0.180029
4617 -0.159398
4618 -0.205504
4619 -0.176203
4620 -0.18157
4621 -0.174871
4622 -0.16307
4623 -0.184225
4624 -0.190178
4625 -0.182907
4626 -0.186861
4627 -0.194431
4628 -0.177124
4629 -0.163353
4630 -0.173358
4631 -0.157048
4632 -0.201995
4633 -0.181453
4634 -0.181569
4635 -0.197692
4636 -0.173672
4637 -0.17255
4638 -0.156692
4639 -0.18655
4640 -0.179677
4641 -0.186274
4642 -0.164185
4643 -0.175828
4644 -0.162162
4645 -0.183125
4646 -0.196876
4647 -0.185582
4648 -0.172147
4649 -0.170685
4650 -0.149474
4651 -0.169605
4652 -0.174738
4653 -0.166648
4654 -0.174626
4655 -0.206411
4656 -0.17857
4657 -0.180751
4658 -0.173854
4659 -0.168569
4660 -0.18952
4661 -0.207862
4662 -0.172081
4663 -0.191963
4664 -0.167639
4665 -0.178506
4666 -0.183118
4667 -0.203368
4668 -0.189908
4669 -0.170484
4670 -0.16868
4671 -0.159319
4672 -0.186731
4673 -0.160536
4674 -0.168329
4675 -0.164959
4676 -0.15119
4677 -0.18079
4678 -0.171752
4679 -0.171942
4680 -0.185213
4681 -0.190725
4682 -0.153945
4683 -0.168611
4684 -0.177786
4685 -0.159229
4686 -0.192017
4687 -0.148025
4688 -0.171423
4689 -0.192407
4690 -0.169462
4691 -0.171204
4692 -0.172067
4693 -0.162814
4694 -0.15763
4695 -0.196117
4696 -0.163308
4697 -0.177012
4698 -0.15953
4699 -0.178036
4700 -0.203378
4701 -0.182796
4702 -0.171089
4703 -0.149852
4704 -0.14477
4705 -0.189788
4706 -0.181412
4707 -0.157953
4708 -0.181448
4709 -0.187088
4710 -0.176741
4711 -0.148853
4712 -0.200173
4713 -0.199783
4714 -0.169344
4715 -0.178078
4716 -0.170828
4717 -0.191129
4718 -0.199122
4719 -0.171927
4720 -0.144324
4721 -0.183511
4722 -0.197478
4723 -0.172669
4724 -0.19322
4725 -0.17609
4726 -0.176922
4727 -0.174163
4728 -0.157928
4729 -0.194248
4730 -0.159564
4731 -0.192987
4732 -0.161898
4733 -0.205037
4734 -0.157207
4735 -0.183989
4736 -0.18664
4737 -0.172049
4738 -0.180687
4739 -0.191857
4740 -0.172235
4741 -0.182315
4742 -0.175215
4743 -0.180068
4744 -0.16361
4745 -0.166187
4746 -0.175752
4747 -0.20238
4748 -0.160027
4749 -0.190288
4750 -0.191092
4751 -0.173653
4752 -0.193471
4753 -0.184147
4754 -0.195512
4755 -0.18864
4756 -0.194157
4757 -0.183035
4758 -0.166961
4759 -0.151094
4760 -0.18798
4761 -0.192545
4762 -0.199845
4763 -0.177517
4764 -0.160782
4765 -0.204669
4766 -0.187591
4767 -0.189842
4768 -0.182389
4769 -0.182254
4770 -0.155301
4771 -0.168279
4772 -0.20875
4773 -0.196269
4774 -0.199902
4775 -0.147563
4776 -0.148776
4777 -0.195951
4778 -0.161878
4779 -0.162175
4780 -0.178134
4781 -0.190549
4782 -0.183407
4783 -0.171727
4784 -0.176842
4785 -0.162699
4786 -0.156627
4787 -0.18821
4788 -0.180576
4789 -0.171776
4790 -0.189619
4791 -0.169939
4792 -0.192772
4793 -0.1864
4794 -0.178953
4795 -0.20252
4796 -0.1571
4797 -0.168836
4798 -0.190582
4799 -0.205682
4800 -0.196602
4801 -0.161081
4802 -0.196349
4803 -0.165952
4804 -0.172921
4805 -0.16163
4806 -0.16144
4807 -0.176524
4808 -0.168045
4809 -0.20405
4810 -0.155511
4811 -0.204704
4812 -0.156396
4813 -0.196191
4814 -0.185894
4815 -0.178182
4816 -0.176903
4817 -0.202536
4818 -0.193333
4819 -0.189073
4820 -0.211407
4821 -0.191129
4822 -0.177869
4823 -0.2036
4824 -0.177579
4825 -0.193533
4826 -0.173096
4827 -0.194752
4828 -0.163135
4829 -0.17172
4830 -0.191469
4831 -0.203981
4832 -0.170128
4833 -0.180915
4834 -0.193608
4835 -0.154294
4836 -0.199583
4837 -0.179918
4838 -0.204454
4839 -0.162452
4840 -0.198509
4841 -0.163741
4842 -0.1619
4843 -0.175759
4844 -0.167497
4845 -0.154948
4846 -0.177842
4847 -0.173808
4848 -0.18005
4849 -0.19176
4850 -0.182641
4851 -0.179171
4852 -0.194327
4853 -0.156818
4854 -0.198395
4855 -0.132394
4856 -0.171883
4857 -0.157995
4858 -0.161385
4859 -0.190344
4860 -0.144571
4861 -0.190184
4862 -0.187475
4863 -0.16654
4864 -0.188461
4865 -0.162812
4866 -0.175894
4867 -0.16434
4868 -0.187321
4869 -0.191227
4870 -0.17044
4871 -0.166779
4872 -0.171023
4873 -0.164656
4874 -0.176054
4875 -0.175455
4876 -0.178712
4877 -0.173624
4878 -0.196113
4879 -0.161193
4880 -0.173046
4881 -0.199628
4882 -0.195868
4883 -0.158133
4884 -0.170394
4885 -0.187532
4886 -0.195256
4887 -0.190075
4888 -0.189348
4889 -0.1646
4890 -0.183464
4891 -0.195187
4892 -0.147283
4893 -0.158514
4894 -0.174147
4895 -0.161669
4896 -0.128671
4897 -0.176791
4898 -0.149823
4899 -0.197588
4900 -0.202674
4901 -0.176246
4902 -0.158997
4903 -0.181545
4904 -0.144453
4905 -0.198421
4906 -0.170707
4907 -0.168766
4908 -0.19602
4909 -0.144713
4910 -0.175407
4911 -0.151852
4912 -0.187745
4913 -0.151174
4914 -0.17341
4915 -0.187504
4916 -0.190688
4917 -0.184485
4918 -0.195904
4919 -0.176575
4920 -0.17571
4921 -0.164118
4922 -0.156325
4923 -0.194728
4924 -0.192691
4925 -0.183889
4926 -0.154279
4927 -0.171541
4928 -0.193884
4929 -0.16118
4930 -0.172153
4931 -0.182637
4932 -0.160888
4933 -0.180887
4934 -0.142689
4935 -0.197496
4936 -0.210411
4937 -0.173586
4938 -0.196764
4939 -0.160431
4940 -0.151058
4941 -0.165582
4942 -0.145168
4943 -0.17628
4944 -0.1711
4945 -0.134445
4946 -0.154056
4947 -0.186053
4948 -0.19843
4949 -0.188414
4950 -0.16217
4951 -0.190427
4952 -0.173807
4953 -0.206178
4954 -0.18403
4955 -0.191906
4956 -0.177661
4957 -0.197884
4958 -0.182864
4959 -0.175739
4960 -0.181393
4961 -0.186777
4962 -0.163732
4963 -0.161855
4964 -0.168122
4965 -0.176438
4966 -0.175729
4967 -0.178433
4968 -0.170146
4969 -0.195881
4970 -0.179692
4971 -0.183507
4972 -0.195615
4973 -0.189203
4974 -0.19
4975 -0.180677
4976 -0.173161
4977 -0.202788
4978 -0.165851
4979 -0.185399
4980 -0.178905
4981 -0.195612
4982 -0.191179
4983 -0.156716
4984 -0.164002
4985 -0.197834
4986 -0.164263
4987 -0.17617
4988 -0.201734
4989 -0.200262
4990 -0.162645
4991 -0.180133
4992 -0.157273
4993 -0.187084
4994 -0.180648
4995 -0.150056
4996 -0.127442
4997 -0.186758
4998 -0.145157
4999 -0.170302
5000 -0.187318
