16001 -0.0157196
16002 0.073748
16003 -0.0348506
16004 -0.0310694
16005 -0.0172532
16006 -0.0195916
16007 -0.0168594
16008 0.0204931
16009 0.00496469
16010 -0.0740775
16011 -0.0504094
16012 -0.0156856
16013 -0.00673421
16014 -0.0406738
16015 -0.0537953
16016 0.0615353
16017 -0.043797
16018 -0.0485843
16019 -0.0396922
16020 -0.014601
16021 0.0182584
16022 0.00784306
16023 -0.033098
16024 0.00854244
16025 0.0237134
16026 -0.0479879
16027 0.00840509
16028 -0.0269404
16029 -0.00499005
16030 0.012755
16031 -0.00872159
16032 -0.0302538
16033 0.0103397
16034 -0.0308298
16035 -0.0353451
16036 -0.00566165
16037 -0.0428581
16038 0.0125926
16039 -0.0172568
16040 0.0189667
16041 -0.0346624
16042 0.0120878
16043 -0.0379763
16044 0.00322327
16045 -0.0393689
16046 -0.018864
16047 0.00461865
16048 0.0152216
16049 -0.00342483
16050 -0.0637938
16051 -0.0135702
16052 -0.000472093
16053 -0.0203286
16054 0.0169133
16055 -0.00878906
16056 -0.044467
16057 -0.0209787
16058 -0.0831241
16059 0.00805359
16060 -0.00556899
16061 0.0434301
16062 -0.0126798
16063 -0.01528
16064 -0.00451902
16065 0.0149827
16066 0.0044629
16067 -0.00945836
16068 -0.0570709
16069 0.0306469
16070 -0.0129854
16071 -0.0118988
16072 -0.05644
16073 0.00456982
16074 -0.0305549
16075 -0.0541743
16076 0.0012674
16077 -0.0242761
16078 -0.0105318
16079 -0.0739115
16080 -0.00832026
16081 -0.0785987
16082 -0.0400294
16083 -0.0255053
16084 -0.0059765
16085 0.0192167
16086 -0.015132
16087 0.0146202
16088 0.010731
16089 0.000437558
16090 -0.00377932
16091 -0.0257413
16092 0.0117523
16093 -0.0106592
16094 -0.0285268
16095 -0.014787
16096 -0.0298225
16097 -0.0692788
16098 0.0127528
16099 -0.0361475
16100 -0.0616081
16101 0.0261692
16102 -0.0473492
16103 0.0144167
16104 -0.0616158
16105 -0.0565926
16106 0.0512371
16107 -0.0175688
16108 0.0133016
16109 0.00151836
16110 -0.0202731
16111 -0.0466804
16112 0.00652368
16113 -0.00933708
16114 -0.0485228
16115 -0.0196604
16116 -0.0445158
16117 0.0227408
16118 0.00732979
16119 -0.0579153
16120 -0.0449244
16121 -0.0279439
16122 -0.0275052
16123 -0.0724182
16124 -0.0240493
16125 -0.025755
16126 -0.0765189
16127 0.0411087
16128 -0.0245257
16129 0.0284005
16130 0.0418344
16131 -0.0255609
16132 -0.0362327
16133 0.0601401
16134 -0.0565605
16135 -0.049438
16136 0.000914138
16137 -0.0174819
16138 -0.0281319
16139 0.0195407
16140 -0.0182206
16141 -0.00023428
16142 -0.0430177
16143 -0.0351755
16144 0.00460863
16145 0.0317968
16146 -0.00393903
16147 -0.0223106
16148 -0.0413663
16149 -0.0241067
16150 -0.0844001
16151 0.0106004
16152 -0.0249639
16153 -0.0205739
16154 0.0190165
16155 -0.0122618
16156 -0.0302683
16157 -0.0381146
16158 -0.0454801
16159 -0.00401448
16160 -0.0165991
16161 -0.00182491
16162 -0.00464911
16163 -0.0462596
16164 -0.0695256
16165 -0.0213749
16166 0.00313322
16167 -0.0116737
16168 0.00157324
16169 -0.054136
16170 -0.0318411
16171 -0.0103966
16172 -0.0599064
16173 -0.0422808
16174 -0.0105341
16175 -0.0114433
16176 -0.0524573
16177 0.0459958
16178 -0.0214198
16179 0.0227889
16180 -0.0733968
16181 0.00429037
16182 0.0253973
16183 -0.00202845
16184 -0.0858863
16185 -0.0110374
16186 -0.00303642
16187 -0.0764832
16188 -0.0710779
16189 0.00663179
16190 -0.00077594
16191 -0.00256403
16192 -0.0260189
16193 -0.0519178
16194 -0.0232934
16195 -0.0328037
16196 -0.0174456
16197 -0.0489376
16198 0.0051897
16199 -0.0505065
16200 -0.0346578
16201 -0.0253699
16202 -0.00954708
16203 0.00736869
16204 -0.0436846
16205 -0.0191208
16206 -0.0377646
16207 -0.0914059
16208 -0.0233085
16209 -0.082519
16210 -0.0811736
16211 -0.042177
16212 -0.0400556
16213 0.00296433
16214 0.0683121
16215 0.0057582
16216 -0.0228819
16217 -0.047689
16218 0.00701631
16219 -0.010335
16220 -0.0269621
16221 0.0284833
16222 -0.00769986
16223 0.0540831
16224 0.0169444
16225 -0.0152175
16226 -0.00444428
16227 0.00742067
16228 -0.0695943
16229 -0.0232939
16230 -0.0259709
16231 -0.00505528
16232 -0.0719573
16233 -0.0131033
16234 -0.0759704
16235 0.0183128
16236 -0.035672
16237 0.0423029
16238 0.00491298
16239 0.00258604
16240 0.0216775
16241 -0.0293307
16242 -0.0817812
16243 -0.030755
16244 -0.0400366
16245 -0.0448056
16246 0.000306738
16247 0.0123361
16248 -0.0160557
16249 -0.0800939
16250 -0.00195987
16251 -0.0525883
16252 -0.0123871
16253 -0.00106475
16254 -0.0275184
16255 -0.075581
16256 -0.0383701
16257 0.0300048
16258 -0.00159208
16259 -0.0273687
16260 -0.0373252
16261 -0.050219
16262 0.0204706
16263 -0.028016
16264 -0.0373459
16265 -0.0547227
16266 0.0144387
16267 0.0186973
16268 -0.0356607
16269 -0.0287823
16270 0.00397602
16271 -0.0211528
16272 0.0447511
16273 0.00789353
16274 0.0669064
16275 -0.0298982
16276 -0.0280185
16277 0.0138299
16278 0.00076313
16279 -0.0566547
16280 -0.0261455
16281 -0.0561315
16282 0.0274903
16283 -0.0387921
16284 0.0268171
16285 0.037986
16286 -0.00531098
16287 -0.031229
16288 -0.0736755
16289 -0.00414818
16290 -0.0523039
16291 -0.0667557
16292 0.0012983
16293 -0.0147959
16294 -0.0623708
16295 -0.03071
16296 -0.0116439
16297 0.0319492
16298 -0.0638819
16299 0.00249416
16300 -0.0363009
16301 0.0129807
16302 -0.00917648
16303 -0.0370867
16304 -0.0639526
16305 -0.00177998
16306 0.0720029
16307 0.00756058
16308 -0.0547077
16309 -0.0116335
16310 -0.0178116
16311 -0.0596001
16312 0.0637021
16313 -0.0512608
16314 -0.0229007
16315 0.0118313
16316 -0.0382225
16317 -0.00158574
16318 -0.0413657
16319 0.00410726
16320 0.0035898
16321 -0.0250839
16322 0.00903994
16323 -0.0386056
16324 0.041175
16325 -0.073474
16326 -0.0317205
16327 -0.0566926
16328 0.0353713
16329 0.0521293
16330 0.0247074
16331 -0.0378856
16332 0.0123046
16333 0.0248393
16334 -0.0164421
16335 -0.0350397
16336 -0.0315873
16337 -0.0181433
16338 -0.0309427
16339 -0.0761046
16340 -0.0253771
16341 -0.0354727
16342 -0.0254307
16343 -0.02045
16344 -0.00712819
16345 -0.0218003
16346 0.0179831
16347 -0.0156345
16348 -0.0494232
16349 -0.0206509
16350 -0.04751
16351 -0.0599889
16352 -0.0447415
16353 -0.0192102
16354 -0.026322
16355 0.00672161
16356 0.0279975
16357 0.0249413
16358 0.00612572
16359 -0.0124359
16360 0.0337481
16361 -0.0170314
16362 -0.0645358
16363 -0.00697897
16364 0.0411087
16365 0.0570613
16366 -0.0618863
16367 -0.0325476
16368 0.0107481
16369 -0.020671
16370 -0.0187176
16371 -0.0236188
16372 -0.0415771
16373 -0.0644645
16374 -0.076531
16375 -0.0473178
16376 -0.0692017
16377 -0.0347501
16378 -0.049705
16379 -0.035913
16380 0.0134931
16381 0.0155556
16382 -0.0102275
16383 -0.044901
16384 -0.0773849
16385 -0.0412504
16386 -0.0395608
16387 -0.00581562
16388 -0.0235658
16389 -0.0380247
16390 0.0138072
16391 0.00543672
16392 -0.0512469
16393 -0.0181132
16394 -0.0323807
16395 -0.0135719
16396 -0.0851217
16397 0.003037
16398 -0.0304752
16399 -0.0828925
16400 -0.0157726
16401 0.0150751
16402 -0.0864575
16403 0.00836393
16404 0.00584823
16405 -0.0322039
16406 0.0161095
16407 -0.0470323
16408 -0.0804986
16409 0.0219631
16410 0.0606961
16411 -0.0497827
16412 0.0275915
16413 -0.0394022
16414 -0.0731718
16415 -0.0662663
16416 -0.0486955
16417 -0.0185458
16418 0.00870627
16419 -0.0733079
16420 -0.0220924
16421 -0.0305857
16422 -0.0629747
16423 -0.0638978
16424 0.0282111
16425 -0.0548746
16426 0.01496
16427 -0.0281121
16428 0.0933197
16429 -0.0439597
16430 0.00100792
16431 -0.0107453
16432 -0.0625254
16433 -0.021846
16434 -0.0116913
16435 0.0144927
16436 -0.0245335
16437 -0.0131452
16438 -0.0605797
16439 -0.00997028
16440 -0.0518615
16441 -0.00470242
16442 -0.015699
16443 0.0137514
16444 -0.0053571
16445 0.0142833
16446 -0.0340172
16447 -0.0409845
16448 -0.0337649
16449 -0.0369965
16450 -0.0325015
16451 -0.0240119
16452 0.0143747
16453 -0.00724081
16454 -0.035393
16455 -0.0290678
16456 -0.0477577
16457 -0.019464
16458 -0.056036
16459 -0.0139128
16460 -0.0806491
16461 0.021791
16462 -0.0604019
16463 -0.0290436
16464 -0.0613258
16465 -0.0124272
16466 -0.0319914
16467 -0.0172128
16468 -0.0664206
16469 0.00188683
16470 0.0116306
16471 0.0342824
16472 -0.0229018
16473 0.0515392
16474 -0.0291847
16475 -0.00875353
16476 -0.0331786
16477 -0.0488181
16478 0.0145662
16479 -0.0332188
16480 -0.0163801
16481 -0.0489093
16482 -0.103461
16483 -0.0669174
16484 0.0141392
16485 -0.0726391
16486 -0.015185
16487 -0.0822499
16488 0.000205372
16489 -0.00373323
16490 0.00312191
16491 -0.0008394
16492 -0.0619856
16493 -0.0965334
16494 -0.0278941
16495 -0.0823653
16496 -0.0242412
16497 0.0156067
16498 -0.0435661
16499 -0.0306007
16500 0.0232402
16501 -0.0587329
16502 -0.046881
16503 -0.00834335
16504 -0.00162299
16505 -0.0435782
16506 -0.0340662
16507 -0.0541775
16508 -0.0407174
16509 -0.0201965
16510 -0.0477154
16511 -0.0491542
16512 -0.0399656
16513 0.0202516
16514 0.0268173
16515 0.027468
16516 -0.0933363
16517 -0.0676424
16518 -0.0474803
16519 -0.0244005
16520 0.00386554
16521 -0.033418
16522 0.00966401
16523 -0.0174468
16524 -0.0415991
16525 -0.0696189
16526 -0.00308717
16527 -0.0115082
16528 -0.0447311
16529 -0.0425241
16530 0.0235908
16531 0.0246806
16532 0.0243567
16533 -0.061848
16534 0.0112546
16535 -0.0399122
16536 -0.101095
16537 -0.0396668
16538 -0.0572399
16539 0.0168541
16540 0.0197528
16541 -0.0386211
16542 -0.034497
16543 -0.0311963
16544 0.0360923
16545 -0.0384636
16546 -0.0284923
16547 -0.0270248
16548 -0.0225028
16549 -0.0318343
16550 -0.0044871
16551 -0.0734791
16552 -0.0990396
16553 -0.0572312
16554 -0.0112584
16555 0.0163627
16556 0.0240417
16557 -0.0312711
16558 -0.00966528
16559 0.00866345
16560 -0.034935
16561 -0.0732176
16562 -0.0137712
16563 -0.00567719
16564 -0.0224892
16565 -0.0300444
16566 -0.0947694
16567 -0.0119336
16568 -0.0390471
16569 -0.0236751
16570 -0.0175078
16571 0.013733
16572 0.0448513
16573 -0.0631234
16574 -0.0494195
16575 -0.038442
16576 -0.0578396
16577 0.0126825
16578 -0.0211789
16579 -0.0868383
16580 -0.011299
16581 -0.0427587
16582 -0.0424124
16583 -0.0120823
16584 -0.0326966
16585 -0.0458809
16586 -0.00648898
16587 -0.0448645
16588 -0.0323002
16589 0.00391248
16590 -0.0668917
16591 0.00194075
16592 -0.0206247
16593 -0.0232995
16594 -0.0709099
16595 0.0083409
16596 0.0322189
16597 -0.0468875
16598 -0.0195342
16599 -0.0412941
16600 -0.0232466
16601 -0.0231389
16602 0.00405833
16603 0.0271796
16604 0.0277044
16605 -0.0416429
16606 -0.0288412
16607 -0.0326714
16608 -0.000596673
16609 -0.0224933
16610 -0.0153188
16611 -0.00555893
16612 -0.0223098
16613 -0.0331554
16614 -0.0157336
16615 -0.0111315
16616 -0.000988933
16617 0.0286903
16618 -0.00343981
16619 -0.0625826
16620 0.00452046
16621 -0.0518471
16622 -0.0262912
16623 -0.0364713
16624 0.0312661
16625 0.0269663
16626 0.048708
16627 -0.0459606
16628 -0.00241229
16629 -0.0621017
16630 -0.0549277
16631 0.0382558
16632 -0.047634
16633 -0.0339963
16634 -0.0380904
16635 -0.0326934
16636 -0.0943971
16637 0.0145162
16638 0.00523753
16639 0.00754312
16640 -0.018566
16641 -0.0896714
16642 0.036575
16643 -0.0567267
16644 -0.0128151
16645 0.00120966
16646 -0.0499297
16647 -0.0559944
16648 0.000960445
16649 0.0292705
16650 -0.0338216
16651 -0.0303817
16652 -0.0225352
16653 0.0377029
16654 -0.0528295
16655 -0.00046834
16656 -0.0218486
16657 -0.0264024
16658 0.0285017
16659 0.0418098
16660 -0.0226249
16661 0.0146095
16662 -0.028184
16663 -0.0472655
16664 -0.065504
16665 0.0108128
16666 -0.0436826
16667 0.0106321
16668 0.010473
16669 0.00162339
16670 0.00467776
16671 -0.0733348
16672 -0.0164416
16673 -0.0283644
16674 -0.00176273
16675 -0.0475528
16676 -0.00848752
16677 -0.0425489
16678 -0.0587537
16679 -0.0927947
16680 0.0382858
16681 -0.0496428
16682 -0.00422098
16683 -0.0365965
16684 -0.0684424
16685 -0.0656479
16686 -0.0158834
16687 -0.0249091
16688 -0.0501943
16689 0.0149963
16690 0.016095
16691 0.00690761
16692 -0.0142663
16693 0.0104116
16694 0.0488463
16695 -0.0330233
16696 -0.0494704
16697 -0.0364793
16698 -0.0232563
16699 -0.0719688
16700 -0.0119252
16701 -0.0163302
16702 -0.00924921
16703 -0.0515172
16704 -0.0461578
16705 -0.0435396
16706 0.0275163
16707 -0.000734255
16708 -0.0442153
16709 -0.0454963
16710 0.0495074
16711 -0.0295715
16712 -0.0558148
16713 0.0376465
16714 0.0257246
16715 -0.0194473
16716 -0.0619624
16717 -0.0328219
16718 -0.042474
16719 -0.0572623
16720 0.0011381
16721 -0.017131
16722 -0.0232575
16723 0.0243232
16724 -0.0462003
16725 -0.0578881
16726 0.0195557
16727 -0.012626
16728 -0.0383618
16729 0.008659
16730 -0.0465097
16731 -0.0114028
16732 -0.0683329
16733 -0.025802
16734 0.0320237
16735 -0.000254995
16736 -0.0250919
16737 -0.0449472
16738 -0.0299122
16739 -0.0359769
16740 -0.0352696
16741 -0.006772
16742 0.0135341
16743 -0.00229586
16744 -0.0604356
16745 -0.0252669
16746 -0.0658181
16747 -0.0353714
16748 -0.0689999
16749 -0.0527773
16750 -0.0324424
16751 0.0267452
16752 -0.0382384
16753 -0.0327328
16754 0.0114605
16755 -0.00989418
16756 0.0110643
16757 -0.00698414
16758 0.024438
16759 0.00663653
16760 -0.0478617
16761 -0.0151799
16762 -0.0456592
16763 -0.00738509
16764 -0.0924968
16765 -0.0405575
16766 -0.0126315
16767 -0.0373468
16768 0.00905188
16769 -0.0421252
16770 0.032901
16771 -0.0324313
16772 -0.0165952
16773 -0.0333307
16774 -0.0809571
16775 -0.00725431
16776 -0.00653037
16777 -0.016358
16778 -0.0557023
16779 -0.0429446
16780 -0.0440854
16781 0.0045466
16782 -0.00652141
16783 -0.00679025
16784 -0.0626107
16785 -0.0344006
16786 -0.069041
16787 -0.0289336
16788 -0.000523375
16789 -0.0226605
16790 -0.0351957
16791 -0.0246831
16792 -0.0404735
16793 -0.0816433
16794 -0.0387153
16795 -0.0065878
16796 0.0429569
16797 0.0254393
16798 -0.0200718
16799 -0.004779
16800 -0.0491955
16801 -0.00408594
16802 -0.0847097
16803 -0.013373
16804 0.0158973
16805 -0.0676788
16806 -0.0133376
16807 0.015186
16808 -0.0633096
16809 0.000406903
16810 -0.0487151
16811 -0.0261585
16812 -0.110192
16813 -0.0345456
16814 -0.0519414
16815 -0.015605
16816 -0.00647113
16817 -0.021573
16818 -0.0173664
16819 0.00637672
16820 0.00389215
16821 -0.0357855
16822 -0.00670513
16823 -0.0649842
16824 -0.0309218
16825 -0.0503484
16826 -0.0262606
16827 -0.0327189
16828 -0.0141943
16829 -0.0162979
16830 -0.0171933
16831 -0.0490873
16832 0.0197425
16833 0.0176956
16834 0.0554382
16835 -0.069397
16836 -0.0239135
16837 -0.0289399
16838 -0.0121065
16839 -0.0409488
16840 -0.0431086
16841 -0.0510518
16842 -0.109244
16843 -0.058752
16844 0.0343814
16845 -0.0391695
16846 -0.038443
16847 -0.0145975
16848 -0.017499
16849 -0.0257846
16850 -0.0309657
16851 -0.0335117
16852 -0.0455358
16853 0.00532704
16854 -0.0612172
16855 -0.00744958
16856 -0.0535595
16857 -0.0371107
16858 -0.036387
16859 -0.0120694
16860 -0.0349147
16861 -0.00375232
16862 -0.0563637
16863 0.0221492
16864 -0.0616606
16865 -0.0427166
16866 -0.0105986
16867 -0.0053903
16868 -0.0694705
16869 0.0330935
16870 -0.0576035
16871 0.00974823
16872 -0.0323694
16873 -0.0520952
16874 -0.00600215
16875 -0.0195693
16876 -0.0217065
16877 -0.0321842
16878 -0.0140764
16879 -0.00870891
16880 -0.00305964
16881 -0.0195279
16882 -0.0266001
16883 0.0314687
16884 -0.00941807
16885 0.00566651
16886 0.0110994
16887 -0.036368
16888 -0.0635538
16889 -0.0316486
16890 -0.0421289
16891 -0.000647045
16892 -0.0358118
16893 -0.0343556
16894 -0.0336786
16895 -0.0549277
16896 -0.0570372
16897 -0.0582618
16898 -0.0763875
16899 0.0303927
16900 -0.0246902
16901 0.00593351
16902 0.0169484
16903 -0.0374927
16904 0.0131849
16905 0.0053491
16906 -0.0101726
16907 -0.0233157
16908 -0.0172081
16909 -0.010385
16910 -0.0496054
16911 -0.0704107
16912 -0.00554282
16913 -0.026106
16914 -0.0148343
16915 -0.0490232
16916 -0.078691
16917 -0.0336483
16918 -0.0219306
16919 -0.0465491
16920 -0.0519231
16921 0.0108391
16922 -0.0373662
16923 -0.0212711
16924 -0.071884
16925 0.0137852
16926 -0.0119074
16927 -0.0262599
16928 -0.0138699
16929 -0.0883987
16930 0.0242222
16931 -0.0499457
16932 -0.0442444
16933 0.00515918
16934 -0.0229139
16935 -0.00266318
16936 -0.0318038
16937 -0.0635809
16938 -0.0387429
16939 0.0172308
16940 -0.0750671
16941 -0.025979
16942 0.000385603
16943 -0.00425895
16944 -0.000434085
16945 -0.0408282
16946 -0.000373125
16947 -0.0161829
16948 -0.0371299
16949 -0.0198075
16950 -0.00456967
16951 -0.0165656
16952 -0.031251
16953 0.0122066
16954 0.0153323
16955 -0.0355051
16956 -0.00615303
16957 -0.0163201
16958 0.00395383
16959 0.0179688
16960 -0.0589915
16961 -0.0491083
16962 -0.0275713
16963 -0.0113548
16964 -0.0154727
16965 0.0450367
16966 -0.00507171
16967 -0.0219081
16968 -0.0420952
16969 -0.0141726
16970 -0.00664793
16971 -0.0832059
16972 -0.0181186
16973 -0.0367552
16974 -0.0586363
16975 -0.0382996
16976 0.0240971
16977 -0.0289699
16978 -0.0387501
16979 -0.0200182
16980 -0.0344884
16981 -0.0323874
16982 -0.0199944
16983 0.00614602
16984 0.0109968
16985 -0.0537909
16986 -0.0569997
16987 0.0537313
16988 0.0175057
16989 0.0197949
16990 -0.0245679
16991 -0.0325636
16992 -0.00970623
16993 -0.00950343
16994 -0.0512328
16995 0.0162972
16996 -0.013159
16997 0.0153784
16998 -0.0324911
16999 -0.0399881
17000 0.0336398
