19001 -0.170941
19002 -0.198793
19003 -0.180475
19004 -0.165208
19005 -0.167541
19006 -0.196952
19007 -0.198671
19008 -0.159226
19009 -0.160409
19010 -0.17206
19011 -0.17556
19012 -0.178029
19013 -0.15108
19014 -0.151926
19015 -0.185363
19016 -0.18365
19017 -0.172434
19018 -0.181846
19019 -0.198237
19020 -0.173931
19021 -0.203136
19022 -0.19476
19023 -0.182201
19024 -0.183152
19025 -0.172561
19026 -0.179547
19027 -0.184397
19028 -0.17236
19029 -0.155453
19030 -0.19121
19031 -0.203851
19032 -0.187721
19033 -0.20382
19034 -0.171598
19035 -0.186871
19036 -0.175411
19037 -0.18895
19038 -0.157285
19039 -0.177804
19040 -0.193742
19041 -0.206271
19042 -0.134517
19043 -0.154864
19044 -0.16752
19045 -0.168975
19046 -0.163382
19047 -0.164413
19048 -0.174803
19049 -0.190691
19050 -0.160316
19051 -0.166837
19052 -0.185583
19053 -0.161962
19054 -0.17856
19055 -0.181801
19056 -0.176862
19057 -0.176434
19058 -0.197095
19059 -0.156139
19060 -0.165028
19061 -0.187637
19062 -0.176435
19063 -0.169371
19064 -0.192411
19065 -0.189904
19066 -0.20354
19067 -0.187408
19068 -0.207811
19069 -0.163621
19070 -0.171612
19071 -0.199222
19072 -0.128971
19073 -0.186692
19074 -0.153838
19075 -0.205127
19076 -0.179855
19077 -0.196005
19078 -0.195518
19079 -0.190713
19080 -0.170648
19081 -0.187063
19082 -0.164261
19083 -0.189614
19084 -0.204462
19085 -0.168376
19086 -0.208186
19087 -0.19815
19088 -0.190982
19089 -0.159978
19090 -0.168135
19091 -0.156892
19092 -0.177863
19093 -0.18016
19094 -0.196491
19095 -0.17497
19096 -0.198098
19097 -0.189474
19098 -0.173625
19099 -0.19792
19100 -0.175304
19101 -0.168593
19102 -0.170941
19103 -0.170665
19104 -0.17504
19105 -0.172185
19106 -0.17671
19107 -0.179148
19108 -0.176751
19109 -0.169113
19110 -0.17194
19111 -0.190286
19112 -0.168241
19113 -0.187704
19114 -0.160473
19115 -0.175703
19116 -0.203582
19117 -0.17582
19118 -0.17018
19119 -0.214374
19120 -0.198533
19121 -0.170582
19122 -0.161143
19123 -0.177909
19124 -0.191888
19125 -0.154487
19126 -0.176672
19127 -0.182532
19128 -0.181888
19129 -0.193063
19130 -0.176246
19131 -0.198789
19132 -0.201046
19133 -0.155816
19134 -0.164028
19135 -0.163844
19136 -0.179025
19137 -0.169485
19138 -0.175057
19139 -0.18684
19140 -0.175077
19141 -0.135907
19142 -0.181536
19143 -0.179617
19144 -0.155519
19145 -0.172588
19146 -0.179981
19147 -0.18358
19148 -0.161253
19149 -0.172361
19150 -0.176226
19151 -0.180108
19152 -0.152041
19153 -0.194579
19154 -0.183537
19155 -0.18737
19156 -0.167552
19157 -0.20019
19158 -0.205864
19159 -0.16532
19160 -0.176973
19161 -0.201442
19162 -0.178118
19163 -0.175686
19164 -0.169691
19165 -0.167404
19166 -0.181171
19167 -0.161611
19168 -0.147959
19169 -0.169616
19170 -0.191842
19171 -0.1805
19172 -0.150046
19173 -0.17161
19174 -0.173516
19175 -0.185656
19176 -0.157849
19177 -0.178336
19178 -0.172092
19179 -0.161793
19180 -0.165826
19181 -0.178734
19182 -0.136855
19183 -0.16059
19184 -0.143438
19185 -0.160693
19186 -0.16435
19187 -0.162711
19188 -0.172793
19189 -0.180684
19190 -0.16496
19191 -0.198144
19192 -0.182834
19193 -0.182668
19194 -0.155062
19195 -0.164021
19196 -0.152067
19197 -0.206274
19198 -0.175465
19199 -0.151207
19200 -0.182876
19201 -0.192878
19202 -0.168977
19203 -0.188286
19204 -0.141418
19205 -0.176544
19206 -0.186522
19207 -0.192193
19208 -0.177054
19209 -0.165733
19210 -0.148252
19211 -0.182938
19212 -0.164609
19213 -0.152581
19214 -0.195973
19215 -0.197142
19216 -0.160936
19217 -0.167366
19218 -0.166157
19219 -0.189163
19220 -0.180544
19221 -0.181068
19222 -0.177014
19223 -0.205429
19224 -0.205264
19225 -0.198969
19226 -0.196762
19227 -0.189326
19228 -0.204154
19229 -0.142948
19230 -0.165807
19231 -0.191825
19232 -0.203115
19233 -0.184817
19234 -0.172425
19235 -0.167939
19236 -0.188921
19237 -0.148468
19238 -0.147021
19239 -0.177373
19240 -0.184125
19241 -0.168297
19242 -0.16739
19243 -0.154505
19244 -0.171667
19245 -0.162343
19246 -0.189014
19247 -0.174152
19248 -0.155761
19249 -0.181918
19250 -0.185057
19251 -0.198745
19252 -0.176844
19253 -0.139902
19254 -0.19003
19255 -0.182631
19256 -0.186159
19257 -0.19278
19258 -0.193794
19259 -0.169083
19260 -0.173719
19261 -0.166858
19262 -0.174269
19263 -0.191162
19264 -0.173151
19265 -0.17227
19266 -0.194508
19267 -0.170711
19268 -0.188887
19269 -0.169352
19270 -0.171686
19271 -0.174602
19272 -0.184892
19273 -0.203549
19274 -0.165671
19275 -0.203521
19276 -0.194199
19277 -0.193909
19278 -0.170052
19279 -0.171336
19280 -0.174026
19281 -0.174882
19282 -0.183525
19283 -0.156611
19284 -0.169931
19285 -0.200593
19286 -0.180081
19287 -0.176784
19288 -0.201037
19289 -0.167695
19290 -0.173064
19291 -0.192202
19292 -0.178124
19293 -0.181849
19294 -0.187184
19295 -0.149085
19296 -0.157599
19297 -0.170621
19298 -0.16428
19299 -0.158931
19300 -0.195478
19301 -0.200074
19302 -0.156757
19303 -0.161097
19304 -0.143256
19305 -0.18983
19306 -0.166968
19307 -0.183127
19308 -0.185175
19309 -0.186964
19310 -0.166738
19311 -0.183969
19312 -0.188745
19313 -0.150899
19314 -0.183104
19315 -0.153229
19316 -0.19914
19317 -0.187197
19318 -0.210163
19319 -0.1651
19320 -0.192802
19321 -0.162967
19322 -0.146607
19323 -0.176119
19324 -0.205831
19325 -0.175444
19326 -0.175883
19327 -0.162486
19328 -0.182413
19329 -0.171564
19330 -0.195306
19331 -0.180347
19332 -0.181931
19333 -0.180368
19334 -0.201324
19335 -0.189182
19336 -0.166759
19337 -0.169075
19338 -0.18496
19339 -0.195991
19340 -0.183877
19341 -0.175217
19342 -0.159004
19343 -0.200089
19344 -0.164613
19345 -0.181006
19346 -0.169764
19347 -0.160379
19348 -0.19301
19349 -0.185838
19350 -0.173878
19351 -0.186819
19352 -0.17272
19353 -0.161777
19354 -0.18289
19355 -0.169925
19356 -0.167768
19357 -0.16795
19358 -0.16793
19359 -0.166718
19360 -0.165322
19361 -0.148349
19362 -0.170332
19363 -0.144467
19364 -0.173202
19365 -0.143649
19366 -0.17476
19367 -0.188505
19368 -0.193925
19369 -0.155281
19370 -0.193604
19371 -0.183788
19372 -0.160226
19373 -0.18797
19374 -0.161536
19375 -0.152576
19376 -0.195068
19377 -0.159884
19378 -0.207818
19379 -0.200487
19380 -0.159265
19381 -0.171737
19382 -0.19444
19383 -0.174833
19384 -0.152992
19385 -0.195822
19386 -0.190079
19387 -0.186623
19388 -0.16588
19389 -0.168045
19390 -0.186505
19391 -0.185294
19392 -0.190766
19393 -0.177599
19394 -0.165861
19395 -0.190738
19396 -0.175567
19397 -0.176759
19398 -0.196728
19399 -0.189867
19400 -0.174651
19401 -0.191739
19402 -0.19662
19403 -0.164471
19404 -0.159124
19405 -0.172443
19406 -0.178868
19407 -0.198105
19408 -0.164775
19409 -0.169436
19410 -0.179911
19411 -0.143529
19412 -0.185552
19413 -0.201112
19414 -0.155193
19415 -0.194547
19416 -0.193329
19417 -0.183593
19418 -0.171142
19419 -0.154807
19420 -0.169153
19421 -0.195013
19422 -0.197428
19423 -0.159596
19424 -0.175471
19425 -0.194583
19426 -0.181956
19427 -0.187533
19428 -0.195546
19429 -0.190079
19430 -0.190873
19431 -0.203145
19432 -0.177121
19433 -0.159758
19434 -0.188981
19435 -0.180103
19436 -0.163509
19437 -0.16101
19438 -0.197801
19439 -0.208295
19440 -0.202399
19441 -0.159436
19442 -0.161946
19443 -0.165715
19444 -0.176455
19445 -0.170365
19446 -0.177805
19447 -0.182613
19448 -0.167341
19449 -0.163304
19450 -0.15298
19451 -0.162754
19452 -0.162107
19453 -0.208362
19454 -0.186472
19455 -0.163973
19456 -0.197031
19457 -0.188366
19458 -0.173054
19459 -0.161483
19460 -0.160895
19461 -0.188972
19462 -0.152006
19463 -0.180513
19464 -0.1724
19465 -0.170492
19466 -0.167088
19467 -0.165806
19468 -0.17934
19469 -0.161061
19470 -0.189788
19471 -0.164036
19472 -0.18294
19473 -0.150354
19474 -0.195299
19475 -0.19163
19476 -0.165711
19477 -0.170624
19478 -0.178432
19479 -0.208314
19480 -0.190895
19481 -0.179362
19482 -0.191948
19483 -0.170352
19484 -0.159621
19485 -0.200665
19486 -0.171243
19487 -0.174733
19488 -0.178429
19489 -0.201622
19490 -0.174236
19491 -0.157207
19492 -0.178796
19493 -0.165453
19494 -0.189091
19495 -0.180295
19496 -0.173044
19497 -0.171966
19498 -0.162561
19499 -0.158016
19500 -0.146199
19501 -0.170098
19502 -0.19056
19503 -0.172539
19504 -0.175417
19505 -0.15858
19506 -0.177305
19507 -0.159097
19508 -0.168426
19509 -0.160971
19510 -0.168454
19511 -0.180652
19512 -0.194949
19513 -0.177217
19514 -0.202016
19515 -0.183975
19516 -0.200379
19517 -0.186585
19518 -0.184476
19519 -0.167769
19520 -0.171332
19521 -0.204887
19522 -0.191492
19523 -0.184809
19524 -0.167249
19525 -0.204791
19526 -0.158391
19527 -0.167202
19528 -0.185195
19529 -0.188693
19530 -0.198345
19531 -0.166077
19532 -0.170954
19533 -0.178576
19534 -0.163563
19535 -0.183011
19536 -0.192922
19537 -0.176665
19538 -0.179372
19539 -0.174207
19540 -0.191695
19541 -0.186287
19542 -0.190895
19543 -0.170892
19544 -0.2104
19545 -0.190827
19546 -0.187497
19547 -0.152864
19548 -0.169776
19549 -0.161703
19550 -0.166119
19551 -0.163935
19552 -0.17776
19553 -0.174035
19554 -0.170233
19555 -0.181443
19556 -0.159217
19557 -0.187916
19558 -0.173332
19559 -0.175367
19560 -0.177386
19561 -0.193694
19562 -0.198043
19563 -0.159226
19564 -0.183839
19565 -0.16878
19566 -0.181088
19567 -0.156073
19568 -0.190812
19569 -0.183481
19570 -0.159818
19571 -0.205967
19572 -0.180663
19573 -0.184567
19574 -0.163599
19575 -0.19753
19576 -0.189199
19577 -0.162705
19578 -0.164686
19579 -0.157391
19580 -0.187498
19581 -0.180212
19582 -0.190791
19583 -0.18188
19584 -0.190391
19585 -0.17607
19586 -0.162892
19587 -0.176941
19588 -0.174875
19589 -0.158626
19590 -0.18872
19591 -0.176438
19592 -0.172781
19593 -0.178203
19594 -0.17944
19595 -0.181506
19596 -0.175135
19597 -0.185196
19598 -0.187566
19599 -0.174522
19600 -0.176677
19601 -0.166534
19602 -0.179405
19603 -0.159235
19604 -0.187976
19605 -0.206897
19606 -0.176561
19607 -0.152671
19608 -0.186338
19609 -0.170269
19610 -0.170982
19611 -0.158904
19612 -0.156188
19613 -0.177418
19614 -0.18472
19615 -0.168141
19616 -0.160417
19617 -0.189095
19618 -0.169416
19619 -0.162716
19620 -0.161226
19621 -0.172861
19622 -0.203694
19623 -0.19661
19624 -0.181633
19625 -0.198411
19626 -0.192464
19627 -0.153045
19628 -0.204659
19629 -0.151204
19630 -0.179462
19631 -0.171767
19632 -0.163516
19633 -0.189573
19634 -0.196226
19635 -0.159163
19636 -0.160827
19637 -0.180111
19638 -0.175164
19639 -0.193571
19640 -0.191393
19641 -0.185244
19642 -0.171353
19643 -0.170885
19644 -0.189477
19645 -0.169798
19646 -0.158426
19647 -0.190726
19648 -0.176466
19649 -0.162829
19650 -0.157044
19651 -0.18997
19652 -0.200073
19653 -0.185158
19654 -0.180764
19655 -0.195294
19656 -0.168055
19657 -0.160772
19658 -0.178308
19659 -0.180741
19660 -0.191121
19661 -0.193664
19662 -0.177467
19663 -0.175296
19664 -0.161953
19665 -0.174615
19666 -0.183758
19667 -0.201684
19668 -0.176875
19669 -0.163058
19670 -0.170051
19671 -0.180275
19672 -0.159296
19673 -0.186853
19674 -0.156538
19675 -0.162974
19676 -0.16651
19677 -0.153269
19678 -0.190564
19679 -0.160518
19680 -0.157258
19681 -0.180696
19682 -0.184645
19683 -0.164517
19684 -0.18476
19685 -0.176257
19686 -0.167697
19687 -0.181001
19688 -0.164834
19689 -0.202603
19690 -0.16314
19691 -0.153798
19692 -0.190017
19693 -0.182208
19694 -0.191229
19695 -0.168331
19696 -0.169583
19697 -0.15759
19698 -0.173634
19699 -0.182214
19700 -0.188117
19701 -0.166859
19702 -0.170723
19703 -0.140585
19704 -0.172632
19705 -0.20405
19706 -0.182422
19707 -0.160009
19708 -0.157346
19709 -0.156617
19710 -0.162136
19711 -0.178007
19712 -0.17063
19713 -0.195363
19714 -0.20746
19715 -0.162448
19716 -0.197026
19717 -0.166716
19718 -0.16397
19719 -0.189882
19720 -0.154987
19721 -0.193659
19722 -0.155181
19723 -0.183037
19724 -0.188657
19725 -0.182315
19726 -0.17343
19727 -0.190233
19728 -0.190222
19729 -0.153773
19730 -0.197779
19731 -0.16521
19732 -0.196963
19733 -0.163935
19734 -0.199731
19735 -0.178728
19736 -0.191076
19737 -0.180703
19738 -0.155671
19739 -0.168512
19740 -0.179176
19741 -0.175192
19742 -0.165379
19743 -0.202015
19744 -0.178935
19745 -0.164973
19746 -0.189692
19747 -0.169218
19748 -0.165146
19749 -0.184524
19750 -0.193811
19751 -0.185521
19752 -0.186893
19753 -0.15875
19754 -0.188658
19755 -0.162741
19756 -0.194846
19757 -0.17962
19758 -0.16242
19759 -0.16862
19760 -0.158112
19761 -0.162351
19762 -0.187669
19763 -0.161939
19764 -0.173769
19765 -0.152048
19766 -0.171918
19767 -0.165008
19768 -0.163331
19769 -0.163373
19770 -0.158469
19771 -0.178204
19772 -0.148251
19773 -0.17182
19774 -0.15379
19775 -0.180625
19776 -0.163292
19777 -0.143123
19778 -0.183797
19779 -0.15405
19780 -0.187571
19781 -0.20409
19782 -0.17725
19783 -0.166318
19784 -0.208978
19785 -0.162811
19786 -0.16252
19787 -0.168955
19788 -0.166521
19789 -0.186661
19790 -0.20135
19791 -0.185987
19792 -0.169966
19793 -0.179065
19794 -0.188612
19795 -0.18244
19796 -0.168352
19797 -0.153624
19798 -0.175468
19799 -0.184321
19800 -0.17222
19801 -0.191642
19802 -0.176453
19803 -0.19477
19804 -0.164478
19805 -0.17789
19806 -0.167901
19807 -0.184473
19808 -0.148659
19809 -0.17831
19810 -0.201918
19811 -0.162704
19812 -0.162272
19813 -0.168943
19814 -0.187882
19815 -0.171552
19816 -0.171342
19817 -0.16544
19818 -0.16141
19819 -0.193187
19820 -0.176126
19821 -0.196572
19822 -0.18004
19823 -0.18342
19824 -0.151424
19825 -0.187667
19826 -0.181183
19827 -0.200443
19828 -0.169742
19829 -0.19546
19830 -0.182067
19831 -0.159236
19832 -0.17003
19833 -0.178174
19834 -0.200674
19835 -0.168296
19836 -0.19263
19837 -0.181945
19838 -0.185717
19839 -0.1866
19840 -0.166616
19841 -0.173762
19842 -0.204912
19843 -0.1819
19844 -0.194078
19845 -0.172327
19846 -0.1739
19847 -0.182926
19848 -0.155178
19849 -0.192076
19850 -0.200974
19851 -0.160536
19852 -0.180321
19853 -0.198388
19854 -0.184839
19855 -0.173544
19856 -0.181235
19857 -0.173068
19858 -0.201768
19859 -0.179831
19860 -0.169897
19861 -0.17236
19862 -0.183632
19863 -0.151118
19864 -0.161793
19865 -0.168876
19866 -0.183047
19867 -0.185887
19868 -0.197887
19869 -0.216622
19870 -0.156449
19871 -0.169628
19872 -0.198011
19873 -0.17252
19874 -0.188498
19875 -0.130751
19876 -0.173188
19877 -0.185605
19878 -0.199789
19879 -0.160048
19880 -0.170221
19881 -0.178426
19882 -0.185767
19883 -0.173971
19884 -0.167076
19885 -0.194166
19886 -0.15539
19887 -0.152516
19888 -0.181228
19889 -0.169772
19890 -0.188942
19891 -0.151207
19892 -0.190651
19893 -0.159498
19894 -0.162707
19895 -0.191372
19896 -0.183979
19897 -0.172326
19898 -0.178908
19899 -0.186668
19900 -0.16669
19901 -0.178037
19902 -0.150153
19903 -0.166325
19904 -0.172599
19905 -0.166297
19906 -0.154263
19907 -0.155163
19908 -0.195535
19909 -0.193798
19910 -0.186978
19911 -0.194349
19912 -0.183364
19913 -0.162044
19914 -0.168995
19915 -0.183789
19916 -0.174945
19917 -0.179433
19918 -0.189794
19919 -0.200269
19920 -0.188699
19921 -0.158466
19922 -0.189975
19923 -0.185685
19924 -0.167611
19925 -0.159117
19926 -0.169895
19927 -0.147668
19928 -0.175896
19929 -0.187108
19930 -0.17318
19931 -0.177067
19932 -0.189398
19933 -0.172546
19934 -0.180587
19935 -0.169602
19936 -0.197863
19937 -0.165688
19938 -0.16434
19939 -0.159236
19940 -0.176172
19941 -0.184466
19942 -0.169518
19943 -0.186674
19944 -0.166731
19945 -0.187874
19946 -0.174602
19947 -0.17705
19948 -0.157609
19949 -0.164748
19950 -0.194369
19951 -0.193659
19952 -0.173438
19953 -0.176912
19954 -0.159987
19955 -0.16824
19956 -0.133203
19957 -0.158488
19958 -0.175778
19959 -0.186391
19960 -0.141537
19961 -0.184125
19962 -0.163038
19963 -0.167826
19964 -0.191076
19965 -0.15677
19966 -0.189063
19967 -0.19521
19968 -0.165441
19969 -0.169537
19970 -0.186108
19971 -0.193658
19972 -0.192467
19973 -0.188037
19974 -0.171681
19975 -0.178494
19976 -0.155588
19977 -0.194121
19978 -0.185579
19979 -0.201586
19980 -0.172742
19981 -0.166425
19982 -0.160001
19983 -0.170293
19984 -0.178768
19985 -0.191602
19986 -0.180184
19987 -0.165753
19988 -0.188514
19989 -0.174304
19990 -0.178314
19991 -0.166226
19992 -0.143744
19993 -0.189651
19994 -0.200298
19995 -0.175231
19996 -0.163249
19997 -0.180593
19998 -0.201787
19999 -0.169229
20000 -0.168161
