10001 -0.0361146
10002 -0.019294
10003 -0.0256683
10004 -0.0575131
10005 -0.00224977
10006 -0.0264087
10007 -0.0670983
10008 -0.0821749
10009 -0.017484
10010 -0.0557071
10011 -0.0300647
10012 -0.0882369
10013 -0.0161088
10014 0.0222929
10015 -0.0139371
10016 -0.014806
10017 -0.0763498
10018 -0.0483475
10019 -0.0149322
10020 -0.0311492
10021 -0.0545101
10022 0.00157764
10023 -0.0435655
10024 -0.0586713
10025 -0.00680288
10026 -0.0420116
10027 -0.0386166
10028 -0.0016161
10029 -0.0292835
10030 -0.0439949
10031 0.0097143
10032 0.0621977
10033 -0.0553357
10034 -0.0834909
10035 -0.0750227
10036 0.00618566
10037 -0.0771134
10038 -0.0458999
10039 0.0165226
10040 -0.0213058
10041 -0.0485033
10042 -0.0156277
10043 -0.0793247
10044 -0.100464
10045 -0.0215497
10046 -0.0170905
10047 0.00177862
10048 -0.0472318
10049 -0.0387732
10050 0.0204102
10051 -0.00434991
10052 -0.0264646
10053 0.00770733
10054 0.0175687
10055 -0.0142404
10056 -0.00200477
10057 -0.0417061
10058 -0.0742216
10059 -0.033647
10060 -0.0218647
10061 -0.0327377
10062 -0.0538652
10063 -0.0519691
10064 -0.00103381
10065 0.00142033
10066 -0.0193531
10067 -0.036767
10068 -0.020856
10069 -0.00374296
10070 -0.0315991
10071 -0.0521487
10072 -0.0691043
10073 -0.00196234
10074 -0.0193622
10075 -0.0568686
10076 -0.0323965
10077 -0.0411374
10078 0.00430094
10079 0.028763
10080 0.0159349
10081 -0.00240554
10082 -0.0414687
10083 -0.0587433
10084 -0.00356306
10085 -0.0443047
10086 -0.0106499
10087 -0.0301301
10088 -0.0278617
10089 -0.0139809
10090 -0.0167562
10091 -0.0807189
10092 -0.00180583
10093 0.0254093
10094 -0.019276
10095 0.00167093
10096 -0.0600374
10097 -0.0559922
10098 0.0413722
10099 -0.0364051
10100 -0.00812692
10101 -0.0282772
10102 -0.0118233
10103 0.00914267
10104 -0.00576325
10105 0.0255023
10106 -0.0197839
10107 -0.0270575
10108 -0.00168386
10109 -0.0184945
10110 -0.0789517
10111 -0.0183813
10112 -0.0416462
10113 -0.0042847
10114 -0.0310649
10115 -0.0551103
10116 0.00902762
10117 -0.0756201
10118 -0.0190299
10119 -0.00775937
10120 -0.0257309
10121 -0.0254812
10122 -0.033744
10123 -0.00563
10124 -0.0335916
10125 -0.0240489
10126 0.0198482
10127 -0.00579887
10128 -0.0453437
10129 0.0363225
10130 -0.00810825
10131 -0.0129912
10132 -0.0525482
10133 -0.00411014
10134 -0.0356137
10135 -0.0688555
10136 -0.0369382
10137 -0.037828
10138 -0.0466817
10139 0.0255751
10140 -0.0322698
10141 -0.0389623
10142 -0.0202111
10143 -0.0157116
10144 0.0204778
10145 -0.0688845
10146 -0.0372147
10147 -0.0168349
10148 -0.0338557
10149 0.0331541
10150 0.0197066
10151 0.0218377
10152 -0.0148453
10153 0.0180999
10154 0.00730885
10155 0.0270136
10156 -0.0162448
10157 0.0507129
10158 -0.0196098
10159 -0.0241203
10160 -0.0139338
10161 -0.027074
10162 -0.0393737
10163 0.0111962
10164 -0.0235192
10165 -0.0242885
10166 -0.0616801
10167 0.0342659
10168 0.0294515
10169 0.0118543
10170 0.0168725
10171 -0.00375571
10172 -0.0486269
10173 -0.0667511
10174 -0.0230631
10175 -0.0357132
10176 0.00638651
10177 -0.00957628
10178 -0.015501
10179 0.0253522
10180 -0.056543
10181 0.00484851
10182 -0.0604421
10183 -0.0347135
10184 0.00900163
10185 -0.00673867
10186 0.0164222
10187 0.0244857
10188 -0.00628397
10189 -0.0248664
10190 -0.0296381
10191 -0.00438537
10192 -0.0130988
10193 -0.0956319
10194 -0.0397421
10195 -0.00655613
10196 -0.0202563
10197 -0.0397118
10198 0.0355545
10199 -0.0378728
10200 -0.0184354
10201 -0.0514158
10202 -0.0581228
10203 -0.0158479
10204 -0.0590816
10205 0.0437756
10206 -0.0461034
10207 0.0223886
10208 -0.0102055
10209 -0.0255688
10210 -0.0589476
10211 -0.0550619
10212 -0.0378712
10213 -0.0244951
10214 -0.0545577
10215 0.00955224
10216 -0.020196
10217 0.0161618
10218 0.00190472
10219 -0.0287293
10220 -0.0507915
10221 0.000559557
10222 -0.0474585
10223 -0.00806841
10224 -0.0342927
10225 -0.0549721
10226 -0.00973122
10227 -0.0499627
10228 -0.0435627
10229 -0.0352331
10230 0.0382335
10231 -0.00929886
10232 0.0208309
10233 -0.0708173
10234 -0.036452
10235 0.00786806
10236 -0.0896242
10237 0.00320554
10238 -0.0271306
10239 -0.0514165
10240 -0.0447376
10241 -0.0113401
10242 -0.0347906
10243 -0.0169996
10244 -0.0543116
10245 0.0508709
10246 0.0206985
10247 -0.0413195
10248 -0.0285753
10249 0.0300119
10250 -0.0214466
10251 -0.0336353
10252 -0.0371606
10253 0.0506715
10254 -0.000375773
10255 -0.0199159
10256 -0.00252942
10257 -0.00847378
10258 -0.0595565
10259 0.00250242
10260 0.0196098
10261 -0.0317604
10262 -0.0350249
10263 -0.0236644
10264 0.0140646
10265 -0.0208495
10266 -0.0150293
10267 -0.043198
10268 -0.000121032
10269 -0.0358525
10270 -0.0689027
10271 0.0159727
10272 0.0142839
10273 -0.00996424
10274 0.0595825
10275 -0.0255576
10276 -0.0250386
10277 0.0142626
10278 -0.0421981
10279 -0.0533119
10280 -0.025268
10281 0.0140902
10282 -0.068113
10283 -0.0130858
10284 0.0108715
10285 0.0067262
10286 -0.012928
10287 -0.0805281
10288 -0.0526081
10289 0.00762849
10290 -0.0448494
10291 0.00300854
10292 -0.00267495
10293 0.00631975
10294 0.00287227
10295 -0.0122674
10296 -0.031197
10297 -0.0751207
10298 -0.0195964
10299 -0.00139642
10300 -0.0478051
10301 -0.0291133
10302 -0.0453825
10303 -0.0387577
10304 -0.0169666
10305 -0.0257956
10306 0.0232239
10307 0.0332648
10308 0.0146244
10309 -0.0305821
10310 -0.0503803
10311 0.022377
10312 0.0316672
10313 0.006923
10314 -0.0487846
10315 -0.0384189
10316 -0.0401615
10317 -0.00417382
10318 -0.0173173
10319 -0.0500161
10320 -0.0234981
10321 -0.0368526
10322 -0.054136
10323 -0.0596237
10324 0.0271542
10325 -0.00242317
10326 0.0323043
10327 -0.0613892
10328 0.046727
10329 -0.0488649
10330 -0.0207473
10331 -0.0376809
10332 -0.0353629
10333 -0.0773769
10334 -0.0222041
10335 -0.0170276
10336 -0.0996569
10337 -0.0480246
10338 0.00589624
10339 -0.0471592
10340 -0.0364241
10341 0.024731
10342 0.0183164
10343 -0.0487649
10344 0.0101774
10345 -0.00354902
10346 0.0258298
10347 0.0335763
10348 -0.0437234
10349 -0.0464395
10350 -0.0274384
10351 0.033758
10352 0.0443835
10353 0.00694563
10354 -0.0574266
10355 0.0209459
10356 -0.055626
10357 -0.00522292
10358 -0.0157545
10359 0.000643948
10360 -0.0468697
10361 -0.0119281
10362 -0.0722506
10363 0.0791635
10364 -0.0223168
10365 -0.0353914
10366 -0.0872581
10367 0.0142563
10368 -0.075511
10369 -0.0708944
10370 -0.0552103
10371 0.00308327
10372 0.0048257
10373 -0.0167774
10374 -0.0527355
10375 -0.0459313
10376 -0.0216511
10377 -0.00673508
10378 -0.0565085
10379 -0.0262623
10380 0.0619332
10381 -0.0376539
10382 -0.0627501
10383 -9.93267e-05
10384 0.0292407
10385 -0.0241221
10386 -0.0486243
10387 -0.0384512
10388 -0.000637797
10389 -0.0192493
10390 -0.0421644
10391 -0.0173996
10392 -0.0539129
10393 -0.0281337
10394 0.00598332
10395 0.00808258
10396 -0.0527644
10397 -0.0215862
10398 0.00438381
10399 0.000761863
10400 -0.017594
10401 -0.0438317
10402 0.010084
10403 -0.057731
10404 -0.00455444
10405 0.00844975
10406 -0.0258392
10407 0.00695635
10408 0.0097612
10409 0.0022931
10410 -0.0162279
10411 0.00931373
10412 -0.0305938
10413 0.0156379
10414 -0.00810097
10415 0.007815
10416 -0.00725475
10417 -0.0303557
10418 0.00930351
10419 -0.0145375
10420 -0.0188414
10421 -0.0110814
10422 0.0141261
10423 -0.0175811
10424 -0.0652562
10425 0.00767048
10426 -0.0400004
10427 -0.0380175
10428 -0.0247694
10429 -0.0384131
10430 -0.0294788
10431 -0.0429686
10432 -0.0334483
10433 -0.00128364
10434 -0.0774715
10435 0.00209141
10436 -0.0677422
10437 -0.00450013
10438 0.0358862
10439 0.00566406
10440 -0.00608822
10441 -0.0303494
10442 -0.0290889
10443 0.0178679
10444 -0.032886
10445 0.0124152
10446 -0.0503985
10447 -0.0212494
10448 -0.0408084
10449 -0.0415715
10450 0.00675236
10451 -0.0434163
10452 -0.085077
10453 -0.0599122
10454 -0.0557609
10455 -0.0648802
10456 -0.000630852
10457 -0.0127956
10458 0.00266596
10459 0.0148066
10460 0.0211056
10461 -0.0111209
10462 -0.0487285
10463 -0.0444531
10464 -0.0300574
10465 4.31517e-05
10466 0.0107839
10467 0.00434138
10468 0.0361214
10469 -0.0061766
10470 -0.0111621
10471 -0.0443626
10472 -0.0752499
10473 0.0293984
10474 -0.00165839
10475 0.00155194
10476 -0.0390075
10477 -0.0271239
10478 -0.0015963
10479 0.0125421
10480 -0.0327476
10481 0.00431077
10482 -0.00686205
10483 0.00023808
10484 -0.0531648
10485 0.0202905
10486 0.0092797
10487 -0.0491716
10488 0.00600053
10489 0.0182866
10490 -0.0278399
10491 -0.0200913
10492 -0.0940093
10493 -0.0498798
10494 0.0358683
10495 -0.0301413
10496 0.0268155
10497 0.0237537
10498 -0.0331771
10499 -0.00103008
10500 -0.0207157
10501 -0.0581039
10502 -0.0431168
10503 -0.0453639
10504 0.0119025
10505 -0.0292723
10506 -0.0367831
10507 -0.0369841
10508 -0.00172703
10509 -0.0548733
10510 -0.0265055
10511 -0.0322271
10512 -0.0630292
10513 -0.0526593
10514 -0.0149147
10515 -0.0657029
10516 0.00567296
10517 0.0095489
10518 -0.0330462
10519 -0.0149183
10520 0.0101978
10521 -0.018763
10522 -0.0580905
10523 -0.00771875
10524 -0.0390049
10525 -0.0760699
10526 0.0134313
10527 -0.0401024
10528 0.000149122
10529 -0.0191889
10530 -0.0120007
10531 -0.0145959
10532 -0.0487977
10533 -0.058554
10534 -0.00520353
10535 -0.0342216
10536 -0.0497826
10537 -0.064691
10538 -0.0737379
10539 -0.0732972
10540 -0.0477242
10541 0.02012
10542 -0.0625735
10543 -0.0359535
10544 -0.0372716
10545 -0.00536014
10546 -0.0910059
10547 -0.0386015
10548 0.0121823
10549 -0.0181601
10550 0.00817656
10551 -0.034607
10552 -0.0256193
10553 0.00668138
10554 -0.0159738
10555 -0.0760139
10556 0.0873868
10557 -0.021484
10558 -0.000905705
10559 -0.0252123
10560 -0.0382991
10561 0.0326429
10562 -0.00578186
10563 -0.0188231
10564 -0.0713261
10565 -0.0136992
10566 -0.0759084
10567 -0.0181395
10568 -0.0666559
10569 0.0107356
10570 -0.0126455
10571 -0.0514217
10572 0.0115136
10573 0.0112233
10574 -0.0534662
10575 0.0160557
10576 -0.0817272
10577 -0.0420597
10578 0.0231136
10579 -0.0160105
10580 -0.0565244
10581 -0.0207234
10582 -0.0285667
10583 -0.0481886
10584 -0.00396202
10585 0.0110789
10586 0.0133893
10587 -0.0241255
10588 -0.0462204
10589 0.0353393
10590 -0.0197383
10591 -0.0352113
10592 -0.0942529
10593 0.0294321
10594 -0.029706
10595 -0.0164585
10596 -0.0356514
10597 0.00609786
10598 0.00874333
10599 0.0278808
10600 -0.0338284
10601 -0.0385992
10602 0.0241602
10603 -0.0593086
10604 -0.0435818
10605 -0.00933768
10606 0.00853507
10607 0.0119564
10608 0.0176128
10609 -0.0731063
10610 -0.0307309
10611 0.00558554
10612 -0.00885654
10613 -0.0166163
10614 0.00282817
10615 -0.0426288
10616 -0.0249039
10617 -0.00289908
10618 -0.0751489
10619 0.0253475
10620 0.048528
10621 -0.0171702
10622 -0.00757417
10623 -0.0195043
10624 0.0186548
10625 -0.0134879
10626 -0.0696603
10627 -0.0664628
10628 -0.0363369
10629 -0.0387237
10630 -0.0530272
10631 0.00487243
10632 -0.0490049
10633 -0.0268034
10634 -0.0261033
10635 -0.00564035
10636 -0.0321909
10637 -0.00538449
10638 -0.119426
10639 -0.0108248
10640 -0.0302298
10641 -0.107412
10642 -0.0332734
10643 0.0372475
10644 -0.0192724
10645 -0.00249783
10646 -0.0404335
10647 -0.0292353
10648 -0.00488188
10649 0.0140819
10650 -0.053085
10651 -0.0118701
10652 -0.00313763
10653 -0.0179722
10654 -0.0284405
10655 -0.0308794
10656 -0.0511492
10657 -0.0164525
10658 0.0147288
10659 -0.0322867
10660 0.019064
10661 -0.0835613
10662 -0.0272154
10663 0.0091186
10664 0.0403199
10665 0.00528899
10666 0.0269032
10667 -0.0437567
10668 0.00046173
10669 0.00358805
10670 -0.00486223
10671 -0.0570987
10672 0.0146553
10673 0.0246116
10674 0.0198935
10675 -0.0470452
10676 0.0101415
10677 0.00250142
10678 -0.000282805
10679 -0.0185659
10680 -0.0274044
10681 -0.0523773
10682 -0.0670623
10683 0.0199594
10684 0.0146887
10685 -0.0649559
10686 0.0169814
10687 -0.00855304
10688 -0.00137987
10689 0.0145749
10690 -0.0671554
10691 -0.0232684
10692 -0.0226357
10693 -0.0283688
10694 -0.0161572
10695 -0.0606602
10696 -0.0224957
10697 -0.0440222
10698 0.0330437
10699 -0.0148821
10700 -0.00706064
10701 -0.0682656
10702 -0.062161
10703 0.00516437
10704 -0.0196242
10705 0.0310586
10706 0.0367736
10707 -0.0159599
10708 -0.0138402
10709 0.0075709
10710 0.0347044
10711 -0.0366772
10712 -0.023069
10713 -0.00961697
10714 0.0264811
10715 -0.00565972
10716 -0.0679498
10717 -0.0272869
10718 0.0369574
10719 -0.0743115
10720 0.0040426
10721 -0.0371183
10722 -0.0719632
10723 -0.0188374
10724 -0.0478408
10725 -0.00335121
10726 0.0187971
10727 -0.0430432
10728 0.0222591
10729 -0.0184426
10730 -0.0268519
10731 -0.0164057
10732 -0.0676652
10733 0.0584304
10734 -0.00143659
10735 0.0130134
10736 -0.0325181
10737 -0.0302207
10738 -0.0419209
10739 0.0380846
10740 -0.0394283
10741 0.0250231
10742 0.0309199
10743 -0.005699
10744 -0.0229972
10745 -0.0344942
10746 -0.0373542
10747 -0.0792984
10748 -0.0623173
10749 0.0200512
10750 -0.0429195
10751 -0.0381557
10752 -0.0570045
10753 0.0363751
10754 -0.0123579
10755 -0.0276611
10756 0.0103384
10757 -0.042332
10758 -0.0248665
10759 0.00925605
10760 -0.0175544
10761 -0.0118009
10762 -0.0393829
10763 0.00185949
10764 0.0369544
10765 -0.0220423
10766 -0.00256031
10767 -0.0438716
10768 -0.0679292
10769 -0.00987217
10770 -0.054812
10771 -0.0274213
10772 -0.00468924
10773 -0.068818
10774 -0.00877229
10775 -0.0460276
10776 -0.0479044
10777 -0.00885608
10778 -0.0201256
10779 -0.0394949
10780 -0.04922
10781 0.00522156
10782 -0.0345812
10783 -0.026094
10784 -0.0621788
10785 0.0298763
10786 -0.0212617
10787 -0.0538022
10788 0.00831269
10789 -0.0209247
10790 0.00729823
10791 0.0173578
10792 0.00489587
10793 -0.0874014
10794 -0.0777935
10795 0.0105622
10796 -0.0405131
10797 -0.0280392
10798 -0.0693121
10799 0.0302878
10800 0.0797325
10801 -0.0647573
10802 -0.137026
10803 0.0213092
10804 -0.0462756
10805 -0.105069
10806 0.0109691
10807 -0.0608885
10808 0.00385689
10809 -0.0288645
10810 -0.00492791
10811 -0.0139748
10812 0.0357122
10813 -0.021047
10814 -0.0117745
10815 0.00502476
10816 -0.0368794
10817 -0.00780611
10818 -0.0599651
10819 -0.0120557
10820 0.0272663
10821 -0.00854918
10822 0.0273874
10823 0.0136592
10824 -0.0394057
10825 -0.0602168
10826 -0.00569834
10827 -0.00453416
10828 -0.0306888
10829 -0.01039
10830 0.0260822
10831 -0.0498912
10832 -0.0111147
10833 -0.0700059
10834 0.00643789
10835 -0.0153631
10836 -0.0766731
10837 -0.00755736
10838 -0.0260029
10839 -0.0437763
10840 0.00296161
10841 -0.0582163
10842 -0.046987
10843 -0.0536737
10844 -0.0169719
10845 -0.0830013
10846 0.013731
10847 -0.054606
10848 -0.0651499
10849 -0.0439338
10850 -0.0368792
10851 -0.0158138
10852 0.00996749
10853 -0.0247914
10854 -0.029756
10855 -0.0390254
10856 -0.00541248
10857 -0.0568094
10858 -0.00638713
10859 -0.0283225
10860 -0.0294813
10861 -0.0608274
10862 -0.0362659
10863 -0.0376943
10864 -0.0739511
10865 -0.0458657
10866 0.0291118
10867 -0.013951
10868 -0.0750333
10869 -0.0254793
10870 0.0157205
10871 -0.0200939
10872 -0.0650564
10873 -0.049474
10874 0.0012397
10875 0.0272766
10876 -0.0213785
10877 0.0034304
10878 0.0177963
10879 -0.0283546
10880 0.011172
10881 -0.0147208
10882 -0.00119691
10883 -0.0892642
10884 -0.0470902
10885 -0.0314013
10886 0.0378925
10887 -0.0859509
10888 -0.0293242
10889 -0.0433784
10890 0.0163506
10891 -0.0660719
10892 -0.0692165
10893 -0.0173799
10894 0.0202263
10895 -0.0247163
10896 0.0354367
10897 -0.0140642
10898 -0.0108855
10899 -0.0210486
10900 -0.034761
10901 -0.0106609
10902 -0.0634195
10903 -0.0455827
10904 -0.0858349
10905 0.017381
10906 -0.0203153
10907 -0.0542116
10908 -0.0735629
10909 -0.0523482
10910 -0.0164329
10911 -0.041522
10912 -0.0197281
10913 -0.0570786
10914 0.0077335
10915 -0.00816031
10916 0.0257891
10917 -0.00161934
10918 0.00392222
10919 0.00862165
10920 -0.0199569
10921 -0.0577399
10922 0.00440037
10923 -0.0526362
10924 -0.0452398
10925 0.0217808
10926 -0.0471557
10927 -0.0709528
10928 -0.0142903
10929 -0.0184579
10930 -0.0211378
10931 -0.000743413
10932 -0.00262336
10933 0.0373148
10934 -0.013857
10935 -0.0095311
10936 0.00705583
10937 -0.0461078
10938 -0.00896604
10939 0.0400688
10940 -0.0116028
10941 -0.0497304
10942 0.0418586
10943 -0.0242801
10944 -0.0167628
10945 0.0253064
10946 -0.0981959
10947 -0.0201222
10948 -0.0057886
10949 -0.00181432
10950 -0.00821298
10951 0.0298321
10952 -0.00456107
10953 -0.0097604
10954 -0.0271185
10955 0.0103152
10956 -0.0537874
10957 0.0111662
10958 -0.0209159
10959 -0.0387276
10960 0.0161866
10961 -0.0327537
10962 0.0264389
10963 -0.00198947
10964 0.0321031
10965 -0.072191
10966 -0.0403553
10967 -0.0158428
10968 -0.029835
10969 -0.0149404
10970 0.0207586
10971 -0.0212819
10972 -0.0574809
10973 -0.0305449
10974 -0.0793057
10975 0.00314812
10976 -0.00801902
10977 0.00297147
10978 -0.0307383
10979 -0.00612673
10980 -0.0504943
10981 -0.0267674
10982 -0.0579643
10983 -0.0146448
10984 -0.0304294
10985 -0.0221868
10986 0.0258678
10987 -0.010106
10988 -0.0538091
10989 -0.022829
10990 0.0144225
10991 -0.037994
10992 -0.0385916
10993 -0.0162282
10994 0.0137737
10995 0.04622
10996 -0.00270643
10997 0.00288213
10998 0.0115095
10999 0.0305359
11000 -0.0153033
