9001 -0.171391
9002 -0.196548
9003 -0.189615
9004 -0.190835
9005 -0.190406
9006 -0.168067
9007 -0.202969
9008 -0.179778
9009 -0.166692
9010 -0.184652
9011 -0.160808
9012 -0.18857
9013 -0.153958
9014 -0.163383
9015 -0.184705
9016 -0.190849
9017 -0.192907
9018 -0.166234
9019 -0.160265
9020 -0.178452
9021 -0.176101
9022 -0.186097
9023 -0.179691
9024 -0.162137
9025 -0.175222
9026 -0.197027
9027 -0.20412
9028 -0.187855
9029 -0.203162
9030 -0.168213
9031 -0.177092
9032 -0.182891
9033 -0.175198
9034 -0.167913
9035 -0.199872
9036 -0.1731
9037 -0.207027
9038 -0.1719
9039 -0.16714
9040 -0.150399
9041 -0.203202
9042 -0.145946
9043 -0.177014
9044 -0.133973
9045 -0.198575
9046 -0.158919
9047 -0.155813
9048 -0.180751
9049 -0.196002
9050 -0.161828
9051 -0.194004
9052 -0.169777
9053 -0.150394
9054 -0.204131
9055 -0.177473
9056 -0.188669
9057 -0.156203
9058 -0.177842
9059 -0.160524
9060 -0.175356
9061 -0.150245
9062 -0.208173
9063 -0.148714
9064 -0.177426
9065 -0.172017
9066 -0.196978
9067 -0.175653
9068 -0.162478
9069 -0.166354
9070 -0.17703
9071 -0.201547
9072 -0.179262
9073 -0.167381
9074 -0.194982
9075 -0.182693
9076 -0.206755
9077 -0.179018
9078 -0.168225
9079 -0.203789
9080 -0.144436
9081 -0.187054
9082 -0.172798
9083 -0.186969
9084 -0.175493
9085 -0.183753
9086 -0.186369
9087 -0.168835
9088 -0.188792
9089 -0.178194
9090 -0.170654
9091 -0.171415
9092 -0.190528
9093 -0.195866
9094 -0.207927
9095 -0.152606
9096 -0.194929
9097 -0.18966
9098 -0.191961
9099 -0.210492
9100 -0.159557
9101 -0.188513
9102 -0.193716
9103 -0.159114
9104 -0.183211
9105 -0.177934
9106 -0.18606
9107 -0.16688
9108 -0.178814
9109 -0.185491
9110 -0.19913
9111 -0.172649
9112 -0.173802
9113 -0.16831
9114 -0.182801
9115 -0.190065
9116 -0.178341
9117 -0.146924
9118 -0.190292
9119 -0.143876
9120 -0.166373
9121 -0.14986
9122 -0.16743
9123 -0.163478
9124 -0.199246
9125 -0.202971
9126 -0.18523
9127 -0.162253
9128 -0.18103
9129 -0.150502
9130 -0.205927
9131 -0.164825
9132 -0.162099
9133 -0.151811
9134 -0.181422
9135 -0.196562
9136 -0.174495
9137 -0.164251
9138 -0.155528
9139 -0.171003
9140 -0.184135
9141 -0.194075
9142 -0.206048
9143 -0.151984
9144 -0.178889
9145 -0.159771
9146 -0.167547
9147 -0.162619
9148 -0.191017
9149 -0.181653
9150 -0.197482
9151 -0.165062
9152 -0.188805
9153 -0.167496
9154 -0.185569
9155 -0.192373
9156 -0.165026
9157 -0.185506
9158 -0.17721
9159 -0.186358
9160 -0.204021
9161 -0.181139
9162 -0.188747
9163 -0.172679
9164 -0.175868
9165 -0.155154
9166 -0.171792
9167 -0.175577
9168 -0.166976
9169 -0.157784
9170 -0.158668
9171 -0.197741
9172 -0.171751
9173 -0.184267
9174 -0.202387
9175 -0.177068
9176 -0.187133
9177 -0.18149
9178 -0.170513
9179 -0.170705
9180 -0.169275
9181 -0.182799
9182 -0.20117
9183 -0.183772
9184 -0.149523
9185 -0.195557
9186 -0.187131
9187 -0.186745
9188 -0.182593
9189 -0.15793
9190 -0.198744
9191 -0.159735
9192 -0.21028
9193 -0.175963
9194 -0.194436
9195 -0.169647
9196 -0.152623
9197 -0.156865
9198 -0.174045
9199 -0.164212
9200 -0.196949
9201 -0.157816
9202 -0.179039
9203 -0.156687
9204 -0.158913
9205 -0.187587
9206 -0.196779
9207 -0.196693
9208 -0.182001
9209 -0.20511
9210 -0.16855
9211 -0.200176
9212 -0.156482
9213 -0.165047
9214 -0.165595
9215 -0.202457
9216 -0.20174
9217 -0.176039
9218 -0.153377
9219 -0.19828
9220 -0.163362
9221 -0.180099
9222 -0.150783
9223 -0.183254
9224 -0.17271
9225 -0.192132
9226 -0.192188
9227 -0.168802
9228 -0.162114
9229 -0.202729
9230 -0.192437
9231 -0.148419
9232 -0.174267
9233 -0.182835
9234 -0.141123
9235 -0.182212
9236 -0.182048
9237 -0.15181
9238 -0.15373
9239 -0.150621
9240 -0.171785
9241 -0.182518
9242 -0.173053
9243 -0.189671
9244 -0.201982
9245 -0.15037
9246 -0.187123
9247 -0.188338
9248 -0.175766
9249 -0.185952
9250 -0.161704
9251 -0.192233
9252 -0.189247
9253 -0.178479
9254 -0.152606
9255 -0.200713
9256 -0.169594
9257 -0.173188
9258 -0.158122
9259 -0.160871
9260 -0.200817
9261 -0.200006
9262 -0.186362
9263 -0.188839
9264 -0.200608
9265 -0.173722
9266 -0.16853
9267 -0.207912
9268 -0.18911
9269 -0.154046
9270 -0.183484
9271 -0.191141
9272 -0.172337
9273 -0.180362
9274 -0.160153
9275 -0.174105
9276 -0.191861
9277 -0.199423
9278 -0.166802
9279 -0.182829
9280 -0.14264
9281 -0.17011
9282 -0.167619
9283 -0.188008
9284 -0.189905
9285 -0.166258
9286 -0.200258
9287 -0.199487
9288 -0.164382
9289 -0.189265
9290 -0.170967
9291 -0.182376
9292 -0.209824
9293 -0.184722
9294 -0.138333
9295 -0.196419
9296 -0.167799
9297 -0.192972
9298 -0.187912
9299 -0.181151
9300 -0.184342
9301 -0.150842
9302 -0.169416
9303 -0.17707
9304 -0.160911
9305 -0.186225
9306 -0.188205
9307 -0.182201
9308 -0.186942
9309 -0.172342
9310 -0.18298
9311 -0.16561
9312 -0.195459
9313 -0.174011
9314 -0.150827
9315 -0.179349
9316 -0.145875
9317 -0.174276
9318 -0.201508
9319 -0.197897
9320 -0.14359
9321 -0.16687
9322 -0.164205
9323 -0.188489
9324 -0.187087
9325 -0.155641
9326 -0.198195
9327 -0.182793
9328 -0.203526
9329 -0.202857
9330 -0.172026
9331 -0.163937
9332 -0.1628
9333 -0.181671
9334 -0.195843
9335 -0.160055
9336 -0.143919
9337 -0.156583
9338 -0.187473
9339 -0.159665
9340 -0.157972
9341 -0.185126
9342 -0.193917
9343 -0.166481
9344 -0.176648
9345 -0.160158
9346 -0.184965
9347 -0.192406
9348 -0.197752
9349 -0.154111
9350 -0.15649
9351 -0.199716
9352 -0.175204
9353 -0.16059
9354 -0.146959
9355 -0.19276
9356 -0.183012
9357 -0.157453
9358 -0.173582
9359 -0.174445
9360 -0.173564
9361 -0.1696
9362 -0.18967
9363 -0.163009
9364 -0.18382
9365 -0.192355
9366 -0.153984
9367 -0.19447
9368 -0.158059
9369 -0.182236
9370 -0.188873
9371 -0.179787
9372 -0.175423
9373 -0.159916
9374 -0.201458
9375 -0.189463
9376 -0.178686
9377 -0.197754
9378 -0.182243
9379 -0.189097
9380 -0.167307
9381 -0.15156
9382 -0.172776
9383 -0.17841
9384 -0.168852
9385 -0.154233
9386 -0.171707
9387 -0.164843
9388 -0.195305
9389 -0.199024
9390 -0.178858
9391 -0.171175
9392 -0.145229
9393 -0.185129
9394 -0.192653
9395 -0.16696
9396 -0.197727
9397 -0.153073
9398 -0.16264
9399 -0.144794
9400 -0.203154
9401 -0.175937
9402 -0.19519
9403 -0.178819
9404 -0.162936
9405 -0.174267
9406 -0.190642
9407 -0.175517
9408 -0.184862
9409 -0.195101
9410 -0.191935
9411 -0.198731
9412 -0.18903
9413 -0.194034
9414 -0.188926
9415 -0.174028
9416 -0.165941
9417 -0.170993
9418 -0.148528
9419 -0.167414
9420 -0.172446
9421 -0.187925
9422 -0.181734
9423 -0.164682
9424 -0.156579
9425 -0.178981
9426 -0.171376
9427 -0.159601
9428 -0.164879
9429 -0.149321
9430 -0.183197
9431 -0.155726
9432 -0.195994
9433 -0.177579
9434 -0.194339
9435 -0.205718
9436 -0.166972
9437 -0.180213
9438 -0.183468
9439 -0.189111
9440 -0.184816
9441 -0.199771
9442 -0.187787
9443 -0.200901
9444 -0.174207
9445 -0.162362
9446 -0.173581
9447 -0.175984
9448 -0.191825
9449 -0.182068
9450 -0.171858
9451 -0.173657
9452 -0.194389
9453 -0.180456
9454 -0.208336
9455 -0.174585
9456 -0.186993
9457 -0.167912
9458 -0.186523
9459 -0.157718
9460 -0.176857
9461 -0.17892
9462 -0.145259
9463 -0.181315
9464 -0.19547
9465 -0.163191
9466 -0.191501
9467 -0.17129
9468 -0.150919
9469 -0.190496
9470 -0.150867
9471 -0.16515
9472 -0.170922
9473 -0.176201
9474 -0.195538
9475 -0.16804
9476 -0.159709
9477 -0.172388
9478 -0.175617
9479 -0.143181
9480 -0.146476
9481 -0.179381
9482 -0.178114
9483 -0.176295
9484 -0.159885
9485 -0.197612
9486 -0.139045
9487 -0.153503
9488 -0.168628
9489 -0.199706
9490 -0.156517
9491 -0.170016
9492 -0.200274
9493 -0.164564
9494 -0.201651
9495 -0.183796
9496 -0.187986
9497 -0.194081
9498 -0.151373
9499 -0.203383
9500 -0.170613
9501 -0.160579
9502 -0.180543
9503 -0.187469
9504 -0.175386
9505 -0.15789
9506 -0.19397
9507 -0.192501
9508 -0.184803
9509 -0.155052
9510 -0.174985
9511 -0.194287
9512 -0.194199
9513 -0.161726
9514 -0.17905
9515 -0.171624
9516 -0.164251
9517 -0.160414
9518 -0.177498
9519 -0.175239
9520 -0.17518
9521 -0.167168
9522 -0.165398
9523 -0.169464
9524 -0.15688
9525 -0.175408
9526 -0.176638
9527 -0.166439
9528 -0.156027
9529 -0.168176
9530 -0.164067
9531 -0.163363
9532 -0.202588
9533 -0.15558
9534 -0.189802
9535 -0.155983
9536 -0.16709
9537 -0.152376
9538 -0.156992
9539 -0.178225
9540 -0.183445
9541 -0.195361
9542 -0.142535
9543 -0.196948
9544 -0.154617
9545 -0.175142
9546 -0.177768
9547 -0.193736
9548 -0.197434
9549 -0.18397
9550 -0.170882
9551 -0.159929
9552 -0.181065
9553 -0.174928
9554 -0.15304
9555 -0.162432
9556 -0.178737
9557 -0.186317
9558 -0.141171
9559 -0.17228
9560 -0.152531
9561 -0.18707
9562 -0.181058
9563 -0.158102
9564 -0.188783
9565 -0.190702
9566 -0.175408
9567 -0.192728
9568 -0.189262
9569 -0.190104
9570 -0.14711
9571 -0.187563
9572 -0.190836
9573 -0.188353
9574 -0.174392
9575 -0.201968
9576 -0.180189
9577 -0.152248
9578 -0.190253
9579 -0.149544
9580 -0.163866
9581 -0.177826
9582 -0.18559
9583 -0.202885
9584 -0.159489
9585 -0.175286
9586 -0.172201
9587 -0.177592
9588 -0.185284
9589 -0.166987
9590 -0.150475
9591 -0.183258
9592 -0.169996
9593 -0.196629
9594 -0.159827
9595 -0.173331
9596 -0.167814
9597 -0.178566
9598 -0.149593
9599 -0.198099
9600 -0.18076
9601 -0.187464
9602 -0.146562
9603 -0.162848
9604 -0.156309
9605 -0.159225
9606 -0.193878
9607 -0.149834
9608 -0.19267
9609 -0.147903
9610 -0.199887
9611 -0.173806
9612 -0.153349
9613 -0.202358
9614 -0.177535
9615 -0.150813
9616 -0.169014
9617 -0.156511
9618 -0.177435
9619 -0.168293
9620 -0.181726
9621 -0.151405
9622 -0.19017
9623 -0.193263
9624 -0.174449
9625 -0.174189
9626 -0.203192
9627 -0.15029
9628 -0.170778
9629 -0.184372
9630 -0.153304
9631 -0.196292
9632 -0.185917
9633 -0.153136
9634 -0.190409
9635 -0.194963
9636 -0.18263
9637 -0.182991
9638 -0.190482
9639 -0.156293
9640 -0.20908
9641 -0.175318
9642 -0.187888
9643 -0.193059
9644 -0.196595
9645 -0.209173
9646 -0.179451
9647 -0.190339
9648 -0.194328
9649 -0.171502
9650 -0.189376
9651 -0.172696
9652 -0.189767
9653 -0.188976
9654 -0.186004
9655 -0.161152
9656 -0.200955
9657 -0.186828
9658 -0.200039
9659 -0.158517
9660 -0.183022
9661 -0.178488
9662 -0.187177
9663 -0.163275
9664 -0.189435
9665 -0.191078
9666 -0.159884
9667 -0.174722
9668 -0.137089
9669 -0.174775
9670 -0.154189
9671 -0.199767
9672 -0.193757
9673 -0.169183
9674 -0.177551
9675 -0.182475
9676 -0.165259
9677 -0.187091
9678 -0.177898
9679 -0.196844
9680 -0.157366
9681 -0.189219
9682 -0.170431
9683 -0.174977
9684 -0.161768
9685 -0.182597
9686 -0.174454
9687 -0.184769
9688 -0.180932
9689 -0.165702
9690 -0.181549
9691 -0.202666
9692 -0.16478
9693 -0.184298
9694 -0.192213
9695 -0.178931
9696 -0.182689
9697 -0.153672
9698 -0.187213
9699 -0.180216
9700 -0.166107
9701 -0.183109
9702 -0.201776
9703 -0.183725
9704 -0.177196
9705 -0.164057
9706 -0.16574
9707 -0.185659
9708 -0.160657
9709 -0.17182
9710 -0.20834
9711 -0.196875
9712 -0.190688
9713 -0.176091
9714 -0.18151
9715 -0.153698
9716 -0.195052
9717 -0.180691
9718 -0.167798
9719 -0.202173
9720 -0.168326
9721 -0.177402
9722 -0.142471
9723 -0.182321
9724 -0.198524
9725 -0.187753
9726 -0.162841
9727 -0.203063
9728 -0.162881
9729 -0.190695
9730 -0.175219
9731 -0.150488
9732 -0.191274
9733 -0.172855
9734 -0.162844
9735 -0.163362
9736 -0.173045
9737 -0.152567
9738 -0.16447
9739 -0.174272
9740 -0.183719
9741 -0.13301
9742 -0.181395
9743 -0.191287
9744 -0.163528
9745 -0.183937
9746 -0.195316
9747 -0.142458
9748 -0.211772
9749 -0.181386
9750 -0.198306
9751 -0.17922
9752 -0.163253
9753 -0.156864
9754 -0.193372
9755 -0.196891
9756 -0.195657
9757 -0.19283
9758 -0.170952
9759 -0.186815
9760 -0.176548
9761 -0.193677
9762 -0.161415
9763 -0.164636
9764 -0.192216
9765 -0.165948
9766 -0.17058
9767 -0.152648
9768 -0.182908
9769 -0.163353
9770 -0.184116
9771 -0.149214
9772 -0.156284
9773 -0.155601
9774 -0.16203
9775 -0.144752
9776 -0.20015
9777 -0.202583
9778 -0.15486
9779 -0.164507
9780 -0.186206
9781 -0.203078
9782 -0.180282
9783 -0.165639
9784 -0.167412
9785 -0.184199
9786 -0.142698
9787 -0.167946
9788 -0.166006
9789 -0.193809
9790 -0.161985
9791 -0.168361
9792 -0.154122
9793 -0.189505
9794 -0.187849
9795 -0.198117
9796 -0.171125
9797 -0.169434
9798 -0.171469
9799 -0.162592
9800 -0.177273
9801 -0.200908
9802 -0.150465
9803 -0.164882
9804 -0.183533
9805 -0.175373
9806 -0.172682
9807 -0.17406
9808 -0.169551
9809 -0.173445
9810 -0.196514
9811 -0.154742
9812 -0.176617
9813 -0.200264
9814 -0.172061
9815 -0.195424
9816 -0.198898
9817 -0.156042
9818 -0.168608
9819 -0.181914
9820 -0.166286
9821 -0.189809
9822 -0.154678
9823 -0.161104
9824 -0.162394
9825 -0.195508
9826 -0.206435
9827 -0.160306
9828 -0.160481
9829 -0.182141
9830 -0.194459
9831 -0.199219
9832 -0.169736
9833 -0.171541
9834 -0.194986
9835 -0.197185
9836 -0.184133
9837 -0.208252
9838 -0.181185
9839 -0.151887
9840 -0.188158
9841 -0.180572
9842 -0.16796
9843 -0.168817
9844 -0.163397
9845 -0.203683
9846 -0.191037
9847 -0.176125
9848 -0.188062
9849 -0.202383
9850 -0.196475
9851 -0.166736
9852 -0.178743
9853 -0.165396
9854 -0.151156
9855 -0.205002
9856 -0.197335
9857 -0.179587
9858 -0.139856
9859 -0.151568
9860 -0.161417
9861 -0.175146
9862 -0.187821
9863 -0.19513
9864 -0.174821
9865 -0.195989
9866 -0.170805
9867 -0.169211
9868 -0.165092
9869 -0.167583
9870 -0.169476
9871 -0.155159
9872 -0.199782
9873 -0.168688
9874 -0.1444
9875 -0.186785
9876 -0.165456
9877 -0.17294
9878 -0.160615
9879 -0.160772
9880 -0.202564
9881 -0.201637
9882 -0.176125
9883 -0.181631
9884 -0.167542
9885 -0.204644
9886 -0.203389
9887 -0.203847
9888 -0.165646
9889 -0.181457
9890 -0.186692
9891 -0.166033
9892 -0.175352
9893 -0.182417
9894 -0.194991
9895 -0.194622
9896 -0.181764
9897 -0.17649
9898 -0.195873
9899 -0.2031
9900 -0.179363
9901 -0.175997
9902 -0.175256
9903 -0.185077
9904 -0.166929
9905 -0.169022
9906 -0.164149
9907 -0.184273
9908 -0.198552
9909 -0.180723
9910 -0.174031
9911 -0.18067
9912 -0.197745
9913 -0.161518
9914 -0.180766
9915 -0.179945
9916 -0.211449
9917 -0.177576
9918 -0.173559
9919 -0.177852
9920 -0.181088
9921 -0.171426
9922 -0.166071
9923 -0.175069
9924 -0.146931
9925 -0.164028
9926 -0.146017
9927 -0.174123
9928 -0.181596
9929 -0.178546
9930 -0.169534
9931 -0.17999
9932 -0.190326
9933 -0.198259
9934 -0.167579
9935 -0.158505
9936 -0.170843
9937 -0.136206
9938 -0.190136
9939 -0.207327
9940 -0.194454
9941 -0.164025
9942 -0.183182
9943 -0.16729
9944 -0.179015
9945 -0.181676
9946 -0.174949
9947 -0.201885
9948 -0.176712
9949 -0.175025
9950 -0.15214
9951 -0.168965
9952 -0.165261
9953 -0.188831
9954 -0.189304
9955 -0.191394
9956 -0.175714
9957 -0.195243
9958 -0.181982
9959 -0.156434
9960 -0.153702
9961 -0.176783
9962 -0.167677
9963 -0.201032
9964 -0.183976
9965 -0.194999
9966 -0.179108
9967 -0.187192
9968 -0.155177
9969 -0.191155
9970 -0.158351
9971 -0.172874
9972 -0.172824
9973 -0.179133
9974 -0.20342
9975 -0.175566
9976 -0.168288
9977 -0.17075
9978 -0.186862
9979 -0.158776
9980 -0.178939
9981 -0.172844
9982 -0.175457
9983 -0.136267
9984 -0.18371
9985 -0.170237
9986 -0.184146
9987 -0.147662
9988 -0.182061
9989 -0.192216
9990 -0.17016
9991 -0.173497
9992 -0.207055
9993 -0.198193
9994 -0.194299
9995 -0.190873
9996 -0.200548
9997 -0.183804
9998 -0.176113
9999 -0.157733
10000 -0.191211
