9001 0.0043171
9002 -0.0340054
9003 -0.028459
9004 -0.0198599
9005 -0.0206441
9006 0.0155091
9007 -0.0525883
9008 -0.0377165
9009 -0.018022
9010 -0.0744379
9011 -0.00924469
9012 -0.0455473
9013 0.0267944
9014 -0.0369978
9015 -0.0493986
9016 -0.0374933
9017 -0.035885
9018 -0.0260467
9019 -0.00460411
9020 -0.0620205
9021 -0.0586059
9022 -0.00065729
9023 -0.0509865
9024 -0.0330287
9025 -0.0676643
9026 -0.061766
9027 -0.0755489
9028 -0.0578492
9029 -0.0519668
9030 -0.0153689
9031 0.026659
9032 -0.0725159
9033 0.024463
9034 -0.0424423
9035 -0.0778031
9036 -0.0206947
9037 -0.071065
9038 -0.0478843
9039 -0.0302163
9040 -0.0406119
9041 -0.081291
9042 -0.00130672
9043 -0.00249065
9044 -0.0237098
9045 -0.0268625
9046 -0.0253398
9047 -0.0382647
9048 -0.020914
9049 0.028556
9050 -0.0279342
9051 -0.0390445
9052 -0.0125826
9053 -0.0238337
9054 -0.0129874
9055 -0.0177524
9056 -0.0100637
9057 -0.0382757
9058 0.0203419
9059 -0.00688843
9060 0.0289155
9061 -0.014655
9062 -0.0472498
9063 -0.0312846
9064 0.0197457
9065 0.019612
9066 -0.0511613
9067 -0.00563
9068 -0.0217748
9069 -0.0538817
9070 -0.0585885
9071 -0.0886868
9072 -0.0254588
9073 -0.0614004
9074 -0.00133593
9075 -0.00111624
9076 -0.0422301
9077 -0.0253702
9078 0.0246213
9079 -0.0774906
9080 -0.035345
9081 0.0426423
9082 -0.0706303
9083 -0.029276
9084 -0.0262735
9085 -0.0139817
9086 -0.00837704
9087 -0.0442902
9088 -0.0318163
9089 0.0063971
9090 -0.00215345
9091 -0.0137286
9092 0.0653659
9093 -0.0751556
9094 -0.0361753
9095 -0.0421697
9096 -0.0251112
9097 0.0556314
9098 -0.0778714
9099 -0.0678927
9100 -0.00886719
9101 0.0127195
9102 -0.0529096
9103 -0.0223492
9104 0.00914792
9105 -0.0618992
9106 -0.0303661
9107 -0.0440505
9108 -0.0224107
9109 -0.0469929
9110 -0.0808878
9111 0.00909952
9112 -0.0383379
9113 0.00364514
9114 0.00806306
9115 0.0190154
9116 -0.00572026
9117 -0.0384724
9118 -0.0872885
9119 -0.0476746
9120 -0.0511219
9121 0.0108641
9122 -0.0344878
9123 -0.0317581
9124 -0.0101139
9125 -0.0906895
9126 0.0253461
9127 -0.0336254
9128 -0.000655617
9129 -0.0121683
9130 -0.10526
9131 -0.0235704
9132 0.00542064
9133 -0.0405315
9134 -0.0558114
9135 -0.017945
9136 -0.00182396
9137 0.0426586
9138 -0.0653904
9139 -0.0384966
9140 0.0100514
9141 -0.0679161
9142 0.0283292
9143 -0.012735
9144 -0.0130914
9145 -0.066199
9146 -0.0192958
9147 -0.0356513
9148 -0.0140205
9149 0.0389648
9150 -0.062809
9151 -0.0107285
9152 -0.00622197
9153 -0.0388203
9154 -0.0775486
9155 -0.0210795
9156 -0.0191151
9157 -0.0743712
9158 -0.0407897
9159 -0.0623127
9160 -0.0957849
9161 -0.0394326
9162 0.014823
9163 -0.0204023
9164 -0.0596326
9165 -0.0151558
9166 -0.0146152
9167 -0.0291604
9168 -0.0331023
9169 0.00901505
9170 0.00771447
9171 -0.0850151
9172 0.0140351
9173 -0.0256411
9174 -0.0482243
9175 -0.0307187
9176 0.0243218
9177 -0.0583839
9178 -0.0502031
9179 0.0271787
9180 -0.0242796
9181 0.0385824
9182 -0.0749422
9183 -0.0175769
9184 -0.0309049
9185 0.0154771
9186 -0.0589893
9187 -0.0366525
9188 -0.00561393
9189 -0.0216756
9190 -0.0781722
9191 0.0073033
9192 -0.0618788
9193 -0.0119045
9194 0.00937126
9195 -0.0469772
9196 -0.0377617
9197 -0.0132238
9198 0.0297214
9199 -0.0485938
9200 -0.0421658
9201 0.000489195
9202 -0.0390419
9203 0.0120282
9204 -0.0102681
9205 -0.0155821
9206 -0.0166353
9207 -0.0744354
9208 -0.0677141
9209 -0.0656916
9210 -0.0282596
9211 -0.036973
9212 -0.0132711
9213 -0.0348984
9214 0.0250785
9215 -0.0603016
9216 -0.00896247
9217 0.00264587
9218 -0.0241542
9219 0.047893
9220 0.000135797
9221 -0.0354475
9222 -0.0162382
9223 -0.00319938
9224 -0.0167874
9225 -0.012139
9226 -0.0259396
9227 -0.0490314
9228 -0.0407996
9229 -0.0561028
9230 0.0369865
9231 -0.032786
9232 0.0131169
9233 0.0390602
9234 -0.0295324
9235 -0.0482717
9236 -0.070545
9237 -0.0153541
9238 -0.0235368
9239 -0.0289693
9240 -0.0259939
9241 -0.0192009
9242 -0.0608584
9243 0.0258751
9244 -0.0653778
9245 -0.0456767
9246 -0.0518227
9247 -0.0500743
9248 0.0103792
9249 -0.0285681
9250 0.00460675
9251 -0.0192355
9252 -0.0459746
9253 0.0240846
9254 -0.0255785
9255 0.0124894
9256 0.0322524
9257 -0.0222157
9258 -0.0252231
9259 0.0107128
9260 -0.033823
9261 -0.0767348
9262 -0.0265386
9263 0.0187308
9264 -0.0704946
9265 -0.0664883
9266 0.0172054
9267 -0.0421628
9268 0.00630528
9269 -0.0243964
9270 0.0318596
9271 -0.0483055
9272 -0.0602052
9273 -0.0547607
9274 -0.0432348
9275 0.00967731
9276 -0.0507211
9277 -0.0195317
9278 0.00248368
9279 -0.0782127
9280 -0.00211185
9281 0.0211382
9282 0.00521663
9283 0.0132475
9284 -0.0541951
9285 -0.00834668
9286 0.00441307
9287 -0.0707141
9288 0.000331118
9289 -0.0511814
9290 0.0149677
9291 -0.00520555
9292 -0.107364
9293 0.0145067
9294 -0.0309676
9295 0.0757878
9296 0.0228216
9297 -0.055366
9298 0.0152092
9299 -0.0133417
9300 -0.0327243
9301 -0.005973
9302 -0.0238234
9303 -0.00632288
9304 -0.0462555
9305 0.00398221
9306 -0.0157035
9307 -0.0760644
9308 -0.0228244
9309 -0.0731238
9310 0.00559472
9311 -0.0171885
9312 -0.0744722
9313 0.00438765
9314 -0.0185915
9315 -0.0431905
9316 -0.032287
9317 -0.0312359
9318 -0.014982
9319 -0.0238821
9320 0.0112327
9321 -0.00162502
9322 0.00594475
9323 -0.0271459
9324 0.00307653
9325 0.00259407
9326 -0.0394348
9327 -0.020921
9328 -0.0108577
9329 -0.0626771
9330 -0.0722774
9331 0.0228443
9332 -0.0418386
9333 0.0285658
9334 -0.0118135
9335 0.000124523
9336 -0.0218283
9337 -0.00958305
9338 -0.0492052
9339 -0.032191
9340 -0.0112885
9341 -0.0853421
9342 -0.0413287
9343 -0.00167035
9344 -0.0216608
9345 0.0323289
9346 0.0292887
9347 -0.0332912
9348 -0.0537748
9349 -0.0125677
9350 -0.00375082
9351 -0.0476048
9352 0.0324612
9353 -0.0421441
9354 -0.0229495
9355 -0.0551519
9356 0.0141704
9357 -0.00490656
9358 0.0107051
9359 -0.0458579
9360 0.0263037
9361 -0.0155053
9362 -0.0498381
9363 -0.0515897
9364 -0.0684754
9365 -0.00164356
9366 -0.0142072
9367 -0.0141504
9368 -0.0145863
9369 0.0185843
9370 -0.0386695
9371 -0.068495
9372 -0.0623156
9373 0.00761611
9374 -0.00501912
9375 -0.00922343
9376 0.0241744
9377 -0.0473307
9378 0.0356153
9379 -0.0506177
9380 -0.0358453
9381 0.0097839
9382 -0.0262362
9383 0.0344578
9384 -0.0541794
9385 0.0194917
9386 0.0191926
9387 0.0100239
9388 -0.034348
9389 -0.0774071
9390 -0.00724791
9391 -0.0515559
9392 -0.00816182
9393 -0.0377685
9394 -0.0784203
9395 -0.042969
9396 0.0123481
9397 -0.0278762
9398 -0.020414
9399 -0.00969916
9400 -0.101509
9401 0.0034431
9402 -0.0952466
9403 -0.002569
9404 -0.0138604
9405 0.0131169
9406 -0.0708561
9407 -0.0292692
9408 -0.0184294
9409 -0.0565973
9410 -0.0335275
9411 -0.0562819
9412 -0.0575932
9413 0.032763
9414 -0.0223366
9415 0.0045578
9416 0.0167824
9417 -0.0431864
9418 -0.0237142
9419 -0.037556
9420 -0.051971
9421 -0.024224
9422 0.0421448
9423 -0.0140322
9424 -0.0318259
9425 0.00902301
9426 0.00178388
9427 0.031625
9428 0.0014658
9429 -0.0264629
9430 0.0272094
9431 -0.00485279
9432 -0.071974
9433 0.0280724
9434 -0.0393383
9435 -0.0726135
9436 -0.0184471
9437 -0.0315652
9438 0.0372771
9439 -0.00332175
9440 -0.0422592
9441 -0.0858943
9442 0.0306727
9443 0.106414
9444 -0.016952
9445 -0.0245055
9446 -0.0240601
9447 -0.0241966
9448 -0.00662165
9449 -0.0678571
9450 0.033661
9451 -0.0173274
9452 -0.0602317
9453 -0.0554646
9454 0.0499857
9455 -0.0612366
9456 0.00177491
9457 0.0215503
9458 -0.0437286
9459 0.00228823
9460 -0.00497137
9461 -0.0318181
9462 -0.0137807
9463 -0.0715575
9464 -0.0183886
9465 -0.00629104
9466 -0.00251766
9467 -0.0125344
9468 -0.0448014
9469 -0.02394
9470 -0.0197098
9471 0.017804
9472 -0.0329162
9473 -0.0252362
9474 -0.02248
9475 -0.048226
9476 0.0383937
9477 -0.0146126
9478 -0.0444456
9479 -0.0288287
9480 -0.0126805
9481 -0.0550294
9482 0.00667016
9483 0.00594536
9484 -0.0261203
9485 0.00804196
9486 -0.0257864
9487 -0.0141434
9488 -0.0201642
9489 0.046504
9490 -0.0261621
9491 0.00419913
9492 -0.00928771
9493 -0.0238109
9494 -0.0484928
9495 -0.0390219
9496 0.0141014
9497 -0.087654
9498 -0.0219816
9499 -0.0778759
9500 -0.0520339
9501 0.0282218
9502 -0.0769153
9503 -0.0355756
9504 0.0160816
9505 -0.00637939
9506 -0.0639433
9507 -0.0325123
9508 0.00765511
9509 -0.0447762
9510 -0.00395226
9511 0.0158071
9512 -0.0844033
9513 -0.00829973
9514 -0.0211957
9515 -0.053537
9516 -0.0155171
9517 -0.0313072
9518 -0.0110257
9519 -0.069514
9520 -0.0391888
9521 -0.0661527
9522 -0.0447325
9523 0.020236
9524 -0.0168654
9525 -0.0309861
9526 -0.0310713
9527 0.012822
9528 -0.00321805
9529 -0.0537945
9530 -0.0126527
9531 -0.0317996
9532 -0.000725572
9533 0.0102383
9534 -0.0321596
9535 -0.0384107
9536 0.00924298
9537 -0.0443914
9538 -0.0297702
9539 -0.0304566
9540 0.00938195
9541 0.041865
9542 -0.0279121
9543 -0.0309266
9544 -0.0610255
9545 -0.0226687
9546 -0.0108471
9547 -0.0198164
9548 -0.066303
9549 -0.0524832
9550 -0.00379208
9551 0.0148157
9552 0.0466627
9553 -0.00650314
9554 -0.0120595
9555 0.0223867
9556 -0.06769
9557 0.0635465
9558 -0.0320125
9559 0.0150815
9560 -0.0294146
9561 -0.0066642
9562 0.0459985
9563 -0.0154866
9564 -0.0039323
9565 -0.0437776
9566 -0.0149008
9567 0.0569295
9568 -0.0871095
9569 0.0497025
9570 -0.0313625
9571 0.0125865
9572 -0.0522638
9573 -0.0372781
9574 -0.0226767
9575 -0.0309722
9576 -0.0220339
9577 -0.0160021
9578 -0.0478271
9579 -0.0243943
9580 -0.0299231
9581 -0.0614716
9582 0.00563341
9583 -0.0369344
9584 -0.036699
9585 -0.0111667
9586 0.0238217
9587 -0.071364
9588 -0.0545285
9589 -0.0263385
9590 -0.0338099
9591 -0.0464915
9592 -0.0458635
9593 0.00640368
9594 0.0149486
9595 0.0122425
9596 -0.0132515
9597 -0.00889368
9598 -0.00221941
9599 -0.0988392
9600 -0.0344025
9601 -0.0747453
9602 0.00434819
9603 -0.0358119
9604 0.00706231
9605 -0.00978189
9606 -0.0469781
9607 -0.0289676
9608 -0.0666339
9609 -0.0432802
9610 -0.0609984
9611 -0.0232944
9612 -0.0325831
9613 0.0194348
9614 -0.0252387
9615 -0.00639066
9616 -0.0261915
9617 -0.0527781
9618 -0.0562357
9619 -0.013474
9620 0.0292466
9621 -0.0160124
9622 -0.039366
9623 -0.00478699
9624 -0.0373124
9625 0.00500922
9626 -0.0112623
9627 -0.0297623
9628 -0.0296236
9629 -0.0240783
9630 0.0169346
9631 -0.0379832
9632 -0.0137346
9633 -0.00881519
9634 -0.0438761
9635 -0.0765762
9636 0.0017151
9637 0.00342915
9638 -0.014056
9639 -0.0222232
9640 -0.0608109
9641 0.00186427
9642 -0.0664357
9643 -0.0324364
9644 -0.0484774
9645 0.0717237
9646 0.011457
9647 0.0324898
9648 0.0093302
9649 -0.038568
9650 -0.0317819
9651 -0.0377225
9652 0.00535528
9653 -0.0181717
9654 -0.0133607
9655 0.0129115
9656 0.0148038
9657 -0.0284155
9658 -0.0255763
9659 -0.023804
9660 -0.072522
9661 -0.00401008
9662 0.0304206
9663 0.0139964
9664 -0.0167615
9665 0.0304257
9666 0.00644636
9667 -0.0179119
9668 -0.033855
9669 0.0333307
9670 -0.0385827
9671 -0.0191871
9672 -0.0180813
9673 -0.0172533
9674 -0.00951056
9675 -0.00253547
9676 0.0234245
9677 -0.0059892
9678 -0.00349547
9679 -0.0741145
9680 -0.0224468
9681 -0.0399255
9682 -0.0181634
9683 -0.053867
9684 -0.0569034
9685 -0.0550258
9686 -0.00239426
9687 -0.00514715
9688 -0.0403484
9689 -0.0124539
9690 -0.0172093
9691 0.00743099
9692 -0.024172
9693 -0.0407427
9694 -0.0573566
9695 0.0169437
9696 0.00611672
9697 -0.019504
9698 -0.0285263
9699 -0.0905179
9700 -0.0298506
9701 -0.0725369
9702 -0.0145853
9703 -0.0320277
9704 -0.0115563
9705 -0.0223697
9706 0.0242272
9707 -0.090351
9708 -0.0198638
9709 -0.0415421
9710 -0.0439541
9711 -0.0908521
9712 0.0240752
9713 -0.0188467
9714 -0.0123683
9715 -0.0432214
9716 -0.0718354
9717 -0.0674995
9718 -0.00733143
9719 -0.0115489
9720 0.0074188
9721 0.000715013
9722 -0.0108463
9723 -0.0236635
9724 -0.0384418
9725 0.00454599
9726 -0.0588018
9727 -0.0656351
9728 -0.0187419
9729 0.00253326
9730 0.0358269
9731 -0.0234083
9732 0.00870323
9733 0.00312408
9734 0.00695647
9735 0.00686458
9736 -0.0121545
9737 -0.0268509
9738 -0.024983
9739 0.0239643
9740 -0.0418479
9741 -0.0418186
9742 -0.00590297
9743 -0.0630336
9744 0.0161018
9745 0.0283089
9746 0.00103402
9747 -0.011072
9748 -0.10634
9749 -0.0227498
9750 -0.0404367
9751 -0.0102414
9752 0.00715087
9753 -0.0530128
9754 -0.0676698
9755 -0.0285811
9756 -0.00488092
9757 -0.0686868
9758 -0.01432
9759 -0.041436
9760 -0.0195067
9761 -0.0116035
9762 -0.042416
9763 -0.0667445
9764 -0.0420204
9765 0.0144256
9766 -0.0402553
9767 -0.0303967
9768 -0.0330472
9769 -0.00734827
9770 -0.00791858
9771 -0.016868
9772 -0.0180984
9773 -0.0448048
9774 -0.0479384
9775 -0.0146334
9776 -0.0854165
9777 -0.0632749
9778 -0.0151235
9779 -0.0257229
9780 -0.0705482
9781 0.03621
9782 -0.0757382
9783 -0.0499225
9784 -0.048898
9785 -0.00541214
9786 -0.0427763
9787 -0.00672091
9788 0.0324664
9789 0.0321962
9790 0.00548879
9791 -0.0652454
9792 -0.0145059
9793 -0.0429158
9794 0.026491
9795 -0.00373207
9796 -0.0372313
9797 -0.0338724
9798 -0.0538075
9799 0.0236801
9800 0.00365424
9801 -0.0248334
9802 -0.0038926
9803 -0.00244929
9804 0.041689
9805 -0.0438547
9806 -0.0110415
9807 0.0017875
9808 -0.0364763
9809 0.000803538
9810 -0.0563163
9811 0.0280246
9812 -0.0322368
9813 -0.0121921
9814 0.0130544
9815 -0.0308097
9816 -0.0634094
9817 -0.0309599
9818 0.013994
9819 -0.0281491
9820 0.00851709
9821 -0.00655858
9822 -0.00836749
9823 -0.0136354
9824 -0.0271947
9825 0.0466615
9826 -0.102258
9827 0.0256834
9828 -0.0270348
9829 -0.0309888
9830 -0.0284955
9831 -0.0112753
9832 -0.0238981
9833 -0.0141758
9834 0.00565749
9835 -0.0873764
9836 -0.071227
9837 -0.031337
9838 -0.0805243
9839 -0.0209616
9840 -0.0090458
9841 -0.0449168
9842 0.00818898
9843 0.0149964
9844 -0.0225349
9845 -0.100475
9846 -0.00437169
9847 0.0275177
9848 0.0145938
9849 0.0435508
9850 -0.0749577
9851 -0.0318226
9852 0.0235136
9853 -0.0200264
9854 -0.0215903
9855 0.0818606
9856 0.0405634
9857 -0.0588578
9858 -0.0228597
9859 -0.0197383
9860 0.0139129
9861 -0.0813616
9862 -0.0640911
9863 -0.0700827
9864 -0.048507
9865 -0.0243654
9866 -0.0453179
9867 -0.0150906
9868 -0.0040785
9869 0.0187362
9870 -0.0263466
9871 -0.0441891
9872 -0.0534509
9873 -0.00269331
9874 0.0200034
9875 -0.071426
9876 0.00249432
9877 -0.0315237
9878 -0.054818
9879 -0.00401109
9880 -0.0963306
9881 -0.0465687
9882 -0.0226419
9883 0.00239039
9884 -0.0667758
9885 -0.0923311
9886 -0.100533
9887 -0.102481
9888 -0.042355
9889 0.0149805
9890 0.01052
9891 0.0189506
9892 0.0209679
9893 -0.0180027
9894 0.0154684
9895 0.0325817
9896 -0.0815123
9897 0.00835411
9898 -0.0811405
9899 0.00738704
9900 -0.0674202
9901 0.00624427
9902 -0.0233034
9903 -0.0189693
9904 0.00623957
9905 -0.0101422
9906 -0.0124921
9907 -0.0379124
9908 -0.03982
9909 -0.0193706
9910 -0.0438883
9911 0.0103642
9912 -0.0639543
9913 -0.0265738
9914 -0.0634756
9915 -0.029754
9916 -0.0882616
9917 -0.00823792
9918 -0.0127178
9919 0.00813707
9920 -0.00198137
9921 0.000165775
9922 -0.0497249
9923 0.00930019
9924 -0.0224281
9925 -0.00253369
9926 -0.0190921
9927 0.0131096
9928 -0.0296531
9929 -0.00360892
9930 -0.00889845
9931 0.0241144
9932 0.00333746
9933 0.0294007
9934 -0.0323903
9935 0.00638205
9936 -0.0163131
9937 -0.025787
9938 0.012661
9939 0.00811629
9940 0.00895374
9941 -0.0295308
9942 -0.0929069
9943 0.00169754
9944 -0.0183184
9945 -0.0289639
9946 -0.00218564
9947 -0.0558022
9948 -0.0296501
9949 -0.0478144
9950 0.0132833
9951 -0.0367255
9952 -0.0130283
9953 -0.0277445
9954 -0.0468703
9955 -0.0595989
9956 -0.0201248
9957 0.0175792
9958 -0.0708558
9959 -0.0107935
9960 -0.0151284
9961 0.0104823
9962 0.0270237
9963 -0.0586666
9964 -0.0556644
9965 -0.0922291
9966 -0.0110713
9967 0.0098092
9968 -0.0157107
9969 -0.00942105
9970 -0.0609341
9971 0.0413016
9972 0.0276485
9973 0.020331
9974 -0.0500306
9975 -0.0171824
9976 0.00895196
9977 -0.0180767
9978 -0.0508887
9979 -0.019914
9980 -0.0198803
9981 0.005898
9982 -0.0164661
9983 -0.0238508
9984 0.0362637
9985 -0.047274
9986 -0.0806609
9987 -0.0294301
9988 -0.0411083
9989 -0.0373016
9990 -0.0159651
9991 0.0167948
9992 -0.0927954
9993 -0.0508491
9994 -0.0768849
9995 0.0232603
9996 -0.07351
9997 -0.0447981
9998 -0.00639454
9999 -0.00816822
10000 0.042519
