18001 -0.166601
18002 -0.209893
18003 -0.170738
18004 -0.161551
18005 -0.187563
18006 -0.195814
18007 -0.190588
18008 -0.20036
18009 -0.173536
18010 -0.173621
18011 -0.173246
18012 -0.190543
18013 -0.186287
18014 -0.166914
18015 -0.19599
18016 -0.170749
18017 -0.173752
18018 -0.176683
18019 -0.156365
18020 -0.155944
18021 -0.195555
18022 -0.171326
18023 -0.189979
18024 -0.162429
18025 -0.175285
18026 -0.162052
18027 -0.191506
18028 -0.180383
18029 -0.17448
18030 -0.154235
18031 -0.143279
18032 -0.162901
18033 -0.196795
18034 -0.172311
18035 -0.158674
18036 -0.179766
18037 -0.188354
18038 -0.174144
18039 -0.177246
18040 -0.169939
18041 -0.187859
18042 -0.179098
18043 -0.179434
18044 -0.168739
18045 -0.195044
18046 -0.192178
18047 -0.187727
18048 -0.183174
18049 -0.191627
18050 -0.179463
18051 -0.186855
18052 -0.192399
18053 -0.184817
18054 -0.175073
18055 -0.167651
18056 -0.199213
18057 -0.166714
18058 -0.14415
18059 -0.144157
18060 -0.198171
18061 -0.168406
18062 -0.158946
18063 -0.15329
18064 -0.151091
18065 -0.157527
18066 -0.170655
18067 -0.200171
18068 -0.182973
18069 -0.172497
18070 -0.140434
18071 -0.174158
18072 -0.163424
18073 -0.155265
18074 -0.204554
18075 -0.194
18076 -0.180926
18077 -0.198848
18078 -0.194907
18079 -0.169806
18080 -0.202482
18081 -0.152002
18082 -0.166322
18083 -0.210069
18084 -0.190108
18085 -0.161828
18086 -0.199176
18087 -0.155502
18088 -0.16621
18089 -0.19148
18090 -0.174619
18091 -0.173117
18092 -0.198184
18093 -0.194452
18094 -0.146595
18095 -0.170275
18096 -0.16119
18097 -0.199927
18098 -0.184385
18099 -0.196089
18100 -0.167994
18101 -0.158864
18102 -0.200469
18103 -0.174213
18104 -0.157384
18105 -0.194156
18106 -0.196817
18107 -0.178736
18108 -0.163751
18109 -0.186571
18110 -0.154714
18111 -0.146337
18112 -0.200366
18113 -0.169468
18114 -0.187206
18115 -0.168377
18116 -0.165297
18117 -0.19313
18118 -0.195027
18119 -0.204058
18120 -0.201362
18121 -0.164044
18122 -0.204328
18123 -0.147297
18124 -0.163244
18125 -0.163189
18126 -0.184685
18127 -0.195029
18128 -0.173945
18129 -0.19587
18130 -0.173694
18131 -0.196318
18132 -0.185436
18133 -0.173713
18134 -0.156196
18135 -0.18516
18136 -0.193588
18137 -0.193478
18138 -0.180226
18139 -0.165972
18140 -0.197212
18141 -0.156195
18142 -0.173607
18143 -0.172586
18144 -0.184846
18145 -0.185438
18146 -0.167566
18147 -0.157933
18148 -0.189261
18149 -0.183773
18150 -0.143439
18151 -0.184648
18152 -0.164495
18153 -0.160179
18154 -0.194231
18155 -0.192585
18156 -0.176418
18157 -0.168831
18158 -0.162502
18159 -0.173586
18160 -0.167597
18161 -0.185111
18162 -0.19458
18163 -0.191353
18164 -0.203719
18165 -0.200744
18166 -0.182698
18167 -0.181723
18168 -0.191305
18169 -0.194737
18170 -0.184661
18171 -0.166613
18172 -0.196004
18173 -0.181282
18174 -0.179698
18175 -0.189159
18176 -0.201926
18177 -0.167889
18178 -0.179559
18179 -0.196117
18180 -0.184287
18181 -0.173374
18182 -0.183323
18183 -0.195079
18184 -0.17909
18185 -0.167534
18186 -0.184032
18187 -0.179239
18188 -0.176158
18189 -0.201032
18190 -0.16478
18191 -0.184433
18192 -0.184325
18193 -0.177091
18194 -0.169035
18195 -0.198684
18196 -0.18854
18197 -0.173008
18198 -0.159294
18199 -0.195655
18200 -0.197131
18201 -0.168814
18202 -0.177441
18203 -0.170314
18204 -0.193832
18205 -0.184906
18206 -0.167661
18207 -0.169223
18208 -0.182482
18209 -0.170615
18210 -0.166412
18211 -0.16482
18212 -0.183466
18213 -0.189799
18214 -0.148903
18215 -0.202268
18216 -0.188096
18217 -0.19766
18218 -0.180035
18219 -0.165397
18220 -0.193085
18221 -0.198664
18222 -0.166496
18223 -0.186224
18224 -0.172671
18225 -0.173169
18226 -0.186555
18227 -0.163572
18228 -0.180326
18229 -0.163125
18230 -0.148789
18231 -0.190615
18232 -0.182994
18233 -0.155134
18234 -0.168094
18235 -0.161781
18236 -0.17053
18237 -0.168371
18238 -0.197173
18239 -0.195215
18240 -0.162307
18241 -0.173444
18242 -0.195436
18243 -0.175934
18244 -0.185225
18245 -0.135766
18246 -0.186366
18247 -0.193685
18248 -0.17387
18249 -0.169217
18250 -0.172314
18251 -0.184219
18252 -0.187983
18253 -0.178157
18254 -0.196356
18255 -0.182355
18256 -0.195759
18257 -0.175362
18258 -0.190236
18259 -0.202213
18260 -0.150257
18261 -0.187982
18262 -0.193506
18263 -0.168765
18264 -0.189233
18265 -0.176157
18266 -0.184119
18267 -0.19171
18268 -0.171745
18269 -0.182561
18270 -0.194542
18271 -0.179336
18272 -0.176679
18273 -0.134494
18274 -0.192607
18275 -0.182821
18276 -0.161075
18277 -0.190269
18278 -0.131934
18279 -0.166514
18280 -0.168987
18281 -0.181276
18282 -0.159518
18283 -0.198562
18284 -0.195239
18285 -0.199645
18286 -0.177375
18287 -0.169569
18288 -0.186276
18289 -0.184247
18290 -0.1844
18291 -0.166722
18292 -0.178527
18293 -0.200137
18294 -0.190125
18295 -0.162379
18296 -0.185948
18297 -0.174979
18298 -0.190572
18299 -0.171762
18300 -0.203976
18301 -0.208496
18302 -0.158843
18303 -0.205635
18304 -0.189904
18305 -0.192106
18306 -0.181504
18307 -0.189151
18308 -0.188648
18309 -0.18999
18310 -0.183387
18311 -0.157446
18312 -0.183172
18313 -0.17922
18314 -0.186303
18315 -0.173791
18316 -0.17819
18317 -0.207894
18318 -0.170513
18319 -0.206227
18320 -0.171267
18321 -0.166838
18322 -0.173676
18323 -0.178622
18324 -0.164266
18325 -0.177437
18326 -0.170362
18327 -0.185426
18328 -0.179658
18329 -0.188663
18330 -0.14825
18331 -0.177056
18332 -0.16087
18333 -0.203925
18334 -0.15502
18335 -0.172901
18336 -0.181163
18337 -0.187573
18338 -0.196021
18339 -0.207854
18340 -0.184539
18341 -0.195583
18342 -0.183307
18343 -0.162115
18344 -0.17854
18345 -0.180576
18346 -0.195145
18347 -0.16522
18348 -0.150842
18349 -0.154358
18350 -0.185757
18351 -0.198906
18352 -0.149165
18353 -0.158462
18354 -0.178723
18355 -0.188355
18356 -0.191765
18357 -0.182119
18358 -0.182985
18359 -0.169442
18360 -0.159094
18361 -0.188276
18362 -0.184723
18363 -0.170293
18364 -0.202545
18365 -0.156481
18366 -0.190234
18367 -0.20195
18368 -0.175496
18369 -0.192152
18370 -0.17653
18371 -0.176342
18372 -0.161956
18373 -0.175563
18374 -0.174911
18375 -0.16787
18376 -0.178415
18377 -0.165221
18378 -0.165056
18379 -0.183932
18380 -0.175091
18381 -0.183346
18382 -0.171032
18383 -0.175282
18384 -0.174994
18385 -0.172703
18386 -0.191678
18387 -0.203855
18388 -0.170276
18389 -0.174351
18390 -0.149275
18391 -0.157138
18392 -0.175159
18393 -0.179908
18394 -0.190558
18395 -0.183382
18396 -0.154853
18397 -0.182279
18398 -0.171672
18399 -0.184835
18400 -0.162741
18401 -0.1687
18402 -0.172113
18403 -0.182282
18404 -0.196116
18405 -0.184694
18406 -0.189936
18407 -0.185326
18408 -0.152516
18409 -0.198873
18410 -0.18834
18411 -0.16333
18412 -0.15844
18413 -0.164106
18414 -0.190997
18415 -0.176166
18416 -0.17146
18417 -0.186367
18418 -0.188374
18419 -0.153966
18420 -0.178084
18421 -0.182365
18422 -0.168579
18423 -0.177142
18424 -0.175774
18425 -0.209988
18426 -0.181483
18427 -0.162608
18428 -0.18576
18429 -0.180015
18430 -0.156601
18431 -0.191739
18432 -0.155381
18433 -0.187189
18434 -0.191423
18435 -0.18692
18436 -0.151882
18437 -0.167458
18438 -0.178058
18439 -0.153352
18440 -0.188385
18441 -0.181816
18442 -0.197862
18443 -0.18391
18444 -0.169059
18445 -0.186475
18446 -0.173281
18447 -0.152017
18448 -0.196253
18449 -0.143925
18450 -0.202049
18451 -0.197776
18452 -0.154923
18453 -0.175424
18454 -0.153313
18455 -0.18112
18456 -0.169193
18457 -0.159488
18458 -0.192998
18459 -0.178522
18460 -0.184368
18461 -0.178571
18462 -0.175155
18463 -0.181775
18464 -0.172416
18465 -0.181926
18466 -0.186043
18467 -0.151931
18468 -0.154818
18469 -0.157986
18470 -0.176947
18471 -0.132602
18472 -0.188017
18473 -0.182753
18474 -0.170938
18475 -0.150804
18476 -0.183115
18477 -0.159648
18478 -0.194408
18479 -0.188339
18480 -0.179584
18481 -0.175739
18482 -0.168807
18483 -0.178496
18484 -0.185717
18485 -0.175292
18486 -0.156347
18487 -0.152661
18488 -0.168341
18489 -0.199088
18490 -0.21251
18491 -0.168712
18492 -0.181932
18493 -0.157796
18494 -0.157535
18495 -0.187561
18496 -0.162726
18497 -0.201799
18498 -0.163339
18499 -0.172671
18500 -0.176127
18501 -0.16441
18502 -0.176124
18503 -0.185409
18504 -0.177074
18505 -0.208293
18506 -0.167586
18507 -0.198607
18508 -0.175808
18509 -0.167838
18510 -0.1853
18511 -0.16269
18512 -0.167029
18513 -0.200684
18514 -0.140627
18515 -0.178357
18516 -0.158101
18517 -0.183833
18518 -0.186605
18519 -0.191319
18520 -0.189383
18521 -0.180782
18522 -0.163802
18523 -0.163115
18524 -0.153482
18525 -0.181234
18526 -0.188967
18527 -0.196382
18528 -0.184298
18529 -0.182316
18530 -0.152148
18531 -0.193667
18532 -0.20089
18533 -0.18199
18534 -0.186493
18535 -0.189759
18536 -0.187065
18537 -0.170779
18538 -0.163111
18539 -0.171562
18540 -0.131514
18541 -0.181629
18542 -0.193181
18543 -0.158277
18544 -0.192626
18545 -0.168495
18546 -0.181128
18547 -0.191873
18548 -0.168163
18549 -0.188668
18550 -0.193248
18551 -0.181867
18552 -0.152377
18553 -0.160896
18554 -0.180814
18555 -0.207915
18556 -0.165873
18557 -0.188934
18558 -0.150938
18559 -0.171984
18560 -0.202032
18561 -0.181377
18562 -0.180754
18563 -0.163307
18564 -0.193409
18565 -0.148813
18566 -0.167721
18567 -0.180077
18568 -0.135853
18569 -0.188179
18570 -0.188536
18571 -0.172984
18572 -0.161753
18573 -0.189144
18574 -0.192049
18575 -0.17474
18576 -0.178655
18577 -0.170741
18578 -0.166108
18579 -0.154737
18580 -0.168069
18581 -0.148457
18582 -0.162286
18583 -0.188767
18584 -0.164416
18585 -0.186899
18586 -0.180989
18587 -0.191153
18588 -0.203241
18589 -0.171778
18590 -0.18297
18591 -0.158558
18592 -0.194956
18593 -0.191799
18594 -0.169621
18595 -0.194946
18596 -0.172065
18597 -0.15946
18598 -0.206329
18599 -0.159004
18600 -0.187855
18601 -0.204344
18602 -0.19285
18603 -0.174571
18604 -0.191317
18605 -0.163999
18606 -0.175244
18607 -0.164359
18608 -0.171271
18609 -0.157462
18610 -0.171659
18611 -0.153275
18612 -0.172956
18613 -0.155892
18614 -0.16997
18615 -0.179983
18616 -0.20594
18617 -0.170368
18618 -0.149949
18619 -0.198493
18620 -0.19595
18621 -0.187266
18622 -0.165326
18623 -0.147587
18624 -0.179847
18625 -0.184406
18626 -0.191822
18627 -0.174823
18628 -0.188952
18629 -0.196886
18630 -0.161224
18631 -0.165204
18632 -0.147452
18633 -0.206424
18634 -0.159133
18635 -0.166405
18636 -0.192441
18637 -0.167167
18638 -0.173672
18639 -0.200894
18640 -0.176273
18641 -0.174735
18642 -0.195966
18643 -0.165116
18644 -0.180679
18645 -0.16748
18646 -0.198402
18647 -0.171705
18648 -0.189197
18649 -0.156322
18650 -0.165272
18651 -0.195465
18652 -0.180186
18653 -0.176893
18654 -0.201868
18655 -0.179666
18656 -0.144523
18657 -0.154233
18658 -0.205325
18659 -0.185647
18660 -0.198375
18661 -0.176965
18662 -0.197887
18663 -0.190002
18664 -0.182506
18665 -0.188022
18666 -0.173423
18667 -0.1954
18668 -0.198817
18669 -0.177649
18670 -0.18829
18671 -0.190353
18672 -0.16311
18673 -0.167994
18674 -0.157984
18675 -0.187522
18676 -0.206356
18677 -0.191089
18678 -0.172605
18679 -0.151948
18680 -0.150357
18681 -0.17922
18682 -0.202233
18683 -0.198396
18684 -0.174064
18685 -0.171738
18686 -0.160619
18687 -0.190476
18688 -0.179213
18689 -0.156533
18690 -0.176919
18691 -0.181716
18692 -0.192371
18693 -0.172226
18694 -0.179047
18695 -0.205505
18696 -0.1381
18697 -0.172226
18698 -0.153884
18699 -0.157759
18700 -0.172219
18701 -0.179077
18702 -0.177048
18703 -0.199701
18704 -0.152682
18705 -0.169817
18706 -0.184155
18707 -0.199651
18708 -0.196579
18709 -0.159637
18710 -0.185191
18711 -0.178699
18712 -0.19021
18713 -0.160907
18714 -0.172873
18715 -0.190815
18716 -0.177892
18717 -0.175689
18718 -0.164511
18719 -0.17931
18720 -0.172968
18721 -0.163779
18722 -0.176542
18723 -0.179567
18724 -0.167299
18725 -0.171425
18726 -0.195639
18727 -0.149514
18728 -0.186254
18729 -0.180437
18730 -0.197883
18731 -0.165397
18732 -0.174998
18733 -0.181028
18734 -0.194866
18735 -0.181253
18736 -0.199322
18737 -0.168053
18738 -0.161543
18739 -0.190508
18740 -0.17837
18741 -0.189214
18742 -0.184609
18743 -0.175236
18744 -0.168329
18745 -0.164617
18746 -0.184457
18747 -0.148294
18748 -0.190233
18749 -0.155155
18750 -0.174763
18751 -0.16328
18752 -0.182626
18753 -0.179878
18754 -0.156412
18755 -0.177635
18756 -0.17057
18757 -0.176486
18758 -0.148581
18759 -0.185686
18760 -0.165581
18761 -0.144142
18762 -0.184059
18763 -0.17759
18764 -0.168531
18765 -0.200095
18766 -0.1872
18767 -0.172274
18768 -0.158158
18769 -0.174477
18770 -0.163222
18771 -0.17905
18772 -0.146722
18773 -0.166643
18774 -0.179892
18775 -0.150298
18776 -0.179766
18777 -0.190772
18778 -0.186796
18779 -0.191998
18780 -0.169219
18781 -0.192967
18782 -0.185917
18783 -0.199474
18784 -0.177778
18785 -0.195312
18786 -0.190346
18787 -0.196162
18788 -0.194804
18789 -0.141839
18790 -0.194905
18791 -0.164722
18792 -0.203059
18793 -0.16394
18794 -0.193154
18795 -0.182306
18796 -0.157481
18797 -0.183152
18798 -0.184314
18799 -0.192604
18800 -0.173512
18801 -0.172715
18802 -0.210093
18803 -0.184491
18804 -0.173406
18805 -0.176868
18806 -0.183028
18807 -0.204089
18808 -0.176386
18809 -0.149644
18810 -0.188806
18811 -0.146338
18812 -0.195399
18813 -0.150339
18814 -0.197205
18815 -0.154892
18816 -0.163788
18817 -0.160141
18818 -0.180644
18819 -0.186736
18820 -0.193715
18821 -0.164125
18822 -0.148155
18823 -0.194027
18824 -0.200676
18825 -0.195472
18826 -0.178534
18827 -0.194763
18828 -0.183049
18829 -0.173235
18830 -0.177856
18831 -0.19161
18832 -0.178582
18833 -0.175043
18834 -0.16503
18835 -0.158311
18836 -0.192136
18837 -0.154725
18838 -0.170737
18839 -0.179769
18840 -0.176139
18841 -0.202036
18842 -0.153661
18843 -0.168229
18844 -0.187817
18845 -0.203379
18846 -0.196605
18847 -0.173801
18848 -0.181548
18849 -0.155676
18850 -0.191373
18851 -0.209163
18852 -0.159031
18853 -0.17854
18854 -0.198733
18855 -0.171506
18856 -0.162685
18857 -0.145327
18858 -0.174273
18859 -0.185213
18860 -0.163495
18861 -0.191044
18862 -0.179406
18863 -0.173144
18864 -0.177964
18865 -0.163663
18866 -0.156079
18867 -0.170275
18868 -0.184808
18869 -0.162921
18870 -0.146942
18871 -0.161302
18872 -0.184106
18873 -0.196914
18874 -0.156194
18875 -0.160502
18876 -0.192397
18877 -0.171929
18878 -0.199306
18879 -0.168871
18880 -0.165018
18881 -0.15009
18882 -0.19543
18883 -0.187837
18884 -0.172486
18885 -0.160544
18886 -0.181172
18887 -0.155587
18888 -0.194213
18889 -0.192779
18890 -0.169672
18891 -0.19207
18892 -0.192429
18893 -0.162022
18894 -0.158098
18895 -0.166687
18896 -0.183869
18897 -0.198463
18898 -0.16841
18899 -0.198825
18900 -0.163894
18901 -0.17168
18902 -0.158016
18903 -0.168742
18904 -0.169842
18905 -0.178893
18906 -0.178775
18907 -0.163496
18908 -0.177624
18909 -0.178008
18910 -0.177888
18911 -0.14863
18912 -0.185224
18913 -0.166994
18914 -0.203717
18915 -0.186354
18916 -0.143013
18917 -0.17145
18918 -0.194199
18919 -0.173641
18920 -0.193098
18921 -0.188989
18922 -0.162981
18923 -0.194272
18924 -0.171332
18925 -0.160314
18926 -0.16308
18927 -0.172719
18928 -0.19721
18929 -0.175128
18930 -0.181063
18931 -0.166941
18932 -0.20563
18933 -0.169223
18934 -0.186087
18935 -0.176293
18936 -0.159382
18937 -0.136878
18938 -0.208849
18939 -0.194524
18940 -0.17063
18941 -0.177939
18942 -0.186694
18943 -0.149846
18944 -0.177464
18945 -0.192104
18946 -0.181497
18947 -0.161753
18948 -0.196584
18949 -0.156977
18950 -0.167714
18951 -0.156406
18952 -0.19398
18953 -0.18979
18954 -0.192098
18955 -0.151279
18956 -0.181129
18957 -0.182326
18958 -0.149307
18959 -0.186201
18960 -0.192439
18961 -0.150652
18962 -0.180337
18963 -0.168647
18964 -0.174782
18965 -0.146608
18966 -0.163527
18967 -0.184689
18968 -0.161285
18969 -0.157907
18970 -0.157053
18971 -0.160291
18972 -0.18175
18973 -0.161099
18974 -0.168212
18975 -0.168987
18976 -0.154958
18977 -0.128995
18978 -0.19029
18979 -0.172163
18980 -0.185463
18981 -0.155837
18982 -0.167942
18983 -0.18222
18984 -0.192161
18985 -0.187969
18986 -0.168445
18987 -0.176185
18988 -0.198726
18989 -0.145946
18990 -0.192094
18991 -0.161469
18992 -0.169073
18993 -0.163177
18994 -0.18446
18995 -0.182578
18996 -0.158371
18997 -0.176054
18998 -0.175686
18999 -0.171565
19000 -0.171248
