14001 -0.166149
14002 -0.182217
14003 -0.180845
14004 -0.169718
14005 -0.17798
14006 -0.174941
14007 -0.163253
14008 -0.195458
14009 -0.176532
14010 -0.193048
14011 -0.15649
14012 -0.181572
14013 -0.182122
14014 -0.155536
14015 -0.16271
14016 -0.179382
14017 -0.157419
14018 -0.179407
14019 -0.196854
14020 -0.19945
14021 -0.158929
14022 -0.175428
14023 -0.148603
14024 -0.198765
14025 -0.168623
14026 -0.157142
14027 -0.199009
14028 -0.192037
14029 -0.203334
14030 -0.168567
14031 -0.201422
14032 -0.15295
14033 -0.168353
14034 -0.16531
14035 -0.168904
14036 -0.173683
14037 -0.202602
14038 -0.174551
14039 -0.206616
14040 -0.200024
14041 -0.161478
14042 -0.170057
14043 -0.185782
14044 -0.187285
14045 -0.177637
14046 -0.198411
14047 -0.166853
14048 -0.170465
14049 -0.174348
14050 -0.18545
14051 -0.156809
14052 -0.16955
14053 -0.156874
14054 -0.180096
14055 -0.166054
14056 -0.180706
14057 -0.184849
14058 -0.161485
14059 -0.184068
14060 -0.17011
14061 -0.187313
14062 -0.174175
14063 -0.16608
14064 -0.190149
14065 -0.178772
14066 -0.151118
14067 -0.177659
14068 -0.170049
14069 -0.166967
14070 -0.190464
14071 -0.187084
14072 -0.169757
14073 -0.144006
14074 -0.183225
14075 -0.177046
14076 -0.187889
14077 -0.15394
14078 -0.193959
14079 -0.196129
14080 -0.181961
14081 -0.175922
14082 -0.16094
14083 -0.201924
14084 -0.172305
14085 -0.207952
14086 -0.193457
14087 -0.196647
14088 -0.138678
14089 -0.154179
14090 -0.183229
14091 -0.204604
14092 -0.16999
14093 -0.167024
14094 -0.174157
14095 -0.181486
14096 -0.183338
14097 -0.156241
14098 -0.16597
14099 -0.175118
14100 -0.187952
14101 -0.195734
14102 -0.183268
14103 -0.182752
14104 -0.170649
14105 -0.172194
14106 -0.169337
14107 -0.198324
14108 -0.162341
14109 -0.177507
14110 -0.171798
14111 -0.158045
14112 -0.155306
14113 -0.169268
14114 -0.172603
14115 -0.153718
14116 -0.16642
14117 -0.165723
14118 -0.159135
14119 -0.203193
14120 -0.177857
14121 -0.17555
14122 -0.167474
14123 -0.178539
14124 -0.201233
14125 -0.192432
14126 -0.1773
14127 -0.195832
14128 -0.157371
14129 -0.150913
14130 -0.194304
14131 -0.201898
14132 -0.189702
14133 -0.200698
14134 -0.16076
14135 -0.168511
14136 -0.17808
14137 -0.196151
14138 -0.171713
14139 -0.152266
14140 -0.194565
14141 -0.182229
14142 -0.180084
14143 -0.161533
14144 -0.156333
14145 -0.146881
14146 -0.186688
14147 -0.174281
14148 -0.150111
14149 -0.17975
14150 -0.146138
14151 -0.197964
14152 -0.185558
14153 -0.172538
14154 -0.172632
14155 -0.158769
14156 -0.167676
14157 -0.164884
14158 -0.187071
14159 -0.172315
14160 -0.174233
14161 -0.201073
14162 -0.193843
14163 -0.187952
14164 -0.172102
14165 -0.185584
14166 -0.190427
14167 -0.170443
14168 -0.176029
14169 -0.17057
14170 -0.167566
14171 -0.184098
14172 -0.164259
14173 -0.180486
14174 -0.191885
14175 -0.180777
14176 -0.175038
14177 -0.195281
14178 -0.17844
14179 -0.18334
14180 -0.161048
14181 -0.138359
14182 -0.194181
14183 -0.177483
14184 -0.179139
14185 -0.181655
14186 -0.18362
14187 -0.141085
14188 -0.171836
14189 -0.198308
14190 -0.174239
14191 -0.136216
14192 -0.177446
14193 -0.200444
14194 -0.161104
14195 -0.165239
14196 -0.159294
14197 -0.18031
14198 -0.19526
14199 -0.170225
14200 -0.156851
14201 -0.193983
14202 -0.173948
14203 -0.190748
14204 -0.174803
14205 -0.169806
14206 -0.17636
14207 -0.174332
14208 -0.200426
14209 -0.171376
14210 -0.157026
14211 -0.198156
14212 -0.185157
14213 -0.19247
14214 -0.151903
14215 -0.185649
14216 -0.177922
14217 -0.162116
14218 -0.184688
14219 -0.190905
14220 -0.182682
14221 -0.178918
14222 -0.153085
14223 -0.165133
14224 -0.186196
14225 -0.154155
14226 -0.210214
14227 -0.189164
14228 -0.196232
14229 -0.190921
14230 -0.160536
14231 -0.174639
14232 -0.18139
14233 -0.188321
14234 -0.171227
14235 -0.16135
14236 -0.182966
14237 -0.165172
14238 -0.200491
14239 -0.199071
14240 -0.168073
14241 -0.195334
14242 -0.181027
14243 -0.195507
14244 -0.189474
14245 -0.160966
14246 -0.183861
14247 -0.182579
14248 -0.181734
14249 -0.143933
14250 -0.183678
14251 -0.150782
14252 -0.181631
14253 -0.181926
14254 -0.180598
14255 -0.190513
14256 -0.201492
14257 -0.182797
14258 -0.187479
14259 -0.16244
14260 -0.19919
14261 -0.178847
14262 -0.20404
14263 -0.174174
14264 -0.166452
14265 -0.178854
14266 -0.173873
14267 -0.168302
14268 -0.186557
14269 -0.175261
14270 -0.167769
14271 -0.161803
14272 -0.158289
14273 -0.149154
14274 -0.150329
14275 -0.173273
14276 -0.178549
14277 -0.179466
14278 -0.178993
14279 -0.172004
14280 -0.16619
14281 -0.17671
14282 -0.184471
14283 -0.185511
14284 -0.164805
14285 -0.174992
14286 -0.174343
14287 -0.17261
14288 -0.198543
14289 -0.162494
14290 -0.155527
14291 -0.148067
14292 -0.176197
14293 -0.149023
14294 -0.144742
14295 -0.16933
14296 -0.154011
14297 -0.166441
14298 -0.141562
14299 -0.178935
14300 -0.166683
14301 -0.183653
14302 -0.157821
14303 -0.176504
14304 -0.157101
14305 -0.152006
14306 -0.178439
14307 -0.1681
14308 -0.196126
14309 -0.182369
14310 -0.167255
14311 -0.169866
14312 -0.181594
14313 -0.184212
14314 -0.194433
14315 -0.197265
14316 -0.178004
14317 -0.184624
14318 -0.174988
14319 -0.167096
14320 -0.160783
14321 -0.144918
14322 -0.186234
14323 -0.16201
14324 -0.180179
14325 -0.201915
14326 -0.169701
14327 -0.16344
14328 -0.190549
14329 -0.182518
14330 -0.168427
14331 -0.16563
14332 -0.193328
14333 -0.143373
14334 -0.152123
14335 -0.165857
14336 -0.165074
14337 -0.198331
14338 -0.183386
14339 -0.183598
14340 -0.187976
14341 -0.157752
14342 -0.162611
14343 -0.178454
14344 -0.148926
14345 -0.139599
14346 -0.160516
14347 -0.168489
14348 -0.184696
14349 -0.166276
14350 -0.183863
14351 -0.141092
14352 -0.186539
14353 -0.163718
14354 -0.20432
14355 -0.162208
14356 -0.163918
14357 -0.168313
14358 -0.186571
14359 -0.171534
14360 -0.188052
14361 -0.189747
14362 -0.138559
14363 -0.15616
14364 -0.200994
14365 -0.188003
14366 -0.157316
14367 -0.196925
14368 -0.203829
14369 -0.183717
14370 -0.171029
14371 -0.170662
14372 -0.157674
14373 -0.167465
14374 -0.142328
14375 -0.17809
14376 -0.180046
14377 -0.179415
14378 -0.178088
14379 -0.185764
14380 -0.15764
14381 -0.163356
14382 -0.194122
14383 -0.188616
14384 -0.172341
14385 -0.190712
14386 -0.171198
14387 -0.190554
14388 -0.187424
14389 -0.16107
14390 -0.182865
14391 -0.171526
14392 -0.15979
14393 -0.17562
14394 -0.192113
14395 -0.198513
14396 -0.164048
14397 -0.161765
14398 -0.185542
14399 -0.136602
14400 -0.202525
14401 -0.151151
14402 -0.17101
14403 -0.187666
14404 -0.173879
14405 -0.170693
14406 -0.174713
14407 -0.205234
14408 -0.191258
14409 -0.16168
14410 -0.187744
14411 -0.168004
14412 -0.184095
14413 -0.185533
14414 -0.176991
14415 -0.142625
14416 -0.171528
14417 -0.176656
14418 -0.181999
14419 -0.15681
14420 -0.17528
14421 -0.17716
14422 -0.192963
14423 -0.182971
14424 -0.157123
14425 -0.198643
14426 -0.183077
14427 -0.170852
14428 -0.156569
14429 -0.196913
14430 -0.176494
14431 -0.173964
14432 -0.172527
14433 -0.173283
14434 -0.181205
14435 -0.162324
14436 -0.176102
14437 -0.167179
14438 -0.17958
14439 -0.156287
14440 -0.177355
14441 -0.166743
14442 -0.15886
14443 -0.176095
14444 -0.188213
14445 -0.202762
14446 -0.200567
14447 -0.160378
14448 -0.184902
14449 -0.200959
14450 -0.168546
14451 -0.172512
14452 -0.15321
14453 -0.201058
14454 -0.17527
14455 -0.179395
14456 -0.13398
14457 -0.157487
14458 -0.177259
14459 -0.20377
14460 -0.194195
14461 -0.187515
14462 -0.16668
14463 -0.180468
14464 -0.172631
14465 -0.202
14466 -0.180553
14467 -0.188387
14468 -0.18168
14469 -0.169475
14470 -0.194345
14471 -0.184329
14472 -0.176953
14473 -0.173785
14474 -0.16418
14475 -0.183125
14476 -0.173528
14477 -0.167868
14478 -0.186248
14479 -0.187023
14480 -0.16165
14481 -0.16076
14482 -0.192817
14483 -0.179018
14484 -0.184033
14485 -0.171261
14486 -0.169966
14487 -0.199704
14488 -0.193661
14489 -0.176053
14490 -0.173741
14491 -0.174249
14492 -0.132093
14493 -0.185011
14494 -0.169825
14495 -0.182357
14496 -0.144409
14497 -0.169296
14498 -0.162034
14499 -0.163167
14500 -0.182737
14501 -0.187342
14502 -0.184248
14503 -0.143171
14504 -0.175265
14505 -0.190568
14506 -0.190299
14507 -0.188459
14508 -0.164332
14509 -0.17912
14510 -0.187634
14511 -0.151107
14512 -0.193842
14513 -0.166114
14514 -0.175317
14515 -0.154076
14516 -0.159995
14517 -0.157966
14518 -0.161623
14519 -0.18674
14520 -0.195636
14521 -0.183873
14522 -0.186002
14523 -0.185267
14524 -0.148321
14525 -0.168047
14526 -0.173068
14527 -0.174534
14528 -0.196116
14529 -0.157735
14530 -0.184649
14531 -0.166231
14532 -0.160188
14533 -0.13525
14534 -0.160335
14535 -0.166512
14536 -0.173861
14537 -0.177936
14538 -0.158077
14539 -0.201099
14540 -0.192388
14541 -0.184945
14542 -0.185621
14543 -0.174404
14544 -0.19748
14545 -0.178859
14546 -0.168097
14547 -0.194934
14548 -0.170798
14549 -0.131132
14550 -0.181881
14551 -0.165716
14552 -0.182542
14553 -0.194866
14554 -0.165515
14555 -0.170329
14556 -0.188338
14557 -0.184856
14558 -0.183833
14559 -0.176163
14560 -0.17422
14561 -0.176657
14562 -0.17303
14563 -0.163342
14564 -0.194422
14565 -0.176514
14566 -0.173466
14567 -0.188874
14568 -0.167988
14569 -0.158453
14570 -0.185534
14571 -0.192176
14572 -0.168165
14573 -0.158023
14574 -0.187618
14575 -0.152917
14576 -0.162849
14577 -0.160137
14578 -0.152983
14579 -0.19519
14580 -0.173847
14581 -0.199416
14582 -0.17837
14583 -0.172471
14584 -0.154185
14585 -0.171021
14586 -0.161085
14587 -0.191117
14588 -0.20252
14589 -0.14415
14590 -0.194717
14591 -0.173688
14592 -0.199592
14593 -0.156697
14594 -0.192608
14595 -0.176891
14596 -0.186585
14597 -0.164272
14598 -0.172326
14599 -0.182586
14600 -0.158062
14601 -0.185387
14602 -0.176165
14603 -0.181746
14604 -0.156862
14605 -0.192879
14606 -0.201183
14607 -0.187881
14608 -0.146078
14609 -0.175778
14610 -0.183914
14611 -0.185077
14612 -0.151956
14613 -0.185257
14614 -0.167511
14615 -0.168762
14616 -0.175119
14617 -0.167263
14618 -0.163772
14619 -0.166414
14620 -0.166915
14621 -0.173908
14622 -0.188788
14623 -0.182817
14624 -0.169526
14625 -0.159425
14626 -0.148205
14627 -0.190395
14628 -0.190385
14629 -0.166181
14630 -0.157038
14631 -0.172744
14632 -0.171112
14633 -0.18971
14634 -0.175894
14635 -0.164353
14636 -0.206376
14637 -0.163752
14638 -0.150542
14639 -0.175815
14640 -0.179285
14641 -0.205501
14642 -0.152799
14643 -0.170543
14644 -0.17282
14645 -0.186208
14646 -0.167733
14647 -0.165122
14648 -0.182087
14649 -0.193795
14650 -0.16777
14651 -0.169592
14652 -0.199778
14653 -0.164845
14654 -0.198733
14655 -0.164469
14656 -0.20176
14657 -0.175438
14658 -0.147297
14659 -0.165206
14660 -0.178461
14661 -0.156396
14662 -0.155041
14663 -0.163265
14664 -0.158735
14665 -0.18597
14666 -0.166153
14667 -0.170727
14668 -0.160885
14669 -0.180142
14670 -0.202499
14671 -0.175894
14672 -0.167315
14673 -0.185135
14674 -0.16384
14675 -0.148849
14676 -0.173996
14677 -0.209383
14678 -0.179213
14679 -0.170402
14680 -0.183173
14681 -0.178515
14682 -0.191079
14683 -0.179905
14684 -0.161448
14685 -0.16588
14686 -0.188388
14687 -0.200115
14688 -0.173273
14689 -0.169125
14690 -0.172857
14691 -0.171706
14692 -0.196494
14693 -0.179123
14694 -0.191237
14695 -0.174337
14696 -0.194317
14697 -0.168984
14698 -0.168189
14699 -0.192355
14700 -0.181139
14701 -0.191212
14702 -0.181938
14703 -0.168903
14704 -0.191047
14705 -0.159785
14706 -0.158436
14707 -0.169272
14708 -0.170142
14709 -0.175489
14710 -0.162899
14711 -0.176392
14712 -0.189754
14713 -0.199597
14714 -0.178137
14715 -0.184426
14716 -0.180159
14717 -0.169067
14718 -0.177204
14719 -0.149262
14720 -0.160709
14721 -0.182433
14722 -0.187114
14723 -0.174493
14724 -0.156826
14725 -0.168757
14726 -0.197065
14727 -0.146173
14728 -0.170621
14729 -0.190347
14730 -0.169302
14731 -0.177883
14732 -0.189053
14733 -0.156341
14734 -0.18329
14735 -0.196433
14736 -0.200708
14737 -0.187346
14738 -0.169391
14739 -0.154479
14740 -0.152964
14741 -0.144313
14742 -0.168876
14743 -0.178123
14744 -0.139713
14745 -0.175916
14746 -0.181306
14747 -0.145452
14748 -0.170416
14749 -0.163743
14750 -0.181396
14751 -0.152244
14752 -0.175011
14753 -0.17759
14754 -0.155702
14755 -0.166649
14756 -0.200515
14757 -0.133873
14758 -0.189505
14759 -0.171002
14760 -0.160822
14761 -0.177108
14762 -0.171754
14763 -0.20023
14764 -0.173422
14765 -0.167515
14766 -0.173317
14767 -0.160437
14768 -0.190861
14769 -0.20301
14770 -0.180163
14771 -0.15591
14772 -0.198592
14773 -0.200419
14774 -0.164162
14775 -0.186685
14776 -0.174276
14777 -0.153021
14778 -0.138998
14779 -0.179987
14780 -0.156112
14781 -0.178959
14782 -0.196661
14783 -0.201248
14784 -0.182034
14785 -0.196362
14786 -0.180488
14787 -0.149116
14788 -0.165297
14789 -0.168109
14790 -0.19923
14791 -0.141618
14792 -0.177466
14793 -0.193532
14794 -0.155816
14795 -0.198362
14796 -0.175369
14797 -0.176422
14798 -0.199492
14799 -0.18634
14800 -0.173658
14801 -0.156971
14802 -0.158631
14803 -0.154283
14804 -0.156784
14805 -0.16248
14806 -0.18696
14807 -0.158277
14808 -0.178168
14809 -0.168507
14810 -0.167275
14811 -0.185016
14812 -0.170057
14813 -0.173683
14814 -0.180474
14815 -0.201665
14816 -0.163567
14817 -0.197718
14818 -0.184087
14819 -0.181929
14820 -0.159036
14821 -0.16471
14822 -0.16532
14823 -0.175964
14824 -0.176453
14825 -0.146622
14826 -0.184692
14827 -0.159583
14828 -0.168525
14829 -0.198426
14830 -0.19582
14831 -0.171605
14832 -0.170719
14833 -0.194487
14834 -0.189743
14835 -0.178214
14836 -0.154039
14837 -0.147993
14838 -0.171608
14839 -0.174789
14840 -0.196547
14841 -0.162666
14842 -0.159574
14843 -0.141996
14844 -0.17001
14845 -0.194166
14846 -0.163639
14847 -0.183594
14848 -0.190017
14849 -0.176852
14850 -0.184299
14851 -0.187047
14852 -0.185951
14853 -0.179785
14854 -0.160347
14855 -0.17063
14856 -0.172329
14857 -0.173147
14858 -0.179796
14859 -0.153954
14860 -0.160852
14861 -0.188638
14862 -0.19513
14863 -0.182528
14864 -0.144285
14865 -0.16482
14866 -0.157989
14867 -0.18312
14868 -0.157315
14869 -0.171664
14870 -0.188536
14871 -0.171096
14872 -0.199964
14873 -0.178333
14874 -0.156819
14875 -0.19426
14876 -0.15791
14877 -0.183644
14878 -0.174863
14879 -0.172384
14880 -0.179656
14881 -0.182864
14882 -0.197925
14883 -0.201516
14884 -0.194945
14885 -0.157922
14886 -0.170399
14887 -0.186643
14888 -0.187892
14889 -0.187068
14890 -0.181968
14891 -0.181193
14892 -0.191464
14893 -0.183513
14894 -0.162416
14895 -0.184696
14896 -0.188354
14897 -0.184005
14898 -0.179986
14899 -0.19167
14900 -0.19879
14901 -0.164909
14902 -0.166597
14903 -0.181656
14904 -0.195404
14905 -0.166729
14906 -0.197334
14907 -0.141193
14908 -0.194847
14909 -0.169128
14910 -0.187821
14911 -0.176982
14912 -0.201951
14913 -0.200788
14914 -0.185616
14915 -0.176423
14916 -0.15891
14917 -0.213712
14918 -0.180605
14919 -0.182827
14920 -0.181334
14921 -0.183904
14922 -0.17208
14923 -0.180659
14924 -0.19485
14925 -0.192532
14926 -0.16585
14927 -0.154284
14928 -0.165301
14929 -0.159274
14930 -0.157965
14931 -0.157658
14932 -0.166771
14933 -0.156904
14934 -0.176754
14935 -0.174866
14936 -0.200574
14937 -0.190606
14938 -0.192514
14939 -0.184737
14940 -0.189447
14941 -0.175097
14942 -0.18515
14943 -0.163863
14944 -0.195881
14945 -0.17455
14946 -0.168079
14947 -0.186678
14948 -0.193109
14949 -0.164621
14950 -0.195339
14951 -0.165992
14952 -0.187456
14953 -0.166156
14954 -0.165
14955 -0.193794
14956 -0.136212
14957 -0.154732
14958 -0.178566
14959 -0.172195
14960 -0.198564
14961 -0.18921
14962 -0.170979
14963 -0.205882
14964 -0.191849
14965 -0.185224
14966 -0.169416
14967 -0.176955
14968 -0.179603
14969 -0.179744
14970 -0.190882
14971 -0.171459
14972 -0.164557
14973 -0.204652
14974 -0.16988
14975 -0.164352
14976 -0.213137
14977 -0.160951
14978 -0.175286
14979 -0.167907
14980 -0.16059
14981 -0.16848
14982 -0.168634
14983 -0.189266
14984 -0.163561
14985 -0.192845
14986 -0.179034
14987 -0.175161
14988 -0.191524
14989 -0.189996
14990 -0.150955
14991 -0.149413
14992 -0.147597
14993 -0.191835
14994 -0.195312
14995 -0.200482
14996 -0.164368
14997 -0.191873
14998 -0.179082
14999 -0.196324
15000 -0.165882
