17001 -0.163863
17002 -0.167601
17003 -0.193817
17004 -0.196282
17005 -0.186018
17006 -0.190088
17007 -0.180025
17008 -0.156142
17009 -0.168731
17010 -0.181561
17011 -0.159916
17012 -0.169965
17013 -0.146595
17014 -0.178378
17015 -0.165217
17016 -0.161967
17017 -0.190927
17018 -0.158104
17019 -0.176228
17020 -0.202
17021 -0.186206
17022 -0.189414
17023 -0.149218
17024 -0.191598
17025 -0.185467
17026 -0.148555
17027 -0.194637
17028 -0.189614
17029 -0.201898
17030 -0.1674
17031 -0.167849
17032 -0.172747
17033 -0.17751
17034 -0.215632
17035 -0.183774
17036 -0.206135
17037 -0.170809
17038 -0.172136
17039 -0.178715
17040 -0.151157
17041 -0.169437
17042 -0.18659
17043 -0.146001
17044 -0.191195
17045 -0.16899
17046 -0.182522
17047 -0.164951
17048 -0.175314
17049 -0.180696
17050 -0.175046
17051 -0.200094
17052 -0.158617
17053 -0.154747
17054 -0.170156
17055 -0.198473
17056 -0.164389
17057 -0.161995
17058 -0.174436
17059 -0.164288
17060 -0.184498
17061 -0.151074
17062 -0.16644
17063 -0.174094
17064 -0.1641
17065 -0.189552
17066 -0.151659
17067 -0.164705
17068 -0.186532
17069 -0.195988
17070 -0.201374
17071 -0.18519
17072 -0.191751
17073 -0.152506
17074 -0.18433
17075 -0.18888
17076 -0.185035
17077 -0.187106
17078 -0.176461
17079 -0.185998
17080 -0.187146
17081 -0.175115
17082 -0.15895
17083 -0.184145
17084 -0.160304
17085 -0.175399
17086 -0.170639
17087 -0.154946
17088 -0.159462
17089 -0.147741
17090 -0.178697
17091 -0.173477
17092 -0.192053
17093 -0.201893
17094 -0.199309
17095 -0.173692
17096 -0.157942
17097 -0.170869
17098 -0.148994
17099 -0.174261
17100 -0.162831
17101 -0.193653
17102 -0.187273
17103 -0.165527
17104 -0.178531
17105 -0.182008
17106 -0.207279
17107 -0.193136
17108 -0.186477
17109 -0.186472
17110 -0.185733
17111 -0.192273
17112 -0.172253
17113 -0.173248
17114 -0.179174
17115 -0.191004
17116 -0.175694
17117 -0.162727
17118 -0.181323
17119 -0.138356
17120 -0.156101
17121 -0.175404
17122 -0.172577
17123 -0.177779
17124 -0.178067
17125 -0.184843
17126 -0.184985
17127 -0.199585
17128 -0.15531
17129 -0.191888
17130 -0.195038
17131 -0.170161
17132 -0.171111
17133 -0.191137
17134 -0.162426
17135 -0.193748
17136 -0.157832
17137 -0.194892
17138 -0.175607
17139 -0.182302
17140 -0.182954
17141 -0.180924
17142 -0.175864
17143 -0.203634
17144 -0.178384
17145 -0.178238
17146 -0.172952
17147 -0.166615
17148 -0.187604
17149 -0.169453
17150 -0.156891
17151 -0.177316
17152 -0.175992
17153 -0.188134
17154 -0.179081
17155 -0.181717
17156 -0.177542
17157 -0.198546
17158 -0.146679
17159 -0.178078
17160 -0.15213
17161 -0.193235
17162 -0.183596
17163 -0.189019
17164 -0.160707
17165 -0.192196
17166 -0.167144
17167 -0.158919
17168 -0.151506
17169 -0.148147
17170 -0.181528
17171 -0.196415
17172 -0.166239
17173 -0.213686
17174 -0.192421
17175 -0.194963
17176 -0.143193
17177 -0.202345
17178 -0.141185
17179 -0.166481
17180 -0.155237
17181 -0.143056
17182 -0.192943
17183 -0.164235
17184 -0.169589
17185 -0.193532
17186 -0.187218
17187 -0.179563
17188 -0.153483
17189 -0.182655
17190 -0.172075
17191 -0.168282
17192 -0.190552
17193 -0.168472
17194 -0.189935
17195 -0.176916
17196 -0.127294
17197 -0.173177
17198 -0.168158
17199 -0.15842
17200 -0.181598
17201 -0.193732
17202 -0.177304
17203 -0.184003
17204 -0.169294
17205 -0.165022
17206 -0.164006
17207 -0.17345
17208 -0.191378
17209 -0.181491
17210 -0.184942
17211 -0.187752
17212 -0.167431
17213 -0.1733
17214 -0.184506
17215 -0.196088
17216 -0.177799
17217 -0.156874
17218 -0.185066
17219 -0.180433
17220 -0.185374
17221 -0.182778
17222 -0.150314
17223 -0.170263
17224 -0.187085
17225 -0.177415
17226 -0.162111
17227 -0.160156
17228 -0.158305
17229 -0.171533
17230 -0.184158
17231 -0.184457
17232 -0.208341
17233 -0.18521
17234 -0.206712
17235 -0.164229
17236 -0.170883
17237 -0.167363
17238 -0.164182
17239 -0.160624
17240 -0.207128
17241 -0.193636
17242 -0.194715
17243 -0.190671
17244 -0.158852
17245 -0.203344
17246 -0.166781
17247 -0.156872
17248 -0.190849
17249 -0.180678
17250 -0.167018
17251 -0.184737
17252 -0.161215
17253 -0.189359
17254 -0.159831
17255 -0.159659
17256 -0.158673
17257 -0.150822
17258 -0.193939
17259 -0.176719
17260 -0.156433
17261 -0.172314
17262 -0.157926
17263 -0.179351
17264 -0.182205
17265 -0.172109
17266 -0.138037
17267 -0.183433
17268 -0.179315
17269 -0.161498
17270 -0.175017
17271 -0.187824
17272 -0.205757
17273 -0.154771
17274 -0.183122
17275 -0.203051
17276 -0.161736
17277 -0.187464
17278 -0.187691
17279 -0.186718
17280 -0.177863
17281 -0.165132
17282 -0.176543
17283 -0.154943
17284 -0.181952
17285 -0.18192
17286 -0.169665
17287 -0.195833
17288 -0.182938
17289 -0.185537
17290 -0.161656
17291 -0.176225
17292 -0.188846
17293 -0.188378
17294 -0.169379
17295 -0.194105
17296 -0.15739
17297 -0.184985
17298 -0.194184
17299 -0.157034
17300 -0.185353
17301 -0.177346
17302 -0.17797
17303 -0.167719
17304 -0.188351
17305 -0.195448
17306 -0.172698
17307 -0.192935
17308 -0.168827
17309 -0.172548
17310 -0.198879
17311 -0.168964
17312 -0.189561
17313 -0.193733
17314 -0.185615
17315 -0.201885
17316 -0.198384
17317 -0.1513
17318 -0.183579
17319 -0.186746
17320 -0.154657
17321 -0.189044
17322 -0.184313
17323 -0.200569
17324 -0.189976
17325 -0.144406
17326 -0.19638
17327 -0.147057
17328 -0.142003
17329 -0.188906
17330 -0.151771
17331 -0.174982
17332 -0.194889
17333 -0.163058
17334 -0.186804
17335 -0.167491
17336 -0.178193
17337 -0.180517
17338 -0.147381
17339 -0.184454
17340 -0.170913
17341 -0.182275
17342 -0.152146
17343 -0.155311
17344 -0.193854
17345 -0.15843
17346 -0.152187
17347 -0.184923
17348 -0.166542
17349 -0.169029
17350 -0.189175
17351 -0.178186
17352 -0.162664
17353 -0.175654
17354 -0.185184
17355 -0.170343
17356 -0.172565
17357 -0.177984
17358 -0.177658
17359 -0.155796
17360 -0.15217
17361 -0.18488
17362 -0.159363
17363 -0.165829
17364 -0.174603
17365 -0.15393
17366 -0.169456
17367 -0.176156
17368 -0.190976
17369 -0.170422
17370 -0.187959
17371 -0.20035
17372 -0.205545
17373 -0.169317
17374 -0.161717
17375 -0.184868
17376 -0.167259
17377 -0.169291
17378 -0.178023
17379 -0.171938
17380 -0.176857
17381 -0.156159
17382 -0.149256
17383 -0.178861
17384 -0.153488
17385 -0.20077
17386 -0.160208
17387 -0.179616
17388 -0.187845
17389 -0.18381
17390 -0.171428
17391 -0.145216
17392 -0.165793
17393 -0.176347
17394 -0.180656
17395 -0.194989
17396 -0.192977
17397 -0.175225
17398 -0.187246
17399 -0.187884
17400 -0.150031
17401 -0.176364
17402 -0.163439
17403 -0.178473
17404 -0.154164
17405 -0.186668
17406 -0.178254
17407 -0.180038
17408 -0.172587
17409 -0.186858
17410 -0.183149
17411 -0.179733
17412 -0.155174
17413 -0.188611
17414 -0.18207
17415 -0.145063
17416 -0.193614
17417 -0.186694
17418 -0.201633
17419 -0.175278
17420 -0.179217
17421 -0.156971
17422 -0.147137
17423 -0.185147
17424 -0.156187
17425 -0.174006
17426 -0.170437
17427 -0.153582
17428 -0.203847
17429 -0.191489
17430 -0.145388
17431 -0.164896
17432 -0.156043
17433 -0.202238
17434 -0.179955
17435 -0.177948
17436 -0.16024
17437 -0.168973
17438 -0.173192
17439 -0.18594
17440 -0.179748
17441 -0.198394
17442 -0.168693
17443 -0.192614
17444 -0.192357
17445 -0.157659
17446 -0.163996
17447 -0.192976
17448 -0.199488
17449 -0.192499
17450 -0.144353
17451 -0.163976
17452 -0.176524
17453 -0.158383
17454 -0.174868
17455 -0.18906
17456 -0.169642
17457 -0.167777
17458 -0.184121
17459 -0.159809
17460 -0.171959
17461 -0.174085
17462 -0.184638
17463 -0.172617
17464 -0.181478
17465 -0.162775
17466 -0.181952
17467 -0.200329
17468 -0.161978
17469 -0.169069
17470 -0.182122
17471 -0.191946
17472 -0.187176
17473 -0.191255
17474 -0.173569
17475 -0.167389
17476 -0.169242
17477 -0.204351
17478 -0.1684
17479 -0.192863
17480 -0.155482
17481 -0.193441
17482 -0.18019
17483 -0.148671
17484 -0.159083
17485 -0.188215
17486 -0.172949
17487 -0.182498
17488 -0.149802
17489 -0.18094
17490 -0.157355
17491 -0.204424
17492 -0.165998
17493 -0.178571
17494 -0.180855
17495 -0.16955
17496 -0.183452
17497 -0.194803
17498 -0.173804
17499 -0.160811
17500 -0.173411
17501 -0.170221
17502 -0.18886
17503 -0.177072
17504 -0.166019
17505 -0.195145
17506 -0.169145
17507 -0.174287
17508 -0.176723
17509 -0.162528
17510 -0.181126
17511 -0.198355
17512 -0.183379
17513 -0.186441
17514 -0.16308
17515 -0.203292
17516 -0.156096
17517 -0.149137
17518 -0.1725
17519 -0.151016
17520 -0.172546
17521 -0.203354
17522 -0.161916
17523 -0.189619
17524 -0.178675
17525 -0.176763
17526 -0.15953
17527 -0.175754
17528 -0.151033
17529 -0.201505
17530 -0.148831
17531 -0.162979
17532 -0.166878
17533 -0.195475
17534 -0.179474
17535 -0.134767
17536 -0.162848
17537 -0.1963
17538 -0.178941
17539 -0.199085
17540 -0.15041
17541 -0.181788
17542 -0.181836
17543 -0.15769
17544 -0.182764
17545 -0.183205
17546 -0.168455
17547 -0.172137
17548 -0.15251
17549 -0.160914
17550 -0.156267
17551 -0.182684
17552 -0.173177
17553 -0.176798
17554 -0.1707
17555 -0.185803
17556 -0.164146
17557 -0.154072
17558 -0.172702
17559 -0.189444
17560 -0.164022
17561 -0.188688
17562 -0.180442
17563 -0.20809
17564 -0.181373
17565 -0.173247
17566 -0.155048
17567 -0.16238
17568 -0.176788
17569 -0.181807
17570 -0.158345
17571 -0.16641
17572 -0.202066
17573 -0.18593
17574 -0.18959
17575 -0.162936
17576 -0.20083
17577 -0.192902
17578 -0.200433
17579 -0.203153
17580 -0.187551
17581 -0.159287
17582 -0.147354
17583 -0.174934
17584 -0.196506
17585 -0.185534
17586 -0.173968
17587 -0.188397
17588 -0.186049
17589 -0.16054
17590 -0.173321
17591 -0.166542
17592 -0.198393
17593 -0.160312
17594 -0.195961
17595 -0.208984
17596 -0.184834
17597 -0.189057
17598 -0.182896
17599 -0.196309
17600 -0.184195
17601 -0.204347
17602 -0.157901
17603 -0.160964
17604 -0.165142
17605 -0.181821
17606 -0.195263
17607 -0.167998
17608 -0.171037
17609 -0.179681
17610 -0.166462
17611 -0.176479
17612 -0.170509
17613 -0.159688
17614 -0.159304
17615 -0.197092
17616 -0.195929
17617 -0.16629
17618 -0.190309
17619 -0.171016
17620 -0.201525
17621 -0.200961
17622 -0.180355
17623 -0.1846
17624 -0.185537
17625 -0.155591
17626 -0.169841
17627 -0.194566
17628 -0.18555
17629 -0.177182
17630 -0.177999
17631 -0.133416
17632 -0.209414
17633 -0.171088
17634 -0.183569
17635 -0.199773
17636 -0.190808
17637 -0.187284
17638 -0.205831
17639 -0.179611
17640 -0.181754
17641 -0.173302
17642 -0.183781
17643 -0.153024
17644 -0.169723
17645 -0.188944
17646 -0.154502
17647 -0.197564
17648 -0.177114
17649 -0.201776
17650 -0.166374
17651 -0.176421
17652 -0.199858
17653 -0.198847
17654 -0.157419
17655 -0.139664
17656 -0.150554
17657 -0.156134
17658 -0.181832
17659 -0.173258
17660 -0.181985
17661 -0.187341
17662 -0.199565
17663 -0.17553
17664 -0.188061
17665 -0.166478
17666 -0.193194
17667 -0.183151
17668 -0.169825
17669 -0.140487
17670 -0.16703
17671 -0.171436
17672 -0.161052
17673 -0.185598
17674 -0.169683
17675 -0.172795
17676 -0.190782
17677 -0.18364
17678 -0.157275
17679 -0.177225
17680 -0.149479
17681 -0.168793
17682 -0.152357
17683 -0.192007
17684 -0.198314
17685 -0.156539
17686 -0.162546
17687 -0.207835
17688 -0.183596
17689 -0.158568
17690 -0.16592
17691 -0.171491
17692 -0.15192
17693 -0.178459
17694 -0.170812
17695 -0.14915
17696 -0.180224
17697 -0.168094
17698 -0.178284
17699 -0.153208
17700 -0.203434
17701 -0.183449
17702 -0.168958
17703 -0.196132
17704 -0.169331
17705 -0.17119
17706 -0.164963
17707 -0.179927
17708 -0.180587
17709 -0.197776
17710 -0.159899
17711 -0.182972
17712 -0.183744
17713 -0.160101
17714 -0.154164
17715 -0.142467
17716 -0.190723
17717 -0.150559
17718 -0.157477
17719 -0.182572
17720 -0.179263
17721 -0.173176
17722 -0.188947
17723 -0.16733
17724 -0.179695
17725 -0.153735
17726 -0.164478
17727 -0.207807
17728 -0.170233
17729 -0.204752
17730 -0.195657
17731 -0.177327
17732 -0.191704
17733 -0.178798
17734 -0.180016
17735 -0.172182
17736 -0.153818
17737 -0.138171
17738 -0.177747
17739 -0.152456
17740 -0.152983
17741 -0.201647
17742 -0.180819
17743 -0.191913
17744 -0.16468
17745 -0.152148
17746 -0.163362
17747 -0.187364
17748 -0.187159
17749 -0.16436
17750 -0.172229
17751 -0.170227
17752 -0.17369
17753 -0.165704
17754 -0.201959
17755 -0.185042
17756 -0.16825
17757 -0.186507
17758 -0.158446
17759 -0.174547
17760 -0.173309
17761 -0.146918
17762 -0.163445
17763 -0.17148
17764 -0.12734
17765 -0.149516
17766 -0.161825
17767 -0.168553
17768 -0.190224
17769 -0.173991
17770 -0.16923
17771 -0.199329
17772 -0.195607
17773 -0.143894
17774 -0.164044
17775 -0.209745
17776 -0.166605
17777 -0.1894
17778 -0.201703
17779 -0.170154
17780 -0.184524
17781 -0.200972
17782 -0.168316
17783 -0.169047
17784 -0.180839
17785 -0.193586
17786 -0.196874
17787 -0.150937
17788 -0.175274
17789 -0.187915
17790 -0.19069
17791 -0.152166
17792 -0.19104
17793 -0.144363
17794 -0.199202
17795 -0.182248
17796 -0.186715
17797 -0.180715
17798 -0.159728
17799 -0.199869
17800 -0.194511
17801 -0.182524
17802 -0.178794
17803 -0.17545
17804 -0.175489
17805 -0.176773
17806 -0.186642
17807 -0.151889
17808 -0.173053
17809 -0.193435
17810 -0.197068
17811 -0.191498
17812 -0.192274
17813 -0.17069
17814 -0.180179
17815 -0.166164
17816 -0.165545
17817 -0.181589
17818 -0.170799
17819 -0.167835
17820 -0.194146
17821 -0.197757
17822 -0.193558
17823 -0.187057
17824 -0.132712
17825 -0.201251
17826 -0.130348
17827 -0.197039
17828 -0.172558
17829 -0.189768
17830 -0.192946
17831 -0.180782
17832 -0.171247
17833 -0.178838
17834 -0.184642
17835 -0.198704
17836 -0.171178
17837 -0.149521
17838 -0.201502
17839 -0.159071
17840 -0.175583
17841 -0.195648
17842 -0.183077
17843 -0.173843
17844 -0.18827
17845 -0.169033
17846 -0.172879
17847 -0.179578
17848 -0.165232
17849 -0.167675
17850 -0.159673
17851 -0.179249
17852 -0.185399
17853 -0.160773
17854 -0.187661
17855 -0.175245
17856 -0.149256
17857 -0.181064
17858 -0.168388
17859 -0.184896
17860 -0.169966
17861 -0.194139
17862 -0.18774
17863 -0.205509
17864 -0.195362
17865 -0.18354
17866 -0.197358
17867 -0.178986
17868 -0.187078
17869 -0.160103
17870 -0.183819
17871 -0.16979
17872 -0.19598
17873 -0.184657
17874 -0.182631
17875 -0.181153
17876 -0.150746
17877 -0.141645
17878 -0.182147
17879 -0.198981
17880 -0.175906
17881 -0.197613
17882 -0.14579
17883 -0.169694
17884 -0.198648
17885 -0.189871
17886 -0.161419
17887 -0.169785
17888 -0.164058
17889 -0.184231
17890 -0.191217
17891 -0.189717
17892 -0.161279
17893 -0.193001
17894 -0.194679
17895 -0.168468
17896 -0.161226
17897 -0.185298
17898 -0.165372
17899 -0.189221
17900 -0.171322
17901 -0.193206
17902 -0.175782
17903 -0.165464
17904 -0.171469
17905 -0.168041
17906 -0.195882
17907 -0.207636
17908 -0.170649
17909 -0.18931
17910 -0.202825
17911 -0.177089
17912 -0.147896
17913 -0.171391
17914 -0.159203
17915 -0.207425
17916 -0.165788
17917 -0.185252
17918 -0.161262
17919 -0.172888
17920 -0.197085
17921 -0.170687
17922 -0.161193
17923 -0.171201
17924 -0.203033
17925 -0.198312
17926 -0.181131
17927 -0.153719
17928 -0.167312
17929 -0.179606
17930 -0.194774
17931 -0.143499
17932 -0.173056
17933 -0.187441
17934 -0.174278
17935 -0.1549
17936 -0.180024
17937 -0.175891
17938 -0.168335
17939 -0.174824
17940 -0.204904
17941 -0.185765
17942 -0.169682
17943 -0.17801
17944 -0.205623
17945 -0.174178
17946 -0.179358
17947 -0.186797
17948 -0.1648
17949 -0.205405
17950 -0.153771
17951 -0.173849
17952 -0.187449
17953 -0.195135
17954 -0.198999
17955 -0.175845
17956 -0.132291
17957 -0.192337
17958 -0.179801
17959 -0.169411
17960 -0.192809
17961 -0.177898
17962 -0.17507
17963 -0.194364
17964 -0.124256
17965 -0.164479
17966 -0.177769
17967 -0.186316
17968 -0.160927
17969 -0.168743
17970 -0.194608
17971 -0.179732
17972 -0.171703
17973 -0.201123
17974 -0.177848
17975 -0.161397
17976 -0.180546
17977 -0.180837
17978 -0.180654
17979 -0.203264
17980 -0.186653
17981 -0.158126
17982 -0.195071
17983 -0.168897
17984 -0.197436
17985 -0.174142
17986 -0.202208
17987 -0.194717
17988 -0.167564
17989 -0.179127
17990 -0.197357
17991 -0.187302
17992 -0.167901
17993 -0.166272
17994 -0.165854
17995 -0.14727
17996 -0.208969
17997 -0.163149
17998 -0.166352
17999 -0.184134
18000 -0.17195
