11001 -0.0713982
11002 -0.00130788
11003 -0.0317841
11004 0.000236993
11005 -0.0559582
11006 -0.0375977
11007 -0.0114702
11008 -0.00446065
11009 0.0411431
11010 -0.00729095
11011 0.0102402
11012 -0.0504957
11013 0.00657565
11014 -0.0286113
11015 0.0392961
11016 -0.000516288
11017 -0.0189921
11018 -0.0318518
11019 0.0168338
11020 -0.0454968
11021 0.0283239
11022 -0.0421316
11023 -0.0395846
11024 -0.0201277
11025 -0.0165798
11026 -0.0302919
11027 0.0388308
11028 0.0117639
11029 -0.00143157
11030 -0.0413262
11031 -0.0120833
11032 -0.00727032
11033 -0.03232
11034 -0.0836895
11035 -0.0366744
11036 -0.0108872
11037 -0.0607297
11038 -0.000702392
11039 -0.0734695
11040 -0.0228037
11041 0.0164877
11042 -0.0261717
11043 0.0316712
11044 -0.0187963
11045 -0.0695453
11046 -0.00421248
11047 -0.050639
11048 -0.00880806
11049 -0.0229486
11050 0.00333481
11051 -0.0129545
11052 0.0148654
11053 0.0122101
11054 -0.0217611
11055 0.00566899
11056 -0.0739027
11057 -0.00479158
11058 -0.0547038
11059 0.016552
11060 -0.00510896
11061 0.00246205
11062 0.0140556
11063 -0.0500743
11064 -0.0626606
11065 -0.00274984
11066 0.0441558
11067 -0.0253631
11068 -0.0946121
11069 0.0367216
11070 -0.0360837
11071 0.000187548
11072 -0.0138299
11073 0.0107422
11074 0.00641344
11075 -0.0228707
11076 0.0279805
11077 -0.0900927
11078 0.0239099
11079 0.0236009
11080 -0.0277318
11081 -0.0443196
11082 -0.00990248
11083 -0.0127926
11084 -0.0398802
11085 0.0588623
11086 -0.0261732
11087 -0.0550525
11088 -0.0389492
11089 -0.00582862
11090 -0.0143942
11091 0.00424145
11092 0.0182538
11093 -0.0749927
11094 -0.0344324
11095 -0.0391778
11096 0.00140548
11097 -0.00265242
11098 -0.0221008
11099 0.0407734
11100 -0.0513879
11101 0.00606488
11102 -0.0528256
11103 -0.0638944
11104 -0.059964
11105 -0.0588886
11106 -0.0140548
11107 0.0089517
11108 0.00442472
11109 0.0193501
11110 -0.0107218
11111 -0.0160437
11112 -0.0807144
11113 0.0299624
11114 -0.00546817
11115 0.0104203
11116 -0.0611095
11117 0.00378104
11118 -0.0495568
11119 0.00140548
11120 -0.0051567
11121 -0.00591745
11122 0.0395453
11123 0.00884413
11124 -0.0854902
11125 -0.0701472
11126 -0.0365857
11127 -0.00352169
11128 -0.00111034
11129 -0.0540466
11130 -0.0159403
11131 -0.0743115
11132 -0.025221
11133 -0.0482723
11134 -0.0294883
11135 -0.0172128
11136 -0.0799304
11137 0.0103362
11138 0.0517474
11139 -0.00702365
11140 -0.0309774
11141 -0.018043
11142 -0.0315904
11143 0.0181916
11144 0.00589754
11145 -0.0101348
11146 -0.0231853
11147 -0.0393366
11148 0.022773
11149 0.0291525
11150 -0.0168513
11151 -0.0249395
11152 -0.0425006
11153 -0.052112
11154 -0.01529
11155 0.00282212
11156 -0.00314684
11157 -0.0228292
11158 0.00241145
11159 -0.0395631
11160 -0.0540588
11161 -0.0918655
11162 0.0325899
11163 -0.100971
11164 -0.0407584
11165 0.00122419
11166 -0.0227618
11167 0.026423
11168 -0.0163971
11169 -0.0129481
11170 -0.0499276
11171 -0.0116907
11172 -0.0399223
11173 0.00066144
11174 0.0123125
11175 -0.0956236
11176 -0.0327973
11177 -0.0199964
11178 -0.0056719
11179 -0.012475
11180 -0.0152849
11181 -0.0721962
11182 0.0179386
11183 -0.00386937
11184 -0.00624023
11185 -0.0782266
11186 -0.013225
11187 -0.0290841
11188 0.00190925
11189 0.016968
11190 0.00118739
11191 -0.0807774
11192 -0.00474376
11193 -0.0238088
11194 -0.0133543
11195 -0.0767849
11196 0.014344
11197 -0.0325569
11198 -0.0372312
11199 0.0107895
11200 -0.00682896
11201 -0.0191664
11202 -0.0718782
11203 -0.0461915
11204 -0.0506328
11205 0.019826
11206 -0.0481468
11207 -0.00844295
11208 -0.0289905
11209 0.0482381
11210 -0.0499112
11211 -0.0211558
11212 -0.0778568
11213 -0.0411697
11214 -0.0481389
11215 -0.034908
11216 -0.0685524
11217 0.0104219
11218 -0.0781999
11219 0.0500743
11220 0.0382674
11221 0.0150148
11222 -0.0383303
11223 -0.0623531
11224 -0.0284505
11225 -0.0581762
11226 -0.0661007
11227 -0.0262163
11228 -0.02918
11229 -0.0413272
11230 -0.0734035
11231 -0.0486906
11232 -0.0505678
11233 0.0336436
11234 0.0063178
11235 -0.0351679
11236 -0.0186489
11237 0.00693431
11238 -0.0910105
11239 -0.100975
11240 0.0140832
11241 -0.081801
11242 0.0188877
11243 -0.0298772
11244 -0.0955416
11245 -0.0366562
11246 -0.0170897
11247 -0.00528236
11248 -0.0712026
11249 -0.0750304
11250 0.0252107
11251 -0.0154913
11252 0.00591242
11253 0.0127706
11254 0.030178
11255 0.0462448
11256 0.00898966
11257 -0.0224373
11258 -0.0741431
11259 -0.0227606
11260 -0.0119072
11261 -0.0258392
11262 -0.0818514
11263 0.0178995
11264 -0.0148747
11265 0.0328022
11266 0.0104418
11267 -0.017866
11268 -0.102685
11269 0.00152285
11270 -0.0586091
11271 -0.0345627
11272 -0.0826014
11273 -0.0411384
11274 -0.00251978
11275 0.0220128
11276 -0.0396793
11277 -0.0348734
11278 0.00515532
11279 -0.0207758
11280 -0.0351439
11281 -0.0138099
11282 0.0317914
11283 0.00745107
11284 0.0403004
11285 0.015027
11286 0.0186489
11287 -0.0926185
11288 -0.0157956
11289 -0.0140718
11290 -0.0495071
11291 -0.0716145
11292 0.0371562
11293 -0.00708385
11294 0.0387843
11295 -0.0118718
11296 -0.0027225
11297 -0.00195632
11298 -0.0224251
11299 -0.0616194
11300 0.00782704
11301 -0.0271303
11302 0.00662435
11303 -0.0119097
11304 0.0172921
11305 -0.021071
11306 0.0273423
11307 -0.0247679
11308 -0.0497993
11309 -0.0309369
11310 -0.0329093
11311 -0.00670718
11312 0.0109339
11313 -0.0614875
11314 -0.00531524
11315 -0.039881
11316 0.00403317
11317 0.00248921
11318 0.0030856
11319 -0.0511332
11320 -0.0226381
11321 -0.0355368
11322 -0.091401
11323 -0.0508909
11324 -0.0470516
11325 -0.0252836
11326 -0.0139194
11327 -0.0134437
11328 -0.0452314
11329 -0.0368364
11330 -0.0330318
11331 -0.0441961
11332 -0.0178149
11333 -0.0471886
11334 -0.0482373
11335 -0.0280579
11336 0.00856701
11337 0.0288843
11338 0.022469
11339 -0.0193867
11340 -0.0576591
11341 0.0210784
11342 -0.0220158
11343 -0.0181061
11344 -0.0193631
11345 -0.0251402
11346 -0.0406228
11347 0.0136159
11348 0.0247884
11349 -0.0252235
11350 -0.0529816
11351 -0.00868195
11352 -0.0729703
11353 -0.0111743
11354 -0.0936456
11355 0.0407997
11356 -0.0109925
11357 -0.0170101
11358 0.018023
11359 0.00990962
11360 -0.00149115
11361 0.00287023
11362 0.0246059
11363 0.00308651
11364 0.05388
11365 -0.0588172
11366 -0.0222304
11367 0.00994161
11368 -0.0509403
11369 -0.0108695
11370 0.0716836
11371 -0.0369961
11372 -0.04609
11373 -0.0168928
11374 -0.0129977
11375 -0.00271964
11376 -0.00499704
11377 0.00562188
11378 -0.0748421
11379 -0.0179062
11380 -0.00307198
11381 -0.0207348
11382 -0.0185397
11383 -0.0313226
11384 -0.0385245
11385 -0.0652939
11386 -0.0324045
11387 -0.00638586
11388 -0.0472268
11389 -0.0191208
11390 -0.00220022
11391 -0.0174734
11392 -0.0444103
11393 0.0552015
11394 -0.0415709
11395 0.026689
11396 -0.0296816
11397 -0.009245
11398 0.00481639
11399 -0.0358347
11400 -0.0260775
11401 -0.0707618
11402 0.00551147
11403 -0.0329238
11404 -0.0264965
11405 -0.0776212
11406 0.0215521
11407 -0.0678426
11408 -0.0513806
11409 -0.0298392
11410 -0.0510121
11411 -0.0551959
11412 -0.0196324
11413 -0.014559
11414 -0.0424506
11415 -0.00557779
11416 -0.0177421
11417 0.010342
11418 -0.0231915
11419 -0.060357
11420 -0.0214584
11421 -0.00180066
11422 -0.00847995
11423 -0.0340459
11424 -0.0157168
11425 -0.0154941
11426 -0.0266093
11427 -0.0227345
11428 -0.0178672
11429 -0.0680089
11430 -0.00478056
11431 -0.0520225
11432 -0.0549715
11433 -0.0293265
11434 0.00919655
11435 -0.0435992
11436 -0.0525729
11437 -0.0376912
11438 -0.0556072
11439 -0.0256297
11440 -0.0270134
11441 0.0776035
11442 -0.0415624
11443 0.0060799
11444 -0.0285319
11445 0.0159049
11446 0.00119618
11447 -0.0387616
11448 -0.00144573
11449 0.0193089
11450 -0.0581188
11451 -0.0295379
11452 -0.0396253
11453 0.00220071
11454 -0.0362257
11455 0.0245623
11456 -0.00340585
11457 -0.00810932
11458 -0.0430752
11459 0.075811
11460 -0.0811711
11461 -0.0287896
11462 -0.0394539
11463 -0.00826431
11464 -0.011879
11465 -0.00438747
11466 -0.0338494
11467 0.0301578
11468 0.00488676
11469 -0.0209902
11470 -0.0720065
11471 0.029969
11472 -0.0623204
11473 -0.00570411
11474 0.0539478
11475 -0.0437799
11476 0.00462397
11477 -0.00410777
11478 -0.0619356
11479 0.000267457
11480 0.00725119
11481 0.00496261
11482 -0.0744817
11483 -0.0971011
11484 -0.00591775
11485 0.0384155
11486 0.020023
11487 -0.0125308
11488 -0.021145
11489 -0.0123803
11490 -0.0385591
11491 -0.0338879
11492 0.0614377
11493 0.0278162
11494 0.0262917
11495 -0.0267487
11496 -0.0127715
11497 0.00588002
11498 0.0082663
11499 -0.0053443
11500 0.0311771
11501 0.0249052
11502 0.031042
11503 -0.0178835
11504 -0.0933674
11505 0.0314133
11506 0.0163098
11507 -0.025411
11508 -0.0669488
11509 0.00400689
11510 0.0119273
11511 -0.0839682
11512 -0.0393774
11513 -0.0564836
11514 0.00535103
11515 -0.0656904
11516 -0.0426929
11517 0.0303615
11518 -0.0272552
11519 -0.082804
11520 0.0244549
11521 0.0063033
11522 -0.0549205
11523 -0.0146563
11524 -0.0400368
11525 -0.070523
11526 -0.089035
11527 -0.0691832
11528 0.0144557
11529 0.0611836
11530 -0.00534315
11531 -0.00729464
11532 0.0249896
11533 -0.0270769
11534 0.024631
11535 -0.0184836
11536 -0.0289831
11537 -0.0499418
11538 -0.0151729
11539 -0.0409766
11540 -0.069515
11541 -0.0343635
11542 -0.0115427
11543 0.00975487
11544 -0.0203889
11545 -0.0240905
11546 -0.02109
11547 -0.102746
11548 0.0204204
11549 -0.0332603
11550 -0.0343034
11551 -0.00175464
11552 0.000324063
11553 0.0191001
11554 -0.0359989
11555 -0.0220633
11556 0.0112057
11557 -0.00271819
11558 -0.0157843
11559 -0.0516148
11560 0.0176435
11561 -0.0446557
11562 -0.0341564
11563 -0.00255416
11564 -0.0335099
11565 0.0165732
11566 0.0650118
11567 0.0109235
11568 -0.0873506
11569 0.019937
11570 -0.00634796
11571 -0.035102
11572 0.0518262
11573 -0.0368466
11574 -0.0361506
11575 -0.0484866
11576 -0.0391761
11577 -0.0343123
11578 0.0270181
11579 -0.0183476
11580 0.0147964
11581 0.0209856
11582 0.028109
11583 -0.0576335
11584 -0.00934591
11585 -0.0687564
11586 -0.0275055
11587 -0.0347725
11588 0.0256424
11589 -0.0186066
11590 -0.0472737
11591 -0.0424441
11592 -0.0156269
11593 -0.0100997
11594 -0.051043
11595 -0.041626
11596 -0.015995
11597 -0.0017987
11598 -0.00655068
11599 0.0410921
11600 -0.000339215
11601 -0.0406529
11602 0.0152161
11603 -0.0803353
11604 0.0261501
11605 -0.0319969
11606 -0.00554592
11607 0.00982442
11608 -0.0539764
11609 -0.00460893
11610 -0.0440157
11611 -0.0207246
11612 -0.0164917
11613 -0.0216971
11614 -0.0184564
11615 -0.0402172
11616 0.0292847
11617 0.00615528
11618 -0.0303874
11619 -0.0600713
11620 -0.0417946
11621 -0.0692042
11622 0.0131489
11623 -0.054669
11624 -0.00428356
11625 -0.0145615
11626 -0.0448703
11627 0.00442286
11628 -0.0198462
11629 -0.0106932
11630 0.0437338
11631 -0.0466225
11632 -0.012952
11633 -0.0187806
11634 -0.0391352
11635 -0.0190815
11636 -0.0223814
11637 -0.05192
11638 -0.0427347
11639 0.0180608
11640 -0.05504
11641 -0.013198
11642 -0.026803
11643 -0.0110292
11644 -0.00625274
11645 -0.0545649
11646 -0.0204431
11647 0.000520095
11648 0.00745458
11649 -0.00607344
11650 0.0186039
11651 -0.0650387
11652 0.0187685
11653 0.0119475
11654 -0.0543704
11655 -0.0571304
11656 -0.010882
11657 -0.060408
11658 0.0161218
11659 0.0171087
11660 0.012717
11661 -0.0436369
11662 0.00613049
11663 -0.0444142
11664 -0.0550794
11665 -0.0953584
11666 0.027876
11667 -0.0249521
11668 -0.0338323
11669 -0.0264691
11670 -0.0385981
11671 -0.0386149
11672 0.0185096
11673 0.019837
11674 0.015324
11675 -0.085718
11676 -0.060849
11677 -0.0700204
11678 -0.0179981
11679 0.0102227
11680 0.0190444
11681 -0.0172145
11682 0.0250983
11683 0.00869585
11684 -0.015729
11685 -0.0158586
11686 -0.0538338
11687 0.000237003
11688 -0.00600628
11689 -0.0345556
11690 -0.0351069
11691 -0.0128273
11692 -0.0457002
11693 -0.0525524
11694 -0.007317
11695 -0.0612536
11696 -0.000618445
11697 -0.0542368
11698 -0.0479719
11699 -0.0396335
11700 0.00581656
11701 -0.0870538
11702 -0.0190061
11703 -0.0267989
11704 -0.0338657
11705 -0.00248576
11706 -0.0298048
11707 -0.00665717
11708 -0.0309892
11709 -0.0182004
11710 -0.00946189
11711 -0.0446094
11712 -0.039654
11713 -0.0242845
11714 0.0324019
11715 -0.0532686
11716 -0.0583255
11717 -0.0401438
11718 0.0673269
11719 -0.029226
11720 -0.0621798
11721 -0.0376177
11722 0.00955673
11723 0.00192902
11724 -0.0434487
11725 0.029257
11726 -0.0140128
11727 0.00968709
11728 -0.0255783
11729 -0.0670755
11730 -0.023563
11731 0.0205137
11732 0.0799832
11733 -0.00598017
11734 -0.0604091
11735 -0.0404356
11736 0.00889355
11737 -0.0186483
11738 -0.0222339
11739 -0.0339679
11740 0.0415706
11741 -0.0615625
11742 -0.0167863
11743 -0.0298993
11744 -0.0280777
11745 -0.0672098
11746 -0.0489603
11747 -0.0368494
11748 -0.00129304
11749 -0.0328535
11750 -0.034307
11751 0.00594684
11752 0.0241079
11753 -0.0289297
11754 0.00559503
11755 -0.0271421
11756 -0.0251567
11757 -0.0108537
11758 -0.029428
11759 -0.0280272
11760 0.0118446
11761 -0.0349872
11762 -0.0017586
11763 -0.0138599
11764 -0.0912297
11765 -0.0580144
11766 -0.0389067
11767 0.0304353
11768 -0.0337422
11769 -0.00787278
11770 0.027748
11771 0.0062257
11772 -0.00547045
11773 -0.0386702
11774 -0.0149602
11775 -0.0113603
11776 0.0360744
11777 0.00535296
11778 -0.0314994
11779 0.0336955
11780 -0.0680805
11781 -0.0411111
11782 0.00887481
11783 0.015465
11784 -0.0367248
11785 -0.00289456
11786 0.0476329
11787 -0.013395
11788 -0.00289384
11789 -0.0401191
11790 0.0262155
11791 -0.0315675
11792 0.0247401
11793 -0.0281417
11794 -0.0671657
11795 0.0255642
11796 -0.0245799
11797 -0.0507855
11798 0.0488749
11799 -0.0281268
11800 -0.0115961
11801 -0.0170355
11802 -0.0423052
11803 0.00832967
11804 -0.0106919
11805 -0.0444138
11806 0.0607606
11807 0.00147605
11808 -0.00158352
11809 -0.0550583
11810 -0.0162857
11811 0.0208783
11812 -0.0514149
11813 0.0257989
11814 -0.0577338
11815 -0.0743811
11816 0.0394245
11817 0.0132819
11818 -0.0238559
11819 -0.0566604
11820 0.0247535
11821 -0.0932767
11822 -0.0301706
11823 0.00629918
11824 -0.0354919
11825 0.00772093
11826 0.00989278
11827 -0.0338338
11828 0.0253049
11829 -0.0123752
11830 -0.0950188
11831 -0.0029649
11832 -0.0282107
11833 -0.0276005
11834 -0.0137286
11835 -0.0805785
11836 -0.00690315
11837 -0.0131529
11838 -0.0132979
11839 -0.0101705
11840 -0.00595406
11841 -0.0855141
11842 -0.053622
11843 -0.00826183
11844 0.0152538
11845 -0.0122527
11846 -0.0222709
11847 -0.0552128
11848 0.0334724
11849 -0.0130255
11850 -0.0310268
11851 0.0320952
11852 0.0116067
11853 -0.0313014
11854 0.00247054
11855 -0.0938673
11856 -0.0471506
11857 -0.0276914
11858 -0.0339939
11859 0.0115084
11860 0.00123236
11861 -0.0402737
11862 -0.0633594
11863 -0.0256628
11864 -0.00832434
11865 -0.0543887
11866 -0.041001
11867 -0.00917693
11868 0.019799
11869 -0.0074018
11870 -0.00767551
11871 0.00178195
11872 0.0579138
11873 -0.00138262
11874 -0.0543492
11875 0.0083492
11876 -0.0191835
11877 -0.0784113
11878 -0.00215967
11879 -0.0886868
11880 -0.0214858
11881 0.02314
11882 -0.0315512
11883 -0.0223961
11884 -0.039483
11885 -0.0541626
11886 0.00127941
11887 0.0218007
11888 -0.0780715
11889 -0.0160043
11890 0.00628463
11891 -0.0134807
11892 0.0247427
11893 0.0223424
11894 0.00728592
11895 -0.0221719
11896 0.0109636
11897 -0.0142209
11898 0.0346122
11899 -0.013262
11900 0.0369417
11901 -0.0867477
11902 -0.011546
11903 -0.0158097
11904 -0.0296976
11905 0.0183142
11906 0.00385958
11907 0.00525699
11908 -0.0220729
11909 0.0128661
11910 0.103045
11911 -0.032787
11912 -0.0055198
11913 -0.0311123
11914 0.0537073
11915 -0.0366308
11916 -0.0370376
11917 -0.0146655
11918 0.0418531
11919 -0.0348346
11920 -0.024374
11921 -0.00522147
11922 -0.0435204
11923 -0.0762566
11924 -0.0510791
11925 -0.0151496
11926 -0.0431491
11927 -0.0112089
11928 -0.0162628
11929 -0.0267767
11930 -0.012398
11931 -0.0242396
11932 -0.0168703
11933 0.0105951
11934 0.00360393
11935 -0.009863
11936 -0.0219487
11937 -0.0436803
11938 0.0291814
11939 0.0224556
11940 -0.0177564
11941 -0.00065887
11942 0.0138567
11943 0.0414868
11944 -0.0657961
11945 -0.0318932
11946 -0.017897
11947 -0.0248606
11948 0.0490441
11949 -0.0823648
11950 -0.025786
11951 -0.0754788
11952 0.00492981
11953 -0.00399661
11954 0.0154944
11955 0.0165936
11956 -0.0846814
11957 -0.041572
11958 -0.0809567
11959 -0.0350366
11960 0.00975244
11961 -0.00854614
11962 0.0198382
11963 -0.0561094
11964 -0.0401195
11965 -0.00448082
11966 0.0172623
11967 -0.0224632
11968 -0.02298
11969 0.0061933
11970 0.0370822
11971 0.000551605
11972 0.039501
11973 0.00600406
11974 -0.0776097
11975 -0.00817969
11976 -0.109688
11977 -0.0728983
11978 -0.00164137
11979 -0.0293689
11980 -0.0296381
11981 -0.0924612
11982 0.016768
11983 -0.0657391
11984 -0.070541
11985 -0.0211751
11986 -0.0462221
11987 -0.0198013
11988 0.0388819
11989 -0.07101
11990 -0.0445768
11991 -0.0228258
11992 -0.0398057
11993 0.0717061
11994 -0.0393249
11995 0.0259566
11996 -0.0804385
11997 -0.0163937
11998 -0.0771973
11999 -0.0306679
12000 0.000483938
