2001 -0.00395692
2002 -0.0390075
2003 -0.0336187
2004 -0.0511934
2005 0.0298292
2006 -0.00603006
2007 -0.0597416
2008 -0.0561836
2009 -0.00897736
2010 -0.0369525
2011 0.0267688
2012 -0.0105242
2013 -0.0166772
2014 -0.0260972
2015 0.0251955
2016 -0.0176672
2017 -0.00853806
2018 -0.0403871
2019 -0.0231603
2020 -0.000284633
2021 0.0072606
2022 -0.0282392
2023 -0.0649466
2024 0.00736424
2025 -0.0671631
2026 -0.0394681
2027 -0.0190699
2028 -0.0732669
2029 -0.0617556
2030 -0.0290749
2031 -0.0135018
2032 0.039773
2033 -0.0213894
2034 -0.0289012
2035 -0.00150098
2036 -0.0752499
2037 0.0398671
2038 -0.0226911
2039 -0.0223842
2040 -0.0330547
2041 0.00912694
2042 -0.000753552
2043 -0.0709099
2044 -0.0129122
2045 -0.00838081
2046 -0.0401727
2047 -0.0241221
2048 -0.0490083
2049 -0.0267781
2050 -0.0158877
2051 -0.0290801
2052 0.00911204
2053 -0.0502906
2054 -0.0148273
2055 0.018854
2056 -0.0607326
2057 0.00409049
2058 0.0359681
2059 -0.0224
2060 0.0320197
2061 0.0378279
2062 -0.0379974
2063 0.0250348
2064 -0.0400174
2065 -0.0293207
2066 0.0346157
2067 0.0177591
2068 -0.0126187
2069 -0.00989811
2070 -0.0115727
2071 0.0254232
2072 -0.0321944
2073 -0.0306961
2074 -0.0450129
2075 -0.0354577
2076 -0.0819141
2077 -0.0169678
2078 -0.0485256
2079 -0.0739445
2080 -0.0296589
2081 0.0456955
2082 0.0134313
2083 -0.0479597
2084 -0.0401637
2085 -0.015942
2086 0.00675246
2087 -0.0135508
2088 -0.0350829
2089 -0.00600835
2090 0.0143123
2091 -0.0281918
2092 -0.0206778
2093 0.0324383
2094 -0.0517471
2095 -0.00450093
2096 -0.033134
2097 -0.0515003
2098 -0.0698981
2099 -0.007349
2100 0.0112457
2101 0.0317657
2102 -0.0344977
2103 -0.0775475
2104 -0.0600614
2105 -0.0186724
2106 0.0154546
2107 -0.0469531
2108 -0.0727777
2109 -0.0637948
2110 0.0487477
2111 0.0275722
2112 0.00699467
2113 0.0141568
2114 0.0132685
2115 -0.00253686
2116 -0.0569262
2117 0.056295
2118 0.0158284
2119 0.0120735
2120 -0.0179114
2121 -0.0711609
2122 -0.0159436
2123 -0.00960401
2124 -0.0877661
2125 -0.0282866
2126 -0.058199
2127 -0.0220458
2128 0.0198156
2129 -0.014801
2130 -0.0353519
2131 -0.0162024
2132 -0.0572879
2133 -0.0134626
2134 0.0108148
2135 0.00316207
2136 -0.0427537
2137 0.00646642
2138 0.0439057
2139 -0.0438841
2140 -0.0371811
2141 0.0130825
2142 0.0123379
2143 0.00590338
2144 -0.0719768
2145 -0.00998043
2146 -0.0199985
2147 0.032066
2148 -0.0138934
2149 -0.0242776
2150 -0.0299891
2151 -0.0214707
2152 -0.0395227
2153 0.00252725
2154 0.0281854
2155 -0.015312
2156 -0.0563274
2157 0.00706678
2158 0.00259344
2159 0.0396857
2160 -0.00940468
2161 -0.00614353
2162 -0.000108335
2163 -0.0894472
2164 -0.0364311
2165 -0.0163399
2166 -0.0589297
2167 0.0101948
2168 -0.0122144
2169 -0.00950091
2170 -0.00859525
2171 0.0138068
2172 0.022956
2173 -0.0289655
2174 -0.00592917
2175 0.0231484
2176 -0.0353728
2177 0.0319659
2178 0.0142534
2179 -0.0112554
2180 -0.0335646
2181 0.0108583
2182 -0.04981
2183 -0.0636233
2184 -0.00406798
2185 -0.052037
2186 -0.0165951
2187 -0.0425136
2188 -0.0539923
2189 -0.0195495
2190 -0.0287916
2191 -0.0164507
2192 -0.0194012
2193 -0.0523106
2194 -0.0437495
2195 0.0170179
2196 -0.0375656
2197 -0.00872477
2198 -0.0121857
2199 -0.0537684
2200 -0.011556
2201 0.0287189
2202 -0.0222804
2203 -0.0251166
2204 -0.0843252
2205 -0.0113386
2206 -0.0765416
2207 -0.0217062
2208 -0.0417813
2209 -0.00824644
2210 0.0128076
2211 -0.0706189
2212 -0.0709413
2213 -0.0321607
2214 -0.0542319
2215 -0.0407472
2216 0.0057145
2217 -0.0382754
2218 -0.0458166
2219 -0.0792387
2220 -0.0884984
2221 0.0284929
2222 0.00282113
2223 -0.0104256
2224 -0.0184699
2225 0.0116401
2226 0.00958126
2227 -0.0214416
2228 -0.00223636
2229 0.0123183
2230 -0.0663091
2231 0.037802
2232 -0.0146749
2233 0.00544567
2234 -0.0220742
2235 0.0175508
2236 0.0158549
2237 0.0229324
2238 -0.042044
2239 -0.00302969
2240 0.0316878
2241 -0.0348471
2242 -0.0100234
2243 -0.0685138
2244 0.0116126
2245 -0.0110151
2246 -0.023131
2247 -0.0242896
2248 -0.0645331
2249 -0.0221597
2250 -0.0113755
2251 -0.0329505
2252 0.0325461
2253 -0.0143054
2254 0.0557686
2255 -0.0372979
2256 -0.0203279
2257 -0.0136943
2258 -0.0627701
2259 0.00530239
2260 -0.00450567
2261 0.00453142
2262 -0.0625358
2263 -0.043494
2264 -0.00397995
2265 -0.0452024
2266 0.0121677
2267 -0.0149614
2268 -0.0103064
2269 0.0234362
2270 -0.0682137
2271 0.0335149
2272 0.0122725
2273 -0.0368587
2274 -0.0574804
2275 -0.0191505
2276 0.00938774
2277 -0.0613567
2278 -0.0644934
2279 0.0250121
2280 -0.0329766
2281 -0.0460279
2282 -0.0113784
2283 0.0275913
2284 -0.0487519
2285 -0.0328041
2286 0.0228358
2287 -0.0374153
2288 0.00886755
2289 -0.0473754
2290 -0.0509208
2291 -0.0320456
2292 -0.0356533
2293 -0.0893356
2294 -0.0290053
2295 -0.0283495
2296 -0.00575624
2297 -0.0593422
2298 0.00749542
2299 -0.011175
2300 -0.00780161
2301 -0.0415545
2302 -0.0513425
2303 0.0117623
2304 -0.0319496
2305 -0.0812176
2306 -0.0127297
2307 -0.0492394
2308 -0.0191668
2309 0.0262405
2310 -0.0736402
2311 -0.0527649
2312 -0.028752
2313 -0.00564446
2314 -0.0822315
2315 -0.0226909
2316 -0.00829658
2317 -0.00351062
2318 -0.0879129
2319 -0.0171921
2320 0.0487928
2321 -0.0188594
2322 -0.018654
2323 0.0288166
2324 -0.0321777
2325 -0.0216208
2326 0.0337387
2327 -0.0327089
2328 0.0313463
2329 -0.0406836
2330 -0.0255085
2331 -0.010201
2332 -0.0317833
2333 -0.021262
2334 -0.0230858
2335 -0.0481571
2336 -0.0433575
2337 -0.00035934
2338 0.00585827
2339 0.0190386
2340 -0.017094
2341 0.014416
2342 -0.0729877
2343 -0.0876838
2344 -0.0295229
2345 -0.0598231
2346 -0.0616194
2347 0.0133848
2348 -0.0687568
2349 -0.0713705
2350 0.0174218
2351 -0.0341798
2352 -0.0700195
2353 0.0237288
2354 -0.0356173
2355 0.00405049
2356 -0.0341846
2357 0.040202
2358 -0.044238
2359 -0.0160649
2360 0.0286743
2361 0.034657
2362 -0.00857395
2363 0.000144945
2364 -0.0265186
2365 -0.0299798
2366 -0.00518217
2367 -0.0110569
2368 -0.0164924
2369 0.00527011
2370 -0.022718
2371 -0.0301658
2372 -0.00371359
2373 -0.0418096
2374 -0.0415201
2375 -0.0128618
2376 -0.0485667
2377 -0.0326975
2378 -0.0172745
2379 0.00605333
2380 -0.0618679
2381 -0.0308281
2382 0.000229293
2383 -0.0639321
2384 -0.00168432
2385 0.0252031
2386 -7.48833e-05
2387 -0.047725
2388 0.00762844
2389 -0.104457
2390 -0.0348196
2391 0.0237668
2392 0.041281
2393 0.0226715
2394 0.0041854
2395 0.0191666
2396 -0.0371744
2397 -0.0113281
2398 -0.034381
2399 0.0176589
2400 -0.0492747
2401 -0.0329658
2402 -0.0283257
2403 0.0199929
2404 0.0316975
2405 -0.0193114
2406 -0.00715324
2407 -0.0371518
2408 0.00376575
2409 -0.0231638
2410 0.0325725
2411 -0.0546961
2412 -0.0254055
2413 -0.0219586
2414 -0.0693943
2415 0.000384128
2416 0.029504
2417 -0.03827
2418 -0.015266
2419 -0.016748
2420 -0.00898071
2421 0.0331964
2422 -0.0230623
2423 -0.0923484
2424 0.0148439
2425 -0.0228093
2426 -0.0642224
2427 0.00733853
2428 -0.031212
2429 -0.033057
2430 -0.0174864
2431 -0.0617571
2432 -0.0253281
2433 -0.0412508
2434 -0.00148302
2435 0.0415766
2436 -0.0433992
2437 -0.0499146
2438 -0.0397842
2439 -0.0029508
2440 -0.01247
2441 -0.0247277
2442 -0.0350228
2443 -0.00827986
2444 0.0139147
2445 0.00547546
2446 -0.0461979
2447 -0.0591629
2448 -0.0106883
2449 0.00309604
2450 -0.030639
2451 -0.0231817
2452 -0.0536137
2453 -0.04017
2454 -0.0179023
2455 -0.038842
2456 -0.0306072
2457 -0.0160114
2458 0.0280278
2459 -0.0180124
2460 -0.0324829
2461 -0.020177
2462 0.0312253
2463 -0.016677
2464 -0.00543528
2465 0.0199783
2466 -0.0139777
2467 -0.00832437
2468 -0.0822836
2469 -0.036732
2470 -0.01909
2471 0.00745704
2472 0.00225759
2473 -0.0176006
2474 -0.0119316
2475 -0.0905564
2476 -0.0804669
2477 -0.0831068
2478 0.00645847
2479 -0.00233918
2480 -0.0227902
2481 -0.00718334
2482 -0.0340676
2483 -0.0147148
2484 -0.0720215
2485 0.0296615
2486 -0.0365308
2487 -0.0704503
2488 0.00989667
2489 -0.0305855
2490 0.00225778
2491 -0.0111249
2492 0.021995
2493 -0.0338347
2494 0.0423617
2495 -0.0478419
2496 -0.0575217
2497 -0.021314
2498 -0.0223762
2499 -0.0425172
2500 -0.0569528
2501 0.0520653
2502 0.0358152
2503 -0.0227768
2504 -0.00129023
2505 -0.0193933
2506 -0.00589075
2507 -0.00109938
2508 -0.0831756
2509 -0.00413787
2510 -0.0105561
2511 0.0421978
2512 0.00502946
2513 -0.0275844
2514 -0.0104032
2515 -0.0359821
2516 0.00972974
2517 0.0391291
2518 -0.0296864
2519 -0.0135142
2520 0.0229432
2521 -0.0498263
2522 -0.00395808
2523 0.00255636
2524 -0.0377876
2525 -0.0177158
2526 0.0126472
2527 -0.0660233
2528 -0.0272807
2529 -0.0371202
2530 -0.0188809
2531 -0.0137548
2532 -0.0114171
2533 -0.0078308
2534 0.00663312
2535 -0.00884632
2536 0.0172054
2537 -0.0422393
2538 -0.0656083
2539 -0.00510793
2540 0.00517596
2541 -0.00702436
2542 0.0146733
2543 -0.0333294
2544 -0.033102
2545 0.032109
2546 -0.0341431
2547 -0.00724184
2548 0.0109101
2549 -0.0266475
2550 -0.0143808
2551 -0.020722
2552 0.0288569
2553 0.0179553
2554 -0.00318469
2555 0.0240177
2556 -0.0216414
2557 -0.0534033
2558 0.00444536
2559 -0.0234228
2560 -0.0130356
2561 0.00919461
2562 -0.0330606
2563 -0.0152714
2564 0.00143868
2565 -0.00693593
2566 -0.00884773
2567 -0.0195733
2568 0.00538108
2569 0.0065798
2570 0.00530988
2571 -0.0495333
2572 -0.0220833
2573 -0.0493576
2574 0.0192235
2575 -0.0161044
2576 -0.0042196
2577 -0.0467413
2578 -0.0608306
2579 0.018638
2580 -0.0104398
2581 -0.0534045
2582 -0.0291084
2583 -0.0287522
2584 -0.0201435
2585 0.00285711
2586 -0.0123786
2587 0.0154249
2588 -0.0305668
2589 0.00433306
2590 -0.00292332
2591 -0.0517641
2592 0.0582459
2593 -0.027096
2594 0.00804292
2595 -0.0103573
2596 -0.0366782
2597 -0.0495996
2598 -0.00247245
2599 0.0261864
2600 -0.0353521
2601 -0.0715239
2602 -0.0512541
2603 -0.0325327
2604 -0.0256816
2605 -0.0390104
2606 -0.0351392
2607 -0.0931819
2608 -0.017523
2609 -0.015613
2610 -0.0487788
2611 -0.0215767
2612 -0.0442452
2613 -0.0199614
2614 -0.0675629
2615 0.0127743
2616 -0.0556009
2617 -0.046413
2618 -0.0189215
2619 -0.0394898
2620 -0.0437167
2621 -0.059042
2622 0.0237134
2623 -0.0905096
2624 -0.0553329
2625 -0.0253165
2626 -0.0418597
2627 -0.00412926
2628 -0.0239995
2629 0.0195109
2630 0.0280299
2631 0.0114639
2632 -0.088428
2633 -0.0550269
2634 0.0124765
2635 -0.0399488
2636 -0.0675022
2637 -0.0439376
2638 0.0201347
2639 0.0339203
2640 -0.0204106
2641 0.00632545
2642 -0.0116216
2643 -0.019261
2644 -0.0347773
2645 -0.0273183
2646 -0.0310378
2647 -0.032304
2648 -0.0464484
2649 -0.0159847
2650 0.0664429
2651 -0.00057764
2652 -0.0689954
2653 -0.0246585
2654 0.0105974
2655 0.0405744
2656 0.0167772
2657 -0.0350454
2658 -0.0166626
2659 -0.0251274
2660 -0.00672416
2661 -0.0663442
2662 0.00121359
2663 -0.0696121
2664 -0.041408
2665 -0.0402292
2666 -0.0471802
2667 0.0365189
2668 0.0423218
2669 -0.000414178
2670 0.0178667
2671 -0.0283145
2672 -0.0729461
2673 -0.00245469
2674 0.0126008
2675 -0.0391533
2676 -0.0105571
2677 -0.012633
2678 -0.0400305
2679 -0.0849772
2680 -0.0218553
2681 -0.00636915
2682 -0.00657533
2683 -0.018551
2684 -0.0151196
2685 -0.0352307
2686 -0.0154469
2687 -0.0653708
2688 -0.0241516
2689 0.0390325
2690 0.0116226
2691 -0.00371179
2692 -0.0204901
2693 -0.00915297
2694 -0.0211376
2695 -0.0423071
2696 -0.0372555
2697 0.0238764
2698 -0.018748
2699 -0.0392722
2700 -0.0735037
2701 -0.0222626
2702 -0.0244915
2703 0.00991249
2704 0.0321507
2705 -0.0542942
2706 -0.0397222
2707 -0.0390169
2708 0.00733756
2709 -0.00425738
2710 -0.0302527
2711 -0.0110222
2712 -0.0328626
2713 0.00665454
2714 -0.0671952
2715 -0.0547937
2716 -0.0735773
2717 0.0100839
2718 -0.0538277
2719 -0.0191162
2720 -0.0237697
2721 -0.0079079
2722 0.00558063
2723 0.00534957
2724 -0.0561998
2725 0.000213995
2726 -0.050326
2727 -0.0453405
2728 -0.0424183
2729 -0.0143638
2730 0.0188442
2731 -0.00733679
2732 0.0568351
2733 -0.0307173
2734 -0.0324868
2735 -0.0491999
2736 -0.0102153
2737 -0.0304566
2738 0.000166247
2739 -0.00713417
2740 -0.0354462
2741 0.00602064
2742 -0.0173461
2743 -0.0886245
2744 -0.0245479
2745 -0.0123502
2746 -0.000952223
2747 -0.0147926
2748 -0.0371617
2749 -0.049886
2750 -0.0100482
2751 -0.00920563
2752 -0.0264578
2753 0.00966877
2754 -0.0187075
2755 -0.113488
2756 -0.00728032
2757 -0.039419
2758 -0.030522
2759 -0.0477532
2760 -0.0351992
2761 -0.0286563
2762 -0.0534579
2763 -0.0968224
2764 0.0362055
2765 0.00366935
2766 -0.0158243
2767 -0.0261506
2768 -0.0575321
2769 0.0112728
2770 0.0285361
2771 -0.0671912
2772 -0.0260718
2773 0.0408436
2774 0.00909904
2775 0.0245856
2776 -0.00936188
2777 -0.0258517
2778 0.00475286
2779 -0.0150338
2780 -0.0429996
2781 -0.0931153
2782 -0.0403461
2783 -0.0417826
2784 -0.0959492
2785 -0.0362145
2786 0.0120537
2787 0.0129313
2788 -0.0251985
2789 0.00634275
2790 -0.0423981
2791 -0.0485146
2792 -0.0206364
2793 -0.00986945
2794 0.0271272
2795 -0.00410271
2796 -0.0418681
2797 -0.0401587
2798 -0.0506891
2799 0.0219972
2800 0.0241313
2801 -0.0118879
2802 -0.0420413
2803 -0.050315
2804 0.00875153
2805 -0.0734136
2806 -0.037584
2807 0.0261697
2808 -0.00659104
2809 -0.0300876
2810 -0.0147429
2811 -0.0308997
2812 -0.0413848
2813 -0.0516043
2814 0.0179984
2815 -0.0259873
2816 -0.0503746
2817 0.0114172
2818 -0.0192126
2819 -0.00413286
2820 0.00171217
2821 -0.0491968
2822 0.0229316
2823 0.0308
2824 -0.00894831
2825 -0.0728117
2826 -0.00225774
2827 0.0115723
2828 -0.00392283
2829 -0.00483129
2830 -0.0269928
2831 -0.0436207
2832 -0.0505593
2833 0.00647301
2834 -0.0121905
2835 -0.0518157
2836 -0.0295698
2837 -0.0941694
2838 -0.0601098
2839 -0.011319
2840 -0.0180058
2841 -0.0344231
2842 -0.0838658
2843 -0.0536768
2844 -0.0482279
2845 -0.0223231
2846 -0.00369565
2847 0.00887481
2848 -0.0235308
2849 -0.00486378
2850 0.0251076
2851 -0.0630584
2852 -0.0415223
2853 0.0110151
2854 -0.0771115
2855 -0.057931
2856 -0.0770866
2857 -0.0801452
2858 -0.0472167
2859 -0.0166879
2860 -0.0361506
2861 -0.00527298
2862 -0.0522515
2863 -0.005515
2864 -0.0249394
2865 -0.0141021
2866 -0.0425487
2867 -0.0214907
2868 0.0454057
2869 -0.0457489
2870 -0.0306638
2871 0.0355709
2872 0.00407634
2873 -0.0500386
2874 -0.0466572
2875 0.00141715
2876 -0.0269962
2877 0.0147406
2878 -0.0155942
2879 -0.0319429
2880 -0.0221877
2881 0.0147056
2882 0.0158758
2883 -0.052901
2884 -0.00789796
2885 -0.0645538
2886 -0.0180798
2887 -0.0185792
2888 -0.00233974
2889 -0.0110838
2890 -0.0812827
2891 -0.0897591
2892 -0.023073
2893 -0.0522125
2894 0.00159351
2895 -0.0211192
2896 -0.0464192
2897 -0.00426386
2898 -0.0134498
2899 0.0322507
2900 0.00340605
2901 -0.0295566
2902 -0.0270842
2903 -0.0729323
2904 -0.0291725
2905 -0.00301466
2906 0.0251808
2907 0.0228759
2908 -0.00510445
2909 -0.058388
2910 0.00380632
2911 -0.0183876
2912 0.0174686
2913 -0.00944401
2914 -0.0122614
2915 -0.0560341
2916 0.00769345
2917 0.00269878
2918 0.014967
2919 -0.00977294
2920 0.00356205
2921 -0.0309776
2922 -0.0340402
2923 -0.00421037
2924 -0.0507349
2925 0.0198718
2926 -0.0749592
2927 -0.0202444
2928 0.0045935
2929 0.0604172
2930 0.0154492
2931 -0.0226432
2932 -0.0069982
2933 0.0267283
2934 -0.0297352
2935 0.0147294
2936 0.00950519
2937 0.0287591
2938 -0.0139964
2939 -0.0104684
2940 0.00189681
2941 -0.0492672
2942 0.0352225
2943 -0.0338901
2944 -0.0484318
2945 0.00424628
2946 -0.0288203
2947 0.00135681
2948 -0.0229468
2949 0.00286936
2950 0.0194572
2951 -0.0140684
2952 -0.0277154
2953 -0.0141696
2954 -0.0113776
2955 -0.00873234
2956 -0.0425752
2957 -0.00477035
2958 -0.0770222
2959 -0.0687257
2960 -0.0676391
2961 -0.0651169
2962 0.0211305
2963 0.00896923
2964 -0.0418693
2965 -0.0582562
2966 -0.0753261
2967 0.0125762
2968 -0.0318335
2969 -0.0613578
2970 -0.00466681
2971 -0.0255588
2972 -0.0380209
2973 -0.0630656
2974 -0.0155169
2975 -0.049232
2976 -0.0297548
2977 -0.0315582
2978 0.0134447
2979 -0.0493652
2980 -0.0992564
2981 0.00309198
2982 -0.066041
2983 -0.0191792
2984 0.0337744
2985 0.0271442
2986 -0.0723694
2987 -0.028552
2988 -0.00739439
2989 0.0543061
2990 -0.013084
2991 0.0484329
2992 -0.0394006
2993 -0.0458838
2994 -0.0769602
2995 -0.0382171
2996 -0.0602566
2997 -0.0578761
2998 -0.0173247
2999 -0.0457488
3000 -0.0139173
