19001 -0.0607166
19002 0.0423537
19003 -0.0205535
19004 0.0261119
19005 0.0205757
19006 -0.0549415
19007 -0.078425
19008 -0.0428425
19009 0.00576243
19010 -0.00889786
19011 -0.0359326
19012 0.0258635
19013 -0.0127851
19014 -0.0119011
19015 -0.0112332
19016 -0.0257732
19017 0.0231679
19018 -0.039866
19019 -0.0807198
19020 0.00876651
19021 -0.0518522
19022 -0.0245282
19023 0.0229473
19024 -0.0224689
19025 -0.00262869
19026 -0.0104078
19027 -0.0399766
19028 -0.0121698
19029 -0.0231394
19030 -0.0626688
19031 0.0156659
19032 -0.0517289
19033 0.058787
19034 -0.055626
19035 -0.0633924
19036 -0.0095663
19037 -0.0276239
19038 -0.0498239
19039 -0.00965044
19040 -0.0441986
19041 -0.100542
19042 -0.0318811
19043 -0.0503563
19044 -0.0521564
19045 -0.0458218
19046 -0.0135553
19047 -0.0391405
19048 -0.0168156
19049 -0.0768109
19050 -0.0284724
19051 0.0253362
19052 0.0277222
19053 0.00806589
19054 -0.0652418
19055 -0.0482336
19056 -0.0618664
19057 -0.00145982
19058 -0.0928925
19059 -0.04673
19060 -0.0686544
19061 -0.0290373
19062 -0.033863
19063 0.0211726
19064 -0.0391538
19065 -0.0242434
19066 -0.0631881
19067 -0.0590249
19068 -0.0995016
19069 -0.0179534
19070 -0.0625161
19071 -0.0518605
19072 -0.0218463
19073 -0.0410994
19074 -0.00893874
19075 -0.050426
19076 0.00115246
19077 -0.0446765
19078 -0.0883441
19079 -0.0342656
19080 -0.0474047
19081 -0.00663194
19082 0.0292505
19083 -0.0195757
19084 -0.0831025
19085 0.0252457
19086 -0.105964
19087 0.0601558
19088 -0.00376683
19089 0.0042674
19090 -0.0523239
19091 -0.0499993
19092 0.000558622
19093 -0.0371938
19094 -0.0664397
19095 -0.0429542
19096 -0.042197
19097 -0.0451203
19098 -0.0420202
19099 -0.0573959
19100 0.0164594
19101 0.0102904
19102 -0.0124908
19103 -0.0229958
19104 0.0156717
19105 -0.0105072
19106 -0.0255506
19107 -0.0358307
19108 -0.0187048
19109 -0.0347914
19110 -0.00977846
19111 -0.062619
19112 -0.0302853
19113 -0.0965951
19114 0.00356937
19115 0.0160791
19116 -0.0686326
19117 -0.0654132
19118 -0.0750824
19119 -0.123341
19120 -0.0171189
19121 -0.00906967
19122 -0.0466523
19123 -0.046119
19124 -0.0257635
19125 -0.0230428
19126 0.00859225
19127 -0.0592566
19128 0.0198474
19129 0.0445339
19130 -0.0535814
19131 0.0370419
19132 0.0288569
19133 0.0132339
19134 -0.0345598
19135 -0.0202508
19136 -0.0916446
19137 -0.0425979
19138 -0.0415668
19139 -0.0274905
19140 -0.0499503
19141 -0.0386492
19142 -0.0200983
19143 -0.0350751
19144 -0.0397756
19145 -0.0133474
19146 -0.0369284
19147 -0.0763085
19148 -0.00835101
19149 0.00162358
19150 -0.0886621
19151 0.0169938
19152 -0.0447035
19153 -0.0901901
19154 0.0258852
19155 -0.0343669
19156 0.0301265
19157 -0.0649687
19158 0.0128521
19159 0.0278439
19160 -0.0018187
19161 -0.0653912
19162 -0.0103472
19163 -0.0597659
19164 -0.0116874
19165 -0.0280281
19166 0.0116156
19167 -0.0223974
19168 -0.0324442
19169 0.00425366
19170 -0.0437287
19171 0.0052458
19172 -0.0410806
19173 -0.0189824
19174 0.00611936
19175 0.0226184
19176 0.00193827
19177 -0.0135568
19178 0.0215038
19179 -0.00169971
19180 -0.0218448
19181 -0.0574559
19182 -0.0318829
19183 -0.00458181
19184 -0.0180787
19185 -0.0267056
19186 -0.0492696
19187 -0.0321118
19188 0.00120126
19189 -0.00151175
19190 0.0448783
19191 -0.0520185
19192 -0.00571523
19193 -0.058624
19194 0.00337301
19195 0.00797901
19196 0.00476362
19197 0.0212564
19198 -0.0244323
19199 -0.0199801
19200 -0.00351062
19201 -0.0697801
19202 -0.0507042
19203 -0.0376765
19204 -0.0125041
19205 -0.0736436
19206 0.0120274
19207 -0.0595531
19208 0.0308305
19209 -0.0167168
19210 0.00315867
19211 -0.0466785
19212 -0.0703124
19213 -0.00234353
19214 -0.017815
19215 -0.00810627
19216 -0.0268111
19217 0.0209493
19218 -0.0412778
19219 -8.20933e-05
19220 -0.0305414
19221 -0.0417874
19222 0.020105
19223 0.057936
19224 -0.0599188
19225 -0.0420499
19226 -0.0795904
19227 -0.0110047
19228 -0.0864355
19229 -0.0246803
19230 -0.0413094
19231 0.0248971
19232 -0.0630998
19233 -0.058564
19234 -0.00706534
19235 -0.0451409
19236 0.0211678
19237 -0.00116463
19238 -0.0311145
19239 -0.0635034
19240 -0.0650414
19241 -0.00932664
19242 0.0154493
19243 0.0110241
19244 -0.0683392
19245 0.0174165
19246 -0.00490785
19247 -0.0623764
19248 -0.0230686
19249 -0.0502225
19250 -0.0536598
19251 -0.0718826
19252 -0.028446
19253 -0.0163051
19254 -0.0731716
19255 -0.0672897
19256 0.00201849
19257 -0.086074
19258 0.0480014
19259 -0.062236
19260 -0.00990248
19261 0.00496477
19262 -0.0373961
19263 0.0058801
19264 -0.014622
19265 0.0159565
19266 0.03253
19267 0.0240964
19268 -0.0505206
19269 -0.0227223
19270 0.0198038
19271 -0.0595912
19272 0.0302295
19273 -0.0404811
19274 -0.00841487
19275 -0.0490805
19276 -0.031118
19277 -0.0152267
19278 -0.0625109
19279 -0.0124039
19280 -0.000885642
19281 0.00838129
19282 -0.0510268
19283 -0.0329652
19284 -0.00863425
19285 -0.101123
19286 -0.0209078
19287 0.0076262
19288 -0.00625191
19289 -0.0123667
19290 -0.0307266
19291 0.0161802
19292 -0.0354359
19293 -0.00143218
19294 -0.0406708
19295 -0.006202
19296 -0.0211197
19297 0.00519797
19298 -0.00286466
19299 0.0129595
19300 -0.0113766
19301 0.0142326
19302 -0.0419574
19303 0.014361
19304 -0.0154285
19305 -0.00864437
19306 -0.0208449
19307 -0.014957
19308 0.0461593
19309 0.00577104
19310 0.00529163
19311 -0.0325241
19312 -0.0413518
19313 0.0115121
19314 -0.0434895
19315 -0.0407866
19316 0.0641684
19317 0.0140296
19318 -0.0888956
19319 -0.00590565
19320 0.0595847
19321 -0.0204849
19322 -0.0196178
19323 -0.0665333
19324 -0.0960529
19325 -0.0463833
19326 -0.0321172
19327 -0.0398566
19328 -0.0514444
19329 -0.0658232
19330 0.0341387
19331 0.0277847
19332 -0.0458972
19333 -0.0101102
19334 -0.0724648
19335 0.0306261
19336 -0.0187631
19337 -0.0163071
19338 -0.0177699
19339 0.0179581
19340 -0.0401128
19341 -0.000133842
19342 -0.0501688
19343 -0.10196
19344 -0.0503527
19345 0.008643
19346 -0.00216724
19347 0.00775531
19348 -0.0874175
19349 -0.0697051
19350 -0.0232915
19351 -0.00736544
19352 0.0135132
19353 -0.0339945
19354 -0.0837784
19355 0.0354081
19356 0.0293411
19357 -0.0121833
19358 -0.0118314
19359 -0.0298862
19360 -0.00652263
19361 -0.0102558
19362 -0.0360117
19363 -0.0186726
19364 -0.0343409
19365 -0.0207191
19366 -0.0124761
19367 0.0103269
19368 0.00965975
19369 -0.018127
19370 -0.0220138
19371 -0.0451189
19372 0.00920603
19373 0.0141858
19374 -0.0260944
19375 0.000144195
19376 0.0456227
19377 -0.0262399
19378 0.0579264
19379 -0.0655342
19380 -0.0147035
19381 0.0137536
19382 -0.0139911
19383 0.0134031
19384 -0.0062809
19385 0.0199277
19386 0.0258149
19387 -0.00491275
19388 -0.0358819
19389 -0.020988
19390 -0.0803498
19391 0.0138548
19392 0.0110876
19393 0.0409886
19394 -0.028951
19395 -0.0363729
19396 -0.0434104
19397 -0.0358261
19398 0.0286429
19399 -0.0424441
19400 -0.0393465
19401 -0.0672467
19402 0.0167897
19403 -0.0574191
19404 -0.0507851
19405 0.00997026
19406 -0.0847418
19407 -0.0538349
19408 0.00706609
19409 -0.0418859
19410 -0.0232299
19411 -0.0184503
19412 0.0350431
19413 0.067787
19414 -0.00482245
19415 -0.0532599
19416 -0.0121473
19417 0.00588494
19418 0.00498319
19419 -0.00667445
19420 -0.0381882
19421 -0.056173
19422 -0.0399322
19423 0.00842174
19424 0.00264852
19425 -0.0759565
19426 0.0141292
19427 0.0412986
19428 -0.0526529
19429 -0.0413995
19430 0.00408366
19431 -0.0594998
19432 -0.03337
19433 -0.0577905
19434 0.0435608
19435 -0.0563111
19436 0.0159481
19437 -0.0526594
19438 0.0866061
19439 -0.0896242
19440 0.0543708
19441 -0.00826483
19442 -0.0353219
19443 0.00556797
19444 -0.0316345
19445 -0.0330708
19446 -0.0121917
19447 -0.0402566
19448 0.0334379
19449 -0.00251871
19450 -0.0137123
19451 -0.0427198
19452 -0.0138738
19453 -0.0810246
19454 0.0134193
19455 -0.0196601
19456 -0.0428103
19457 0.00938118
19458 0.00850891
19459 -0.0145441
19460 -0.013549
19461 0.0157387
19462 -0.0178257
19463 -0.0216305
19464 -0.0334259
19465 -0.0291061
19466 -0.0405972
19467 0.00505859
19468 -0.0234336
19469 -0.00494295
19470 0.00901676
19471 -0.0106693
19472 0.0305921
19473 -0.061998
19474 -0.0907369
19475 -0.0460065
19476 0.00452133
19477 -0.0694445
19478 -0.0471703
19479 -0.0884911
19480 -0.0731625
19481 -0.0198581
19482 0.047082
19483 -0.00925286
19484 0.000472947
19485 0.0645243
19486 -0.0495189
19487 0.00579194
19488 -0.0285017
19489 0.0412759
19490 -0.0559507
19491 -0.0237123
19492 -0.0463816
19493 0.0337621
19494 -0.0155386
19495 -0.046601
19496 -0.0625148
19497 0.0143821
19498 0.00800506
19499 0.0183528
19500 -0.000211767
19501 -0.026536
19502 0.00560671
19503 -0.0270039
19504 -0.00498451
19505 -0.0285056
19506 0.0268475
19507 -0.0287313
19508 -0.0515927
19509 -0.0145044
19510 0.0250206
19511 -0.055932
19512 -0.0244364
19513 -0.0420039
19514 -0.0892704
19515 0.0152667
19516 -0.0504069
19517 -0.00830916
19518 -0.0261077
19519 -0.0158454
19520 -0.0527795
19521 -0.0890961
19522 -0.0782626
19523 -0.0599245
19524 0.0129212
19525 -0.047002
19526 -0.00503902
19527 -0.0322292
19528 -0.0405074
19529 -0.0256641
19530 -0.0492262
19531 0.000172948
19532 -0.0209229
19533 -0.0194556
19534 -0.0416636
19535 -0.0344324
19536 0.0294692
19537 0.0171659
19538 -0.0187607
19539 -0.0415101
19540 -0.0674471
19541 -0.0314584
19542 0.0454134
19543 0.0253522
19544 -0.115773
19545 -0.0320997
19546 -0.0411125
19547 0.0049759
19548 -0.0328387
19549 -0.0136398
19550 0.0362987
19551 0.023544
19552 -0.0755903
19553 -0.0563547
19554 -0.0252077
19555 -0.0578985
19556 -0.0276367
19557 -0.0902543
19558 0.00216448
19559 0.017937
19560 0.00758487
19561 -0.0259394
19562 0.0537073
19563 -0.0460006
19564 -0.0061684
19565 -0.0439897
19566 -0.0468439
19567 0.00559115
19568 -0.0249814
19569 -0.0129768
19570 0.000135737
19571 -0.0952236
19572 0.0234218
19573 -0.0410459
19574 -0.0407233
19575 0.0164216
19576 -0.0259141
19577 -0.0220815
19578 -0.0459169
19579 -0.0263064
19580 0.0114283
19581 -0.016559
19582 -0.0177213
19583 -0.0331219
19584 -0.047514
19585 0.0167659
19586 0.01066
19587 -0.056361
19588 -0.0180478
19589 -0.0175715
19590 -0.0200221
19591 -0.0159391
19592 0.000233355
19593 -0.0721518
19594 -0.0188257
19595 -0.0126348
19596 -0.0010149
19597 -0.0159489
19598 -0.0520291
19599 -0.0161781
19600 -0.0608385
19601 -0.0320036
19602 0.044934
19603 -0.0462019
19604 -0.0147588
19605 -0.104079
19606 -0.030398
19607 -0.00713372
19608 -0.081899
19609 -0.0686055
19610 -0.0205518
19611 -0.0525854
19612 -0.0309424
19613 -0.0101428
19614 -0.0334483
19615 -0.0430137
19616 -0.00107616
19617 -0.0637673
19618 0.019013
19619 0.00856533
19620 -0.0274508
19621 -0.0479217
19622 -0.0783598
19623 0.00430677
19624 -0.0108978
19625 -0.104832
19626 -0.057376
19627 0.0229413
19628 -0.0275142
19629 -0.0270642
19630 -0.0217418
19631 0.029956
19632 -0.0228484
19633 -0.00893328
19634 -0.0276092
19635 0.0134781
19636 0.00322257
19637 -0.00404286
19638 0.000429427
19639 -0.00884847
19640 0.0199846
19641 -0.0461639
19642 0.00385512
19643 -0.0687631
19644 -0.0643976
19645 -0.00224306
19646 -0.0420064
19647 0.0126324
19648 0.0301304
19649 -0.0456266
19650 -0.0342211
19651 0.038741
19652 -0.0753084
19653 -0.0462846
19654 -0.0219903
19655 -0.0987051
19656 0.0052278
19657 -0.0352227
19658 0.0130778
19659 -0.00218042
19660 0.017905
19661 -0.00301562
19662 -0.0767225
19663 -0.0516386
19664 -0.0200532
19665 -0.00538967
19666 0.0247027
19667 0.0135295
19668 0.00461969
19669 0.00306525
19670 -0.0401267
19671 -0.0224521
19672 0.025769
19673 -0.0260624
19674 0.0238221
19675 0.0272826
19676 -0.011902
19677 -0.000363068
19678 0.0532447
19679 -0.00543649
19680 -0.0531621
19681 0.0362381
19682 0.00880641
19683 -0.038229
19684 -0.0325745
19685 -0.0195325
19686 -0.00173293
19687 -0.0246667
19688 -0.0218759
19689 -0.0728033
19690 0.0194608
19691 -0.042035
19692 0.0545422
19693 -0.00755198
19694 0.0134572
19695 -0.0428802
19696 0.00756768
19697 0.00237019
19698 0.0337525
19699 -0.0383189
19700 -0.0482837
19701 0.00725912
19702 -0.0031243
19703 -0.0182219
19704 -0.0580108
19705 -0.101696
19706 0.0282768
19707 -0.0304482
19708 -0.00150017
19709 -0.0561943
19710 -0.000848922
19711 0.0177983
19712 -0.0269427
19713 -0.0617804
19714 -0.101623
19715 0.00680308
19716 -0.0091849
19717 0.0101077
19718 -0.0261008
19719 -0.000657458
19720 -0.0377828
19721 0.0190458
19722 -0.0439781
19723 0.00787495
19724 -0.0482025
19725 0.0157663
19726 -0.0522614
19727 -0.0268887
19728 -0.0233619
19729 -0.00893754
19730 -0.0535595
19731 -0.0487977
19732 -0.0500214
19733 -0.0340609
19734 -0.0489106
19735 -0.0586933
19736 -0.100499
19737 0.0138752
19738 0.0161966
19739 0.000631612
19740 -0.00894237
19741 0.000584658
19742 -0.0322643
19743 -0.0422436
19744 -0.0561189
19745 -0.0639551
19746 0.0405842
19747 0.0175022
19748 -0.0688116
19749 0.0285656
19750 -0.0186816
19751 0.0157741
19752 -0.0524258
19753 -0.000839512
19754 0.0162048
19755 -0.037758
19756 -0.0306644
19757 -0.059823
19758 -0.0190298
19759 0.0161508
19760 -0.00094136
19761 -0.00843838
19762 0.0338708
19763 0.00250522
19764 -0.0184112
19765 -0.0155375
19766 0.0250016
19767 -0.0228042
19768 -0.0121286
19769 0.0126759
19770 -0.014504
19771 -0.0700578
19772 -0.0308577
19773 -0.055117
19774 -0.0126363
19775 -0.0116714
19776 -0.025945
19777 -0.0350857
19778 0.0206863
19779 -0.0479278
19780 -0.0247503
19781 -0.0944352
19782 0.00052415
19783 -0.0515251
19784 -0.0797237
19785 0.00187098
19786 -0.0188695
19787 -0.0314944
19788 0.0112114
19789 0.0134813
19790 -0.0381015
19791 -0.051927
19792 -0.0509305
19793 0.0268399
19794 0.0555265
19795 -0.0311149
19796 -0.013781
19797 -0.0451653
19798 0.0300064
19799 -0.0484958
19800 -0.0821844
19801 0.0122412
19802 -0.0269101
19803 0.0550811
19804 0.00867139
19805 -0.0341535
19806 -0.0381857
19807 0.0322937
19808 -0.0208695
19809 0.0164209
19810 0.0614269
19811 -0.0270041
19812 -0.00520252
19813 -0.023928
19814 -0.0223103
19815 -0.0129782
19816 -0.0150896
19817 -0.0346578
19818 -0.0399957
19819 -0.0420774
19820 0.0226697
19821 0.00905219
19822 0.0324068
19823 0.000996112
19824 -0.0444291
19825 -0.0358793
19826 -0.0371481
19827 0.0383274
19828 -0.0307212
19829 -0.063029
19830 0.0180261
19831 -0.0467246
19832 -0.0224407
19833 -0.0505062
19834 -0.0160943
19835 -0.0242262
19836 -0.0922266
19837 -0.0388981
19838 0.00665748
19839 -0.0480913
19840 0.0137601
19841 -0.0623948
19842 -0.104357
19843 -0.0197245
19844 -0.0466531
19845 -0.0233649
19846 -0.0358939
19847 -0.0157405
19848 6.95383e-05
19849 -0.0152368
19850 0.0890969
19851 0.00593421
19852 -0.0735732
19853 -0.0546677
19854 -0.0688184
19855 -0.0540691
19856 0.00654392
19857 -0.0418033
19858 0.0196837
19859 -0.0839792
19860 0.0185921
19861 -0.0221268
19862 -0.0481785
19863 -0.0279027
19864 -0.0423566
19865 0.010606
19866 0.0242547
19867 0.0567019
19868 -0.000113805
19869 -0.119829
19870 -0.0135449
19871 -0.0435808
19872 -0.0673078
19873 0.0167611
19874 -0.040328
19875 -0.0322351
19876 -0.0432953
19877 -0.00573657
19878 -0.0516116
19879 -0.0318007
19880 -0.0158602
19881 -0.0246
19882 -0.0813917
19883 -0.0277421
19884 -0.0120235
19885 0.00625742
19886 0.00280667
19887 -0.0363745
19888 -0.0210872
19889 -0.031899
19890 -0.0353064
19891 -0.0293946
19892 -0.0169807
19893 -0.0620124
19894 0.00745192
19895 -0.0214727
19896 -0.0517314
19897 0.00779629
19898 -0.017412
19899 -0.0726076
19900 -0.0511597
19901 -0.0253433
19902 -0.0223622
19903 -0.0191704
19904 0.016694
19905 0.0213169
19906 -0.00143946
19907 -0.0253487
19908 -0.0419788
19909 -0.0668293
19910 -0.0794264
19911 -0.0518933
19912 0.0261163
19913 -0.0549746
19914 0.0181556
19915 -0.0283704
19916 0.0307792
19917 0.0229136
19918 -0.0495723
19919 -0.0635196
19920 -0.0330727
19921 -0.0573606
19922 -0.0396687
19923 0.00198878
19924 -0.00401545
19925 -0.0435498
19926 0.0120336
19927 -0.0101705
19928 -0.0721885
19929 -0.0725011
19930 0.0300702
19931 -0.00585045
19932 -0.048097
19933 -0.0235319
19934 -0.0105836
19935 0.0104815
19936 0.0244361
19937 0.00681115
19938 0.0232239
19939 -0.015811
19940 -0.0558085
19941 0.0310964
19942 -0.0286366
19943 -0.00487487
19944 -0.0214319
19945 0.0204173
19946 -0.0595912
19947 -0.0312436
19948 -0.019822
19949 0.0165464
19950 -0.0159375
19951 -0.024222
19952 -0.0120396
19953 -0.00159799
19954 -0.00576687
19955 -0.0153252
19956 -0.0276343
19957 -0.0270047
19958 0.0238824
19959 -0.0737105
19960 -0.0238305
19961 -0.0190699
19962 -0.0382057
19963 -0.0140386
19964 -0.0248794
19965 0.0183018
19966 -0.0196689
19967 0.0357702
19968 -0.0407592
19969 -0.0334995
19970 -0.0478327
19971 -0.0572596
19972 0.00589138
19973 -0.00731157
19974 0.00805381
19975 0.0227085
19976 -0.0248646
19977 0.0348434
19978 0.0567403
19979 -0.0245647
19980 -0.0219508
19981 0.00809851
19982 -0.000610647
19983 -0.0590422
19984 -0.0555212
19985 0.0443991
19986 -0.042531
19987 -0.0151902
19988 -0.0525859
19989 -0.0714786
19990 -0.0457679
19991 0.0103463
19992 -0.0321691
19993 -0.0665447
19994 -0.0500231
19995 -0.00314457
19996 -0.0295197
19997 0.0154167
19998 0.036338
19999 0.00845712
20000 -0.0251744
