3001 -0.199503
3002 -0.18126
3003 -0.15584
3004 -0.164448
3005 -0.145618
3006 -0.165194
3007 -0.135029
3008 -0.161898
3009 -0.185276
3010 -0.197164
3011 -0.185157
3012 -0.199455
3013 -0.166172
3014 -0.160491
3015 -0.194535
3016 -0.164173
3017 -0.190968
3018 -0.177147
3019 -0.185106
3020 -0.167294
3021 -0.147377
3022 -0.176773
3023 -0.187773
3024 -0.176805
3025 -0.162055
3026 -0.200405
3027 -0.193123
3028 -0.153682
3029 -0.181245
3030 -0.178535
3031 -0.150751
3032 -0.197642
3033 -0.152532
3034 -0.167757
3035 -0.200698
3036 -0.183661
3037 -0.20556
3038 -0.168228
3039 -0.174835
3040 -0.178327
3041 -0.204619
3042 -0.202027
3043 -0.183189
3044 -0.180713
3045 -0.142774
3046 -0.197292
3047 -0.19305
3048 -0.160487
3049 -0.17309
3050 -0.18912
3051 -0.197385
3052 -0.174951
3053 -0.168418
3054 -0.156034
3055 -0.203565
3056 -0.150354
3057 -0.191366
3058 -0.184313
3059 -0.179882
3060 -0.187714
3061 -0.174556
3062 -0.170361
3063 -0.200645
3064 -0.170329
3065 -0.178601
3066 -0.171848
3067 -0.166871
3068 -0.155834
3069 -0.164493
3070 -0.171692
3071 -0.164341
3072 -0.152876
3073 -0.202653
3074 -0.19865
3075 -0.179346
3076 -0.165864
3077 -0.160595
3078 -0.163287
3079 -0.202201
3080 -0.141204
3081 -0.161728
3082 -0.168272
3083 -0.183209
3084 -0.173252
3085 -0.166826
3086 -0.159294
3087 -0.182217
3088 -0.174416
3089 -0.164865
3090 -0.173069
3091 -0.18884
3092 -0.171164
3093 -0.17872
3094 -0.166005
3095 -0.159428
3096 -0.197421
3097 -0.153067
3098 -0.160885
3099 -0.16608
3100 -0.184654
3101 -0.164225
3102 -0.178298
3103 -0.178247
3104 -0.173319
3105 -0.187849
3106 -0.183786
3107 -0.177226
3108 -0.139842
3109 -0.169841
3110 -0.157189
3111 -0.178478
3112 -0.172994
3113 -0.193373
3114 -0.146916
3115 -0.188039
3116 -0.178682
3117 -0.185085
3118 -0.164836
3119 -0.169305
3120 -0.172441
3121 -0.172596
3122 -0.178863
3123 -0.149959
3124 -0.170652
3125 -0.155997
3126 -0.168093
3127 -0.189319
3128 -0.184589
3129 -0.191417
3130 -0.179388
3131 -0.165703
3132 -0.156898
3133 -0.186331
3134 -0.194784
3135 -0.189255
3136 -0.181215
3137 -0.200989
3138 -0.190735
3139 -0.178081
3140 -0.181282
3141 -0.183461
3142 -0.188023
3143 -0.176627
3144 -0.175528
3145 -0.204798
3146 -0.171618
3147 -0.147244
3148 -0.149085
3149 -0.179098
3150 -0.173491
3151 -0.188674
3152 -0.192527
3153 -0.197153
3154 -0.150058
3155 -0.193334
3156 -0.193366
3157 -0.192144
3158 -0.160788
3159 -0.183403
3160 -0.195208
3161 -0.182412
3162 -0.154497
3163 -0.183636
3164 -0.180735
3165 -0.193805
3166 -0.192356
3167 -0.17179
3168 -0.191181
3169 -0.190526
3170 -0.158178
3171 -0.177725
3172 -0.182176
3173 -0.174678
3174 -0.147561
3175 -0.168644
3176 -0.183183
3177 -0.173341
3178 -0.190356
3179 -0.167779
3180 -0.192111
3181 -0.159977
3182 -0.170688
3183 -0.178976
3184 -0.176326
3185 -0.174252
3186 -0.171121
3187 -0.174621
3188 -0.183929
3189 -0.146135
3190 -0.172985
3191 -0.187561
3192 -0.186508
3193 -0.163966
3194 -0.185639
3195 -0.199344
3196 -0.178784
3197 -0.175961
3198 -0.165887
3199 -0.181543
3200 -0.181442
3201 -0.189708
3202 -0.160162
3203 -0.182146
3204 -0.17693
3205 -0.164997
3206 -0.171566
3207 -0.204592
3208 -0.182377
3209 -0.156502
3210 -0.191797
3211 -0.18327
3212 -0.16393
3213 -0.170141
3214 -0.177626
3215 -0.16719
3216 -0.178613
3217 -0.19272
3218 -0.194999
3219 -0.189054
3220 -0.198074
3221 -0.175016
3222 -0.203038
3223 -0.172512
3224 -0.203463
3225 -0.193189
3226 -0.195038
3227 -0.178131
3228 -0.165172
3229 -0.157027
3230 -0.209017
3231 -0.164329
3232 -0.143684
3233 -0.199588
3234 -0.179431
3235 -0.170973
3236 -0.170505
3237 -0.165301
3238 -0.163887
3239 -0.194024
3240 -0.200441
3241 -0.204429
3242 -0.151047
3243 -0.167804
3244 -0.132953
3245 -0.183973
3246 -0.171524
3247 -0.194474
3248 -0.171846
3249 -0.160183
3250 -0.172012
3251 -0.168353
3252 -0.153569
3253 -0.161475
3254 -0.190715
3255 -0.178514
3256 -0.146975
3257 -0.188143
3258 -0.167524
3259 -0.162853
3260 -0.167605
3261 -0.182409
3262 -0.183194
3263 -0.162544
3264 -0.197735
3265 -0.201329
3266 -0.193732
3267 -0.163895
3268 -0.146007
3269 -0.145955
3270 -0.165396
3271 -0.190122
3272 -0.171763
3273 -0.171268
3274 -0.164763
3275 -0.174756
3276 -0.175031
3277 -0.163251
3278 -0.19442
3279 -0.186387
3280 -0.153466
3281 -0.175443
3282 -0.164365
3283 -0.153876
3284 -0.184023
3285 -0.17747
3286 -0.184562
3287 -0.186493
3288 -0.170931
3289 -0.195839
3290 -0.173202
3291 -0.152869
3292 -0.147866
3293 -0.204413
3294 -0.190306
3295 -0.180578
3296 -0.157215
3297 -0.16238
3298 -0.191464
3299 -0.203231
3300 -0.170053
3301 -0.184754
3302 -0.172907
3303 -0.191095
3304 -0.194227
3305 -0.20094
3306 -0.179058
3307 -0.140558
3308 -0.17689
3309 -0.153098
3310 -0.141972
3311 -0.153934
3312 -0.16149
3313 -0.162737
3314 -0.199723
3315 -0.163545
3316 -0.169239
3317 -0.172825
3318 -0.190146
3319 -0.170379
3320 -0.20379
3321 -0.193777
3322 -0.193189
3323 -0.187967
3324 -0.154645
3325 -0.166084
3326 -0.206082
3327 -0.187685
3328 -0.183313
3329 -0.18998
3330 -0.188259
3331 -0.147105
3332 -0.178002
3333 -0.187482
3334 -0.159605
3335 -0.172504
3336 -0.17974
3337 -0.199957
3338 -0.177434
3339 -0.208137
3340 -0.174941
3341 -0.13745
3342 -0.16768
3343 -0.163069
3344 -0.158229
3345 -0.183341
3346 -0.16379
3347 -0.192235
3348 -0.171642
3349 -0.175871
3350 -0.184541
3351 -0.176839
3352 -0.166382
3353 -0.188008
3354 -0.174192
3355 -0.172413
3356 -0.188939
3357 -0.155056
3358 -0.166845
3359 -0.193487
3360 -0.188747
3361 -0.166286
3362 -0.18538
3363 -0.192668
3364 -0.161906
3365 -0.173204
3366 -0.173221
3367 -0.171002
3368 -0.202736
3369 -0.178522
3370 -0.166187
3371 -0.167735
3372 -0.185755
3373 -0.189625
3374 -0.197655
3375 -0.199094
3376 -0.176564
3377 -0.186668
3378 -0.157279
3379 -0.164476
3380 -0.186015
3381 -0.167638
3382 -0.172111
3383 -0.150183
3384 -0.200214
3385 -0.18515
3386 -0.188524
3387 -0.20096
3388 -0.176636
3389 -0.160043
3390 -0.17612
3391 -0.188665
3392 -0.188121
3393 -0.195938
3394 -0.155786
3395 -0.174672
3396 -0.188078
3397 -0.18002
3398 -0.193948
3399 -0.173259
3400 -0.163699
3401 -0.175077
3402 -0.196975
3403 -0.160381
3404 -0.163136
3405 -0.179481
3406 -0.166933
3407 -0.170079
3408 -0.19242
3409 -0.184024
3410 -0.164031
3411 -0.158522
3412 -0.173201
3413 -0.150455
3414 -0.200382
3415 -0.160615
3416 -0.191825
3417 -0.187067
3418 -0.158243
3419 -0.169389
3420 -0.187173
3421 -0.189527
3422 -0.174449
3423 -0.164042
3424 -0.175007
3425 -0.170138
3426 -0.172857
3427 -0.167528
3428 -0.183248
3429 -0.185965
3430 -0.175839
3431 -0.181994
3432 -0.191027
3433 -0.185012
3434 -0.150967
3435 -0.200838
3436 -0.197413
3437 -0.175634
3438 -0.204466
3439 -0.155808
3440 -0.150508
3441 -0.193818
3442 -0.187136
3443 -0.189412
3444 -0.163014
3445 -0.189857
3446 -0.174568
3447 -0.178399
3448 -0.186233
3449 -0.179394
3450 -0.177245
3451 -0.18344
3452 -0.179244
3453 -0.166201
3454 -0.150297
3455 -0.161297
3456 -0.187233
3457 -0.165883
3458 -0.201491
3459 -0.176431
3460 -0.197734
3461 -0.154164
3462 -0.174756
3463 -0.172149
3464 -0.165818
3465 -0.159571
3466 -0.184044
3467 -0.175177
3468 -0.184265
3469 -0.182576
3470 -0.164805
3471 -0.194403
3472 -0.170946
3473 -0.173721
3474 -0.193798
3475 -0.181081
3476 -0.18912
3477 -0.165385
3478 -0.19505
3479 -0.177623
3480 -0.166658
3481 -0.182481
3482 -0.168392
3483 -0.173997
3484 -0.186981
3485 -0.18304
3486 -0.176234
3487 -0.194387
3488 -0.157755
3489 -0.155226
3490 -0.173654
3491 -0.146012
3492 -0.156968
3493 -0.178034
3494 -0.195376
3495 -0.159624
3496 -0.161583
3497 -0.172397
3498 -0.15047
3499 -0.171054
3500 -0.154436
3501 -0.159512
3502 -0.150502
3503 -0.176286
3504 -0.192107
3505 -0.197198
3506 -0.158517
3507 -0.182946
3508 -0.183788
3509 -0.170841
3510 -0.200398
3511 -0.169717
3512 -0.151806
3513 -0.187097
3514 -0.201123
3515 -0.18673
3516 -0.168862
3517 -0.177297
3518 -0.179155
3519 -0.172075
3520 -0.186206
3521 -0.178472
3522 -0.189437
3523 -0.178681
3524 -0.155241
3525 -0.154693
3526 -0.154055
3527 -0.189891
3528 -0.162686
3529 -0.182218
3530 -0.165857
3531 -0.161651
3532 -0.156338
3533 -0.164678
3534 -0.194619
3535 -0.184359
3536 -0.204172
3537 -0.187997
3538 -0.188092
3539 -0.168918
3540 -0.169038
3541 -0.183746
3542 -0.195706
3543 -0.175871
3544 -0.183566
3545 -0.168743
3546 -0.189506
3547 -0.175933
3548 -0.190061
3549 -0.137583
3550 -0.180141
3551 -0.194182
3552 -0.209283
3553 -0.192972
3554 -0.188317
3555 -0.174676
3556 -0.180278
3557 -0.159969
3558 -0.182365
3559 -0.196631
3560 -0.194243
3561 -0.198854
3562 -0.185262
3563 -0.167939
3564 -0.17363
3565 -0.191619
3566 -0.191075
3567 -0.178802
3568 -0.185142
3569 -0.198648
3570 -0.178715
3571 -0.154712
3572 -0.178444
3573 -0.187119
3574 -0.188389
3575 -0.19148
3576 -0.182573
3577 -0.18201
3578 -0.175511
3579 -0.171936
3580 -0.168025
3581 -0.174647
3582 -0.20249
3583 -0.169312
3584 -0.188722
3585 -0.149751
3586 -0.175755
3587 -0.188461
3588 -0.184974
3589 -0.13908
3590 -0.124769
3591 -0.211242
3592 -0.183652
3593 -0.157564
3594 -0.189609
3595 -0.179357
3596 -0.146109
3597 -0.172851
3598 -0.174953
3599 -0.167203
3600 -0.167522
3601 -0.17274
3602 -0.168505
3603 -0.207539
3604 -0.205779
3605 -0.175523
3606 -0.169267
3607 -0.166898
3608 -0.155158
3609 -0.180781
3610 -0.201431
3611 -0.183848
3612 -0.131607
3613 -0.183055
3614 -0.187909
3615 -0.160154
3616 -0.155404
3617 -0.162028
3618 -0.148363
3619 -0.200206
3620 -0.170452
3621 -0.15754
3622 -0.203014
3623 -0.197895
3624 -0.185775
3625 -0.177667
3626 -0.161924
3627 -0.17254
3628 -0.204307
3629 -0.187373
3630 -0.15676
3631 -0.176648
3632 -0.185736
3633 -0.173651
3634 -0.182127
3635 -0.185233
3636 -0.185392
3637 -0.184504
3638 -0.185453
3639 -0.187502
3640 -0.149868
3641 -0.178615
3642 -0.180522
3643 -0.18402
3644 -0.177565
3645 -0.151196
3646 -0.189416
3647 -0.156927
3648 -0.16627
3649 -0.159345
3650 -0.160145
3651 -0.179996
3652 -0.158444
3653 -0.165666
3654 -0.198381
3655 -0.164778
3656 -0.168234
3657 -0.166381
3658 -0.182315
3659 -0.160876
3660 -0.160361
3661 -0.165082
3662 -0.184685
3663 -0.187663
3664 -0.1708
3665 -0.18425
3666 -0.189523
3667 -0.145344
3668 -0.191047
3669 -0.158299
3670 -0.185953
3671 -0.1886
3672 -0.173565
3673 -0.153355
3674 -0.159819
3675 -0.136283
3676 -0.165604
3677 -0.19622
3678 -0.169409
3679 -0.189371
3680 -0.172093
3681 -0.172086
3682 -0.17766
3683 -0.174182
3684 -0.178945
3685 -0.194932
3686 -0.163171
3687 -0.195951
3688 -0.161598
3689 -0.185451
3690 -0.161657
3691 -0.154801
3692 -0.175454
3693 -0.194009
3694 -0.168489
3695 -0.156113
3696 -0.180258
3697 -0.192448
3698 -0.181799
3699 -0.182709
3700 -0.153206
3701 -0.162331
3702 -0.165518
3703 -0.164557
3704 -0.183071
3705 -0.180324
3706 -0.15365
3707 -0.1524
3708 -0.162043
3709 -0.178719
3710 -0.154261
3711 -0.165
3712 -0.154652
3713 -0.184103
3714 -0.195349
3715 -0.172752
3716 -0.182337
3717 -0.196396
3718 -0.167399
3719 -0.162922
3720 -0.186478
3721 -0.202891
3722 -0.192452
3723 -0.167454
3724 -0.152898
3725 -0.185714
3726 -0.176661
3727 -0.1979
3728 -0.177536
3729 -0.166338
3730 -0.184885
3731 -0.195933
3732 -0.18503
3733 -0.192965
3734 -0.192374
3735 -0.171713
3736 -0.188168
3737 -0.151268
3738 -0.170779
3739 -0.188069
3740 -0.163669
3741 -0.171646
3742 -0.173738
3743 -0.18681
3744 -0.172603
3745 -0.200739
3746 -0.153958
3747 -0.185109
3748 -0.150337
3749 -0.170079
3750 -0.155133
3751 -0.163527
3752 -0.19318
3753 -0.153125
3754 -0.175083
3755 -0.191597
3756 -0.190995
3757 -0.189131
3758 -0.187951
3759 -0.184167
3760 -0.185806
3761 -0.152166
3762 -0.198849
3763 -0.193133
3764 -0.156059
3765 -0.17416
3766 -0.192303
3767 -0.165552
3768 -0.157649
3769 -0.17255
3770 -0.200174
3771 -0.168844
3772 -0.172253
3773 -0.167287
3774 -0.185947
3775 -0.194385
3776 -0.194456
3777 -0.154539
3778 -0.195504
3779 -0.164987
3780 -0.1758
3781 -0.171614
3782 -0.177973
3783 -0.168254
3784 -0.160318
3785 -0.151652
3786 -0.163984
3787 -0.195649
3788 -0.171795
3789 -0.182558
3790 -0.161851
3791 -0.191573
3792 -0.179884
3793 -0.189442
3794 -0.160954
3795 -0.173677
3796 -0.146554
3797 -0.200399
3798 -0.180068
3799 -0.154733
3800 -0.163943
3801 -0.192244
3802 -0.16731
3803 -0.196177
3804 -0.164137
3805 -0.201541
3806 -0.189379
3807 -0.193593
3808 -0.183367
3809 -0.193469
3810 -0.144759
3811 -0.197436
3812 -0.157648
3813 -0.185296
3814 -0.186129
3815 -0.197513
3816 -0.165366
3817 -0.187256
3818 -0.159931
3819 -0.166164
3820 -0.201898
3821 -0.176231
3822 -0.172772
3823 -0.162571
3824 -0.167148
3825 -0.179265
3826 -0.14076
3827 -0.164503
3828 -0.205443
3829 -0.163068
3830 -0.194306
3831 -0.195688
3832 -0.165221
3833 -0.186933
3834 -0.179246
3835 -0.187845
3836 -0.175444
3837 -0.175354
3838 -0.169663
3839 -0.122804
3840 -0.200936
3841 -0.20797
3842 -0.169542
3843 -0.177461
3844 -0.164342
3845 -0.17837
3846 -0.176365
3847 -0.152151
3848 -0.185274
3849 -0.176106
3850 -0.205904
3851 -0.196592
3852 -0.17725
3853 -0.186561
3854 -0.159191
3855 -0.1918
3856 -0.152967
3857 -0.16212
3858 -0.198932
3859 -0.170005
3860 -0.192348
3861 -0.187408
3862 -0.195557
3863 -0.182256
3864 -0.199093
3865 -0.168298
3866 -0.169494
3867 -0.147973
3868 -0.180104
3869 -0.170431
3870 -0.160715
3871 -0.14764
3872 -0.183779
3873 -0.169573
3874 -0.18585
3875 -0.200038
3876 -0.203532
3877 -0.173716
3878 -0.205158
3879 -0.20208
3880 -0.171663
3881 -0.20043
3882 -0.170367
3883 -0.147424
3884 -0.188283
3885 -0.161979
3886 -0.154268
3887 -0.152479
3888 -0.191382
3889 -0.141469
3890 -0.207014
3891 -0.166619
3892 -0.199546
3893 -0.168502
3894 -0.187384
3895 -0.173863
3896 -0.169932
3897 -0.174231
3898 -0.17863
3899 -0.156323
3900 -0.177713
3901 -0.185194
3902 -0.155612
3903 -0.201963
3904 -0.14711
3905 -0.155983
3906 -0.17998
3907 -0.175753
3908 -0.165448
3909 -0.185164
3910 -0.185902
3911 -0.179951
3912 -0.191077
3913 -0.197235
3914 -0.182309
3915 -0.167774
3916 -0.182939
3917 -0.156977
3918 -0.161381
3919 -0.204894
3920 -0.187639
3921 -0.152058
3922 -0.170981
3923 -0.165354
3924 -0.180126
3925 -0.161338
3926 -0.185282
3927 -0.177725
3928 -0.198519
3929 -0.190351
3930 -0.180757
3931 -0.158344
3932 -0.183358
3933 -0.157016
3934 -0.166237
3935 -0.16117
3936 -0.178459
3937 -0.203076
3938 -0.17897
3939 -0.177333
3940 -0.161753
3941 -0.194458
3942 -0.177646
3943 -0.184641
3944 -0.164293
3945 -0.189595
3946 -0.194248
3947 -0.214696
3948 -0.184917
3949 -0.187592
3950 -0.146086
3951 -0.173333
3952 -0.181112
3953 -0.170015
3954 -0.174474
3955 -0.177137
3956 -0.191772
3957 -0.174228
3958 -0.175848
3959 -0.170942
3960 -0.185831
3961 -0.186583
3962 -0.158335
3963 -0.168654
3964 -0.18155
3965 -0.122982
3966 -0.200247
3967 -0.184895
3968 -0.181304
3969 -0.164374
3970 -0.186014
3971 -0.194068
3972 -0.197775
3973 -0.192466
3974 -0.188646
3975 -0.170802
3976 -0.148122
3977 -0.204719
3978 -0.186596
3979 -0.155519
3980 -0.203798
3981 -0.195134
3982 -0.144923
3983 -0.157117
3984 -0.162574
3985 -0.158108
3986 -0.151132
3987 -0.173103
3988 -0.165082
3989 -0.151845
3990 -0.186319
3991 -0.163221
3992 -0.192655
3993 -0.170667
3994 -0.159895
3995 -0.175038
3996 -0.203315
3997 -0.193257
3998 -0.192623
3999 -0.165613
4000 -0.193414
