1 -0.164398
2 -0.181019
3 -0.193608
4 -0.14187
5 -0.167386
6 -0.176865
7 -0.167234
8 -0.191118
9 -0.193334
10 -0.15334
11 -0.192463
12 -0.170116
13 -0.158264
14 -0.187659
15 -0.196144
16 -0.163768
17 -0.169772
18 -0.19338
19 -0.156497
20 -0.152267
21 -0.182607
22 -0.147247
23 -0.179784
24 -0.14693
25 -0.199061
26 -0.175262
27 -0.165727
28 -0.198468
29 -0.184337
30 -0.150762
31 -0.190129
32 -0.1992
33 -0.157085
34 -0.183961
35 -0.196008
36 -0.162286
37 -0.157781
38 -0.183095
39 -0.183373
40 -0.163373
41 -0.174757
42 -0.194175
43 -0.170084
44 -0.171859
45 -0.157535
46 -0.165428
47 -0.181406
48 -0.158341
49 -0.19247
50 -0.181764
51 -0.181688
52 -0.158456
53 -0.180977
54 -0.19844
55 -0.155174
56 -0.157453
57 -0.173397
58 -0.2001
59 -0.163982
60 -0.197319
61 -0.175479
62 -0.173136
63 -0.154596
64 -0.165146
65 -0.195758
66 -0.183638
67 -0.14567
68 -0.183784
69 -0.184871
70 -0.172523
71 -0.171722
72 -0.176784
73 -0.161976
74 -0.174676
75 -0.185448
76 -0.162193
77 -0.162359
78 -0.202802
79 -0.175663
80 -0.189429
81 -0.171754
82 -0.193422
83 -0.189159
84 -0.157259
85 -0.178077
86 -0.170237
87 -0.169313
88 -0.160085
89 -0.180326
90 -0.184803
91 -0.181452
92 -0.152562
93 -0.169199
94 -0.172633
95 -0.179765
96 -0.176231
97 -0.181712
98 -0.151987
99 -0.199143
100 -0.159211
101 -0.171379
102 -0.149099
103 -0.15594
104 -0.132932
105 -0.197503
106 -0.167786
107 -0.186956
108 -0.181607
109 -0.183094
110 -0.202314
111 -0.181868
112 -0.176093
113 -0.191871
114 -0.186299
115 -0.182887
116 -0.17017
117 -0.146433
118 -0.166646
119 -0.148581
120 -0.185535
121 -0.153852
122 -0.188395
123 -0.195658
124 -0.168453
125 -0.190317
126 -0.196793
127 -0.177455
128 -0.154918
129 -0.191267
130 -0.163683
131 -0.186926
132 -0.168333
133 -0.171614
134 -0.187346
135 -0.162015
136 -0.168456
137 -0.172272
138 -0.190769
139 -0.155318
140 -0.172191
141 -0.148613
142 -0.178066
143 -0.19983
144 -0.194095
145 -0.154861
146 -0.169571
147 -0.160714
148 -0.159714
149 -0.147257
150 -0.164146
151 -0.16385
152 -0.183169
153 -0.164629
154 -0.182855
155 -0.172356
156 -0.164007
157 -0.158216
158 -0.201065
159 -0.163526
160 -0.181683
161 -0.159133
162 -0.211005
163 -0.16494
164 -0.188422
165 -0.176149
166 -0.13687
167 -0.180933
168 -0.16594
169 -0.192381
170 -0.176041
171 -0.181041
172 -0.194796
173 -0.199606
174 -0.171605
175 -0.175963
176 -0.186812
177 -0.161654
178 -0.158452
179 -0.173912
180 -0.1506
181 -0.196774
182 -0.179841
183 -0.182328
184 -0.195712
185 -0.181688
186 -0.169709
187 -0.163829
188 -0.173861
189 -0.156969
190 -0.205461
191 -0.187735
192 -0.190038
193 -0.151365
194 -0.141645
195 -0.157432
196 -0.16349
197 -0.197531
198 -0.185504
199 -0.202586
200 -0.183437
201 -0.18001
202 -0.182208
203 -0.180805
204 -0.16429
205 -0.201724
206 -0.202355
207 -0.177005
208 -0.174103
209 -0.181915
210 -0.180073
211 -0.1923
212 -0.192104
213 -0.189045
214 -0.184347
215 -0.163903
216 -0.198943
217 -0.173824
218 -0.178227
219 -0.165618
220 -0.182997
221 -0.153258
222 -0.168118
223 -0.174844
224 -0.173741
225 -0.213921
226 -0.168251
227 -0.186799
228 -0.185484
229 -0.154597
230 -0.157889
231 -0.191631
232 -0.173167
233 -0.170639
234 -0.192755
235 -0.194481
236 -0.195176
237 -0.1728
238 -0.173814
239 -0.179992
240 -0.154184
241 -0.173
242 -0.181984
243 -0.164021
244 -0.193758
245 -0.182448
246 -0.151623
247 -0.169875
248 -0.159616
249 -0.154902
250 -0.184672
251 -0.191907
252 -0.146068
253 -0.195909
254 -0.190196
255 -0.197894
256 -0.180644
257 -0.16012
258 -0.171557
259 -0.156302
260 -0.195267
261 -0.187806
262 -0.164916
263 -0.183228
264 -0.165877
265 -0.194957
266 -0.169826
267 -0.167529
268 -0.164964
269 -0.173339
270 -0.175066
271 -0.156144
272 -0.175359
273 -0.182372
274 -0.185836
275 -0.169158
276 -0.155583
277 -0.166399
278 -0.144709
279 -0.197165
280 -0.189425
281 -0.170642
282 -0.189908
283 -0.16435
284 -0.19226
285 -0.203043
286 -0.142428
287 -0.175871
288 -0.168532
289 -0.169112
290 -0.183721
291 -0.201544
292 -0.172667
293 -0.144807
294 -0.166899
295 -0.168909
296 -0.17672
297 -0.192325
298 -0.179554
299 -0.153585
300 -0.188067
301 -0.162224
302 -0.166089
303 -0.177597
304 -0.142502
305 -0.182816
306 -0.165097
307 -0.180228
308 -0.19409
309 -0.205333
310 -0.199792
311 -0.199062
312 -0.167685
313 -0.16245
314 -0.158804
315 -0.174813
316 -0.18764
317 -0.145892
318 -0.156487
319 -0.179099
320 -0.167865
321 -0.155358
322 -0.18484
323 -0.162592
324 -0.172982
325 -0.155735
326 -0.156523
327 -0.188982
328 -0.153457
329 -0.153945
330 -0.193699
331 -0.197315
332 -0.168809
333 -0.159224
334 -0.167358
335 -0.151593
336 -0.152834
337 -0.151105
338 -0.148363
339 -0.173017
340 -0.190637
341 -0.16006
342 -0.17147
343 -0.174113
344 -0.169559
345 -0.18356
346 -0.170054
347 -0.175911
348 -0.197543
349 -0.184942
350 -0.182656
351 -0.174348
352 -0.170952
353 -0.169598
354 -0.157611
355 -0.202338
356 -0.17643
357 -0.186961
358 -0.18859
359 -0.169307
360 -0.159863
361 -0.158146
362 -0.162115
363 -0.192369
364 -0.198778
365 -0.154304
366 -0.159302
367 -0.181078
368 -0.202894
369 -0.172473
370 -0.159462
371 -0.169798
372 -0.166553
373 -0.183988
374 -0.162468
375 -0.171264
376 -0.191719
377 -0.193954
378 -0.178215
379 -0.167649
380 -0.188661
381 -0.168946
382 -0.193029
383 -0.157377
384 -0.188308
385 -0.17166
386 -0.175707
387 -0.184262
388 -0.160302
389 -0.150721
390 -0.181089
391 -0.180606
392 -0.192424
393 -0.17328
394 -0.144939
395 -0.179721
396 -0.193757
397 -0.143216
398 -0.190112
399 -0.156162
400 -0.1503
401 -0.169317
402 -0.171227
403 -0.161152
404 -0.168409
405 -0.182145
406 -0.150645
407 -0.183462
408 -0.156578
409 -0.154847
410 -0.202132
411 -0.197988
412 -0.188215
413 -0.169732
414 -0.171587
415 -0.199558
416 -0.174454
417 -0.178259
418 -0.159958
419 -0.185181
420 -0.203101
421 -0.186438
422 -0.176841
423 -0.169995
424 -0.158597
425 -0.174486
426 -0.17491
427 -0.167191
428 -0.156937
429 -0.181534
430 -0.183098
431 -0.16565
432 -0.186062
433 -0.205027
434 -0.18483
435 -0.185562
436 -0.173279
437 -0.197961
438 -0.176834
439 -0.197138
440 -0.189584
441 -0.183217
442 -0.16586
443 -0.177934
444 -0.199719
445 -0.191763
446 -0.154652
447 -0.166236
448 -0.18069
449 -0.19072
450 -0.188686
451 -0.178739
452 -0.186353
453 -0.161772
454 -0.202446
455 -0.151536
456 -0.153428
457 -0.183652
458 -0.153624
459 -0.169023
460 -0.159745
461 -0.192831
462 -0.164675
463 -0.138107
464 -0.190926
465 -0.163098
466 -0.19194
467 -0.198499
468 -0.182789
469 -0.171324
470 -0.16878
471 -0.185628
472 -0.182846
473 -0.158447
474 -0.172835
475 -0.172692
476 -0.187787
477 -0.194571
478 -0.171763
479 -0.171208
480 -0.145375
481 -0.167412
482 -0.154174
483 -0.184541
484 -0.15848
485 -0.17386
486 -0.185255
487 -0.190545
488 -0.173506
489 -0.182391
490 -0.19181
491 -0.162476
492 -0.170667
493 -0.180182
494 -0.155248
495 -0.169411
496 -0.1827
497 -0.190213
498 -0.186974
499 -0.192997
500 -0.204406
501 -0.188222
502 -0.176563
503 -0.166175
504 -0.161555
505 -0.174817
506 -0.183303
507 -0.176431
508 -0.175472
509 -0.15231
510 -0.169413
511 -0.191278
512 -0.189226
513 -0.164683
514 -0.172758
515 -0.155687
516 -0.163631
517 -0.162996
518 -0.20537
519 -0.162642
520 -0.180721
521 -0.191488
522 -0.194508
523 -0.19072
524 -0.164027
525 -0.189569
526 -0.186179
527 -0.197792
528 -0.201688
529 -0.168333
530 -0.183928
531 -0.20736
532 -0.179692
533 -0.164243
534 -0.177875
535 -0.166368
536 -0.176941
537 -0.181506
538 -0.166141
539 -0.180867
540 -0.162303
541 -0.186977
542 -0.195017
543 -0.165472
544 -0.170898
545 -0.183784
546 -0.189779
547 -0.137136
548 -0.173438
549 -0.147395
550 -0.153818
551 -0.170024
552 -0.193433
553 -0.189827
554 -0.167903
555 -0.18997
556 -0.195445
557 -0.163045
558 -0.179112
559 -0.196651
560 -0.1599
561 -0.167057
562 -0.191733
563 -0.167658
564 -0.178323
565 -0.151268
566 -0.184431
567 -0.190805
568 -0.170143
569 -0.169359
570 -0.198989
571 -0.157329
572 -0.181179
573 -0.19468
574 -0.172217
575 -0.154533
576 -0.177809
577 -0.178918
578 -0.188691
579 -0.182187
580 -0.168603
581 -0.14842
582 -0.157152
583 -0.185721
584 -0.175839
585 -0.192784
586 -0.180514
587 -0.173818
588 -0.177652
589 -0.15607
590 -0.156996
591 -0.154341
592 -0.163262
593 -0.199523
594 -0.191131
595 -0.16035
596 -0.200317
597 -0.169803
598 -0.152377
599 -0.166117
600 -0.176847
601 -0.191791
602 -0.154809
603 -0.162397
604 -0.167303
605 -0.188087
606 -0.198411
607 -0.186122
608 -0.176673
609 -0.167542
610 -0.181305
611 -0.181783
612 -0.14895
613 -0.176226
614 -0.200034
615 -0.17974
616 -0.145769
617 -0.201129
618 -0.159943
619 -0.198925
620 -0.181987
621 -0.209413
622 -0.139318
623 -0.180942
624 -0.16111
625 -0.201993
626 -0.151374
627 -0.201342
628 -0.169756
629 -0.160202
630 -0.183613
631 -0.194622
632 -0.190717
633 -0.179386
634 -0.198267
635 -0.172021
636 -0.191202
637 -0.172205
638 -0.176746
639 -0.157344
640 -0.189225
641 -0.195278
642 -0.171092
643 -0.185644
644 -0.20373
645 -0.162928
646 -0.206194
647 -0.186232
648 -0.178737
649 -0.162647
650 -0.170143
651 -0.199427
652 -0.162934
653 -0.163999
654 -0.181944
655 -0.18329
656 -0.174566
657 -0.15635
658 -0.176617
659 -0.172114
660 -0.208896
661 -0.178206
662 -0.187202
663 -0.139941
664 -0.156244
665 -0.191003
666 -0.15949
667 -0.172518
668 -0.153329
669 -0.147777
670 -0.173033
671 -0.162176
672 -0.145974
673 -0.188894
674 -0.166106
675 -0.167269
676 -0.176402
677 -0.189496
678 -0.163542
679 -0.153877
680 -0.166395
681 -0.156036
682 -0.197366
683 -0.174663
684 -0.204396
685 -0.154891
686 -0.184128
687 -0.153714
688 -0.168907
689 -0.16002
690 -0.161752
691 -0.193004
692 -0.169447
693 -0.171919
694 -0.190783
695 -0.195732
696 -0.183789
697 -0.170132
698 -0.191513
699 -0.160973
700 -0.151528
701 -0.155636
702 -0.154535
703 -0.185767
704 -0.171339
705 -0.182245
706 -0.150714
707 -0.174577
708 -0.168308
709 -0.196926
710 -0.191081
711 -0.171627
712 -0.154808
713 -0.176202
714 -0.184839
715 -0.160262
716 -0.172778
717 -0.178925
718 -0.177268
719 -0.171358
720 -0.191892
721 -0.171359
722 -0.178172
723 -0.148911
724 -0.163547
725 -0.164673
726 -0.18158
727 -0.187282
728 -0.149246
729 -0.173252
730 -0.190648
731 -0.18543
732 -0.138055
733 -0.175159
734 -0.189942
735 -0.182526
736 -0.159913
737 -0.173777
738 -0.192702
739 -0.1922
740 -0.15823
741 -0.183571
742 -0.207815
743 -0.191612
744 -0.167067
745 -0.174744
746 -0.191629
747 -0.16848
748 -0.198524
749 -0.16255
750 -0.169246
751 -0.156298
752 -0.171124
753 -0.174452
754 -0.158463
755 -0.182486
756 -0.140695
757 -0.19418
758 -0.164398
759 -0.187197
760 -0.172846
761 -0.184318
762 -0.175899
763 -0.165771
764 -0.176617
765 -0.192074
766 -0.176916
767 -0.186472
768 -0.165641
769 -0.198654
770 -0.201497
771 -0.183511
772 -0.172065
773 -0.171608
774 -0.161769
775 -0.187602
776 -0.188889
777 -0.193311
778 -0.186179
779 -0.159143
780 -0.164148
781 -0.17538
782 -0.195881
783 -0.172087
784 -0.193482
785 -0.200192
786 -0.146718
787 -0.16864
788 -0.166125
789 -0.178622
790 -0.169728
791 -0.181708
792 -0.182794
793 -0.170523
794 -0.171281
795 -0.191231
796 -0.169983
797 -0.179757
798 -0.179104
799 -0.186407
800 -0.144145
801 -0.173307
802 -0.175253
803 -0.198926
804 -0.156454
805 -0.19565
806 -0.158262
807 -0.204644
808 -0.156516
809 -0.173496
810 -0.174677
811 -0.167017
812 -0.174534
813 -0.180161
814 -0.196151
815 -0.195073
816 -0.179998
817 -0.159522
818 -0.195013
819 -0.171614
820 -0.181667
821 -0.205334
822 -0.181724
823 -0.184914
824 -0.163751
825 -0.193333
826 -0.176315
827 -0.180912
828 -0.149614
829 -0.194734
830 -0.138454
831 -0.165791
832 -0.195592
833 -0.157091
834 -0.165873
835 -0.177439
836 -0.169128
837 -0.186865
838 -0.179428
839 -0.195066
840 -0.185507
841 -0.18372
842 -0.206549
843 -0.172329
844 -0.195729
845 -0.141469
846 -0.157868
847 -0.16371
848 -0.189665
849 -0.182009
850 -0.197199
851 -0.167212
852 -0.187853
853 -0.181691
854 -0.166765
855 -0.186477
856 -0.160401
857 -0.2084
858 -0.173644
859 -0.186008
860 -0.175326
861 -0.187664
862 -0.153335
863 -0.172896
864 -0.1792
865 -0.195477
866 -0.187533
867 -0.152345
868 -0.171748
869 -0.15285
870 -0.199371
871 -0.161045
872 -0.177476
873 -0.207238
874 -0.150944
875 -0.18862
876 -0.189296
877 -0.176114
878 -0.161888
879 -0.176445
880 -0.168606
881 -0.157142
882 -0.166601
883 -0.196338
884 -0.172553
885 -0.157896
886 -0.18396
887 -0.164601
888 -0.188935
889 -0.156754
890 -0.179215
891 -0.153622
892 -0.176585
893 -0.167592
894 -0.201151
895 -0.161066
896 -0.183077
897 -0.197209
898 -0.179594
899 -0.151202
900 -0.189894
901 -0.166061
902 -0.17775
903 -0.158572
904 -0.168803
905 -0.164289
906 -0.191102
907 -0.164714
908 -0.200603
909 -0.174839
910 -0.198024
911 -0.176501
912 -0.149959
913 -0.185355
914 -0.186049
915 -0.171247
916 -0.196445
917 -0.165656
918 -0.15448
919 -0.159187
920 -0.132067
921 -0.163828
922 -0.148096
923 -0.177482
924 -0.177926
925 -0.17161
926 -0.201485
927 -0.159059
928 -0.192202
929 -0.200192
930 -0.139929
931 -0.177381
932 -0.19421
933 -0.171198
934 -0.124152
935 -0.176104
936 -0.189045
937 -0.185299
938 -0.197078
939 -0.169487
940 -0.165937
941 -0.197722
942 -0.155243
943 -0.146493
944 -0.189751
945 -0.16572
946 -0.185685
947 -0.205969
948 -0.177876
949 -0.155306
950 -0.193036
951 -0.196153
952 -0.161343
953 -0.178438
954 -0.182522
955 -0.144492
956 -0.172067
957 -0.18387
958 -0.147846
959 -0.186975
960 -0.164852
961 -0.187395
962 -0.165132
963 -0.167687
964 -0.199709
965 -0.207354
966 -0.153507
967 -0.16469
968 -0.158367
969 -0.162716
970 -0.191276
971 -0.169275
972 -0.155421
973 -0.18248
974 -0.172177
975 -0.16123
976 -0.171121
977 -0.186248
978 -0.176976
979 -0.187515
980 -0.181672
981 -0.169921
982 -0.182837
983 -0.195903
984 -0.178122
985 -0.179916
986 -0.166956
987 -0.196226
988 -0.170656
989 -0.183338
990 -0.188954
991 -0.152443
992 -0.200344
993 -0.188779
994 -0.184922
995 -0.15119
996 -0.165009
997 -0.179693
998 -0.193912
999 -0.181745
1000 -0.161007
