16001 -0.159347
16002 -0.206581
16003 -0.172843
16004 -0.182508
16005 -0.188261
16006 -0.146908
16007 -0.190847
16008 -0.168131
16009 -0.184445
16010 -0.169485
16011 -0.192485
16012 -0.188133
16013 -0.16845
16014 -0.16197
16015 -0.172279
16016 -0.193231
16017 -0.159533
16018 -0.166001
16019 -0.182669
16020 -0.188528
16021 -0.185463
16022 -0.20238
16023 -0.148611
16024 -0.172338
16025 -0.197441
16026 -0.175517
16027 -0.171966
16028 -0.185726
16029 -0.188636
16030 -0.177651
16031 -0.191717
16032 -0.168421
16033 -0.201189
16034 -0.161789
16035 -0.168485
16036 -0.168205
16037 -0.171781
16038 -0.211427
16039 -0.18747
16040 -0.187117
16041 -0.176041
16042 -0.183423
16043 -0.160307
16044 -0.166795
16045 -0.170871
16046 -0.195517
16047 -0.164438
16048 -0.195399
16049 -0.17724
16050 -0.18281
16051 -0.163114
16052 -0.179291
16053 -0.151898
16054 -0.176193
16055 -0.171791
16056 -0.152745
16057 -0.172287
16058 -0.204266
16059 -0.185968
16060 -0.188469
16061 -0.190483
16062 -0.173654
16063 -0.178257
16064 -0.167375
16065 -0.177749
16066 -0.16489
16067 -0.170773
16068 -0.190774
16069 -0.167679
16070 -0.172489
16071 -0.190305
16072 -0.155814
16073 -0.16389
16074 -0.168556
16075 -0.173757
16076 -0.191217
16077 -0.150564
16078 -0.178396
16079 -0.175279
16080 -0.191008
16081 -0.19282
16082 -0.182445
16083 -0.152469
16084 -0.194491
16085 -0.174702
16086 -0.160703
16087 -0.160358
16088 -0.186015
16089 -0.197468
16090 -0.156057
16091 -0.14647
16092 -0.191709
16093 -0.169954
16094 -0.17534
16095 -0.188034
16096 -0.16748
16097 -0.187877
16098 -0.181439
16099 -0.196954
16100 -0.192466
16101 -0.158743
16102 -0.201881
16103 -0.172222
16104 -0.185956
16105 -0.187197
16106 -0.19291
16107 -0.185746
16108 -0.156046
16109 -0.159533
16110 -0.148872
16111 -0.160359
16112 -0.175572
16113 -0.157899
16114 -0.199357
16115 -0.159227
16116 -0.148155
16117 -0.194793
16118 -0.166162
16119 -0.193438
16120 -0.165559
16121 -0.160129
16122 -0.152401
16123 -0.187687
16124 -0.156838
16125 -0.17323
16126 -0.181055
16127 -0.184878
16128 -0.192361
16129 -0.163437
16130 -0.182622
16131 -0.15148
16132 -0.186196
16133 -0.195585
16134 -0.168163
16135 -0.182113
16136 -0.154455
16137 -0.180801
16138 -0.191919
16139 -0.175588
16140 -0.157528
16141 -0.187164
16142 -0.155574
16143 -0.148285
16144 -0.199198
16145 -0.192298
16146 -0.171051
16147 -0.191766
16148 -0.195026
16149 -0.175913
16150 -0.185311
16151 -0.183234
16152 -0.181376
16153 -0.154928
16154 -0.168132
16155 -0.165566
16156 -0.172491
16157 -0.158716
16158 -0.162797
16159 -0.18438
16160 -0.175314
16161 -0.155905
16162 -0.204942
16163 -0.165695
16164 -0.191257
16165 -0.152833
16166 -0.185883
16167 -0.161693
16168 -0.167331
16169 -0.202289
16170 -0.185904
16171 -0.187452
16172 -0.173692
16173 -0.180557
16174 -0.164962
16175 -0.174084
16176 -0.190124
16177 -0.193143
16178 -0.197293
16179 -0.168674
16180 -0.200369
16181 -0.169032
16182 -0.189578
16183 -0.182478
16184 -0.205162
16185 -0.191156
16186 -0.195965
16187 -0.187543
16188 -0.199298
16189 -0.169858
16190 -0.14647
16191 -0.171242
16192 -0.183763
16193 -0.198582
16194 -0.180888
16195 -0.172224
16196 -0.185558
16197 -0.178773
16198 -0.160298
16199 -0.145533
16200 -0.16544
16201 -0.138637
16202 -0.185532
16203 -0.154959
16204 -0.176659
16205 -0.171901
16206 -0.174051
16207 -0.194104
16208 -0.168244
16209 -0.203532
16210 -0.19736
16211 -0.185006
16212 -0.168121
16213 -0.199656
16214 -0.20265
16215 -0.152654
16216 -0.186836
16217 -0.153196
16218 -0.188916
16219 -0.18132
16220 -0.175603
16221 -0.175702
16222 -0.190286
16223 -0.199897
16224 -0.180888
16225 -0.189657
16226 -0.160622
16227 -0.172058
16228 -0.174967
16229 -0.165768
16230 -0.169864
16231 -0.179178
16232 -0.209163
16233 -0.191274
16234 -0.19664
16235 -0.157646
16236 -0.18012
16237 -0.197701
16238 -0.16887
16239 -0.158521
16240 -0.182534
16241 -0.179131
16242 -0.202084
16243 -0.187131
16244 -0.164648
16245 -0.19432
16246 -0.162371
16247 -0.168342
16248 -0.165903
16249 -0.203836
16250 -0.150501
16251 -0.202969
16252 -0.172754
16253 -0.166697
16254 -0.203106
16255 -0.191953
16256 -0.179986
16257 -0.175143
16258 -0.172692
16259 -0.164547
16260 -0.156939
16261 -0.1772
16262 -0.187218
16263 -0.171735
16264 -0.166382
16265 -0.199051
16266 -0.172106
16267 -0.184247
16268 -0.193928
16269 -0.162479
16270 -0.167615
16271 -0.188736
16272 -0.164195
16273 -0.18178
16274 -0.200284
16275 -0.163946
16276 -0.16002
16277 -0.159654
16278 -0.143518
16279 -0.185052
16280 -0.192457
16281 -0.186543
16282 -0.185181
16283 -0.15461
16284 -0.186628
16285 -0.180447
16286 -0.158332
16287 -0.186191
16288 -0.203534
16289 -0.171483
16290 -0.174905
16291 -0.178402
16292 -0.16642
16293 -0.175136
16294 -0.192867
16295 -0.201389
16296 -0.179628
16297 -0.173727
16298 -0.200843
16299 -0.168658
16300 -0.157479
16301 -0.202205
16302 -0.178422
16303 -0.141244
16304 -0.191397
16305 -0.171228
16306 -0.204144
16307 -0.161531
16308 -0.172366
16309 -0.164377
16310 -0.167817
16311 -0.192296
16312 -0.207198
16313 -0.151588
16314 -0.153053
16315 -0.17637
16316 -0.167558
16317 -0.179222
16318 -0.177732
16319 -0.175511
16320 -0.169837
16321 -0.197509
16322 -0.15978
16323 -0.187563
16324 -0.193529
16325 -0.201218
16326 -0.16546
16327 -0.191755
16328 -0.163129
16329 -0.19001
16330 -0.169815
16331 -0.203626
16332 -0.168552
16333 -0.169256
16334 -0.192118
16335 -0.158053
16336 -0.166043
16337 -0.136425
16338 -0.161509
16339 -0.183959
16340 -0.17843
16341 -0.167772
16342 -0.156085
16343 -0.169222
16344 -0.158184
16345 -0.163283
16346 -0.19941
16347 -0.187801
16348 -0.147642
16349 -0.171545
16350 -0.178852
16351 -0.202234
16352 -0.174928
16353 -0.147402
16354 -0.201544
16355 -0.18202
16356 -0.191623
16357 -0.177198
16358 -0.193206
16359 -0.163204
16360 -0.159065
16361 -0.151217
16362 -0.202213
16363 -0.196217
16364 -0.184878
16365 -0.186372
16366 -0.19781
16367 -0.175933
16368 -0.204496
16369 -0.176149
16370 -0.16201
16371 -0.173152
16372 -0.177581
16373 -0.19376
16374 -0.201473
16375 -0.185839
16376 -0.167275
16377 -0.157547
16378 -0.158484
16379 -0.176439
16380 -0.176379
16381 -0.163819
16382 -0.183022
16383 -0.169743
16384 -0.189139
16385 -0.181964
16386 -0.15918
16387 -0.180871
16388 -0.145073
16389 -0.165725
16390 -0.164187
16391 -0.165907
16392 -0.184758
16393 -0.169515
16394 -0.190506
16395 -0.18497
16396 -0.189136
16397 -0.157019
16398 -0.200387
16399 -0.199261
16400 -0.152926
16401 -0.188706
16402 -0.204497
16403 -0.184899
16404 -0.177245
16405 -0.16675
16406 -0.187574
16407 -0.186199
16408 -0.176378
16409 -0.174188
16410 -0.200878
16411 -0.196731
16412 -0.176744
16413 -0.169668
16414 -0.188076
16415 -0.183381
16416 -0.205753
16417 -0.149798
16418 -0.174654
16419 -0.184621
16420 -0.152678
16421 -0.172885
16422 -0.202491
16423 -0.177621
16424 -0.180677
16425 -0.172521
16426 -0.200206
16427 -0.179142
16428 -0.202627
16429 -0.18296
16430 -0.156015
16431 -0.193998
16432 -0.161254
16433 -0.143186
16434 -0.194553
16435 -0.167072
16436 -0.161498
16437 -0.149256
16438 -0.178656
16439 -0.183082
16440 -0.198101
16441 -0.195838
16442 -0.194071
16443 -0.16835
16444 -0.143755
16445 -0.190176
16446 -0.186367
16447 -0.170439
16448 -0.155072
16449 -0.140648
16450 -0.15632
16451 -0.180621
16452 -0.167827
16453 -0.190355
16454 -0.174619
16455 -0.180234
16456 -0.177468
16457 -0.191951
16458 -0.200091
16459 -0.170059
16460 -0.202343
16461 -0.163878
16462 -0.165163
16463 -0.137856
16464 -0.176373
16465 -0.153242
16466 -0.164382
16467 -0.15724
16468 -0.196452
16469 -0.156399
16470 -0.171808
16471 -0.192001
16472 -0.186298
16473 -0.182671
16474 -0.19655
16475 -0.188275
16476 -0.180903
16477 -0.188255
16478 -0.155255
16479 -0.159405
16480 -0.167486
16481 -0.163999
16482 -0.206881
16483 -0.178752
16484 -0.190341
16485 -0.206177
16486 -0.157405
16487 -0.200522
16488 -0.174927
16489 -0.161564
16490 -0.177225
16491 -0.148926
16492 -0.170267
16493 -0.211034
16494 -0.160026
16495 -0.195396
16496 -0.175133
16497 -0.195895
16498 -0.166462
16499 -0.166206
16500 -0.158327
16501 -0.201228
16502 -0.190377
16503 -0.150662
16504 -0.151323
16505 -0.195247
16506 -0.166155
16507 -0.186335
16508 -0.175763
16509 -0.160593
16510 -0.156974
16511 -0.18293
16512 -0.173904
16513 -0.168126
16514 -0.17507
16515 -0.150359
16516 -0.203
16517 -0.174019
16518 -0.171798
16519 -0.181173
16520 -0.203963
16521 -0.166425
16522 -0.166709
16523 -0.175622
16524 -0.18657
16525 -0.175191
16526 -0.183338
16527 -0.14982
16528 -0.173774
16529 -0.169969
16530 -0.181053
16531 -0.17671
16532 -0.181525
16533 -0.171553
16534 -0.189003
16535 -0.181438
16536 -0.205965
16537 -0.184075
16538 -0.187167
16539 -0.160494
16540 -0.186148
16541 -0.163421
16542 -0.158672
16543 -0.189743
16544 -0.188079
16545 -0.16139
16546 -0.143893
16547 -0.156564
16548 -0.179729
16549 -0.168953
16550 -0.149209
16551 -0.186801
16552 -0.19365
16553 -0.172648
16554 -0.154166
16555 -0.194934
16556 -0.180066
16557 -0.190116
16558 -0.196844
16559 -0.165359
16560 -0.199405
16561 -0.184116
16562 -0.141394
16563 -0.16289
16564 -0.171455
16565 -0.149984
16566 -0.193442
16567 -0.179693
16568 -0.152924
16569 -0.145889
16570 -0.200204
16571 -0.166024
16572 -0.184552
16573 -0.176083
16574 -0.168793
16575 -0.165743
16576 -0.201151
16577 -0.164511
16578 -0.182334
16579 -0.19291
16580 -0.186434
16581 -0.199394
16582 -0.171029
16583 -0.184098
16584 -0.173952
16585 -0.177745
16586 -0.162746
16587 -0.163751
16588 -0.167999
16589 -0.175884
16590 -0.176155
16591 -0.155274
16592 -0.165431
16593 -0.171674
16594 -0.167271
16595 -0.192746
16596 -0.199773
16597 -0.167659
16598 -0.177496
16599 -0.165169
16600 -0.177122
16601 -0.137409
16602 -0.194595
16603 -0.16149
16604 -0.150685
16605 -0.146363
16606 -0.164581
16607 -0.150865
16608 -0.158416
16609 -0.174261
16610 -0.183916
16611 -0.1827
16612 -0.175264
16613 -0.190679
16614 -0.168064
16615 -0.199796
16616 -0.155847
16617 -0.185841
16618 -0.149849
16619 -0.177333
16620 -0.178794
16621 -0.175245
16622 -0.160124
16623 -0.189179
16624 -0.171692
16625 -0.152056
16626 -0.187466
16627 -0.189821
16628 -0.174071
16629 -0.192203
16630 -0.181962
16631 -0.199704
16632 -0.180589
16633 -0.195917
16634 -0.157227
16635 -0.189855
16636 -0.196366
16637 -0.195206
16638 -0.163393
16639 -0.180717
16640 -0.185536
16641 -0.183041
16642 -0.171305
16643 -0.180679
16644 -0.163999
16645 -0.150667
16646 -0.16829
16647 -0.180201
16648 -0.171724
16649 -0.175521
16650 -0.16331
16651 -0.169967
16652 -0.192171
16653 -0.157113
16654 -0.160749
16655 -0.184651
16656 -0.163886
16657 -0.181937
16658 -0.188566
16659 -0.17423
16660 -0.168878
16661 -0.184188
16662 -0.1914
16663 -0.172726
16664 -0.173022
16665 -0.205477
16666 -0.191505
16667 -0.168489
16668 -0.147511
16669 -0.166046
16670 -0.180452
16671 -0.175482
16672 -0.175344
16673 -0.148968
16674 -0.167592
16675 -0.179883
16676 -0.194457
16677 -0.165284
16678 -0.200737
16679 -0.196827
16680 -0.182216
16681 -0.188384
16682 -0.155155
16683 -0.175563
16684 -0.196893
16685 -0.165963
16686 -0.162931
16687 -0.158581
16688 -0.206092
16689 -0.150414
16690 -0.161752
16691 -0.192174
16692 -0.173187
16693 -0.17392
16694 -0.197714
16695 -0.180393
16696 -0.182181
16697 -0.195781
16698 -0.14577
16699 -0.187304
16700 -0.153111
16701 -0.17162
16702 -0.195614
16703 -0.177808
16704 -0.164415
16705 -0.15662
16706 -0.15807
16707 -0.169626
16708 -0.178588
16709 -0.191128
16710 -0.19589
16711 -0.145428
16712 -0.159186
16713 -0.185537
16714 -0.167017
16715 -0.15786
16716 -0.191453
16717 -0.138023
16718 -0.177441
16719 -0.197642
16720 -0.15694
16721 -0.171117
16722 -0.180116
16723 -0.192435
16724 -0.15973
16725 -0.179251
16726 -0.177486
16727 -0.166247
16728 -0.144077
16729 -0.157801
16730 -0.202868
16731 -0.163171
16732 -0.198767
16733 -0.188137
16734 -0.190312
16735 -0.180714
16736 -0.164158
16737 -0.192908
16738 -0.173835
16739 -0.180224
16740 -0.147621
16741 -0.14246
16742 -0.197058
16743 -0.161294
16744 -0.19485
16745 -0.167557
16746 -0.194579
16747 -0.190444
16748 -0.17527
16749 -0.182994
16750 -0.198633
16751 -0.167676
16752 -0.188521
16753 -0.168238
16754 -0.168636
16755 -0.178717
16756 -0.18261
16757 -0.149545
16758 -0.185751
16759 -0.18251
16760 -0.160047
16761 -0.175674
16762 -0.192595
16763 -0.191452
16764 -0.208617
16765 -0.164079
16766 -0.169968
16767 -0.177544
16768 -0.165165
16769 -0.158836
16770 -0.170587
16771 -0.187079
16772 -0.154615
16773 -0.186372
16774 -0.192693
16775 -0.203966
16776 -0.165724
16777 -0.169756
16778 -0.177157
16779 -0.172968
16780 -0.176364
16781 -0.172142
16782 -0.154604
16783 -0.145638
16784 -0.204444
16785 -0.153063
16786 -0.163307
16787 -0.150875
16788 -0.171755
16789 -0.174574
16790 -0.173157
16791 -0.194802
16792 -0.200646
16793 -0.198234
16794 -0.167538
16795 -0.191292
16796 -0.196985
16797 -0.181871
16798 -0.182977
16799 -0.196738
16800 -0.17893
16801 -0.160092
16802 -0.195138
16803 -0.16417
16804 -0.178216
16805 -0.174488
16806 -0.187813
16807 -0.183287
16808 -0.200148
16809 -0.146818
16810 -0.177818
16811 -0.164858
16812 -0.202271
16813 -0.167419
16814 -0.191721
16815 -0.195821
16816 -0.173935
16817 -0.157501
16818 -0.159316
16819 -0.179879
16820 -0.167796
16821 -0.184609
16822 -0.187421
16823 -0.186284
16824 -0.156755
16825 -0.186835
16826 -0.184559
16827 -0.183292
16828 -0.154738
16829 -0.184781
16830 -0.188028
16831 -0.17634
16832 -0.187941
16833 -0.165491
16834 -0.194608
16835 -0.191977
16836 -0.17799
16837 -0.151181
16838 -0.145664
16839 -0.185692
16840 -0.197382
16841 -0.167838
16842 -0.205839
16843 -0.195836
16844 -0.173924
16845 -0.171738
16846 -0.171456
16847 -0.17939
16848 -0.186177
16849 -0.165343
16850 -0.150699
16851 -0.181929
16852 -0.172867
16853 -0.169995
16854 -0.194472
16855 -0.155832
16856 -0.197779
16857 -0.13745
16858 -0.158465
16859 -0.166737
16860 -0.157099
16861 -0.197621
16862 -0.177252
16863 -0.175283
16864 -0.17599
16865 -0.169763
16866 -0.187483
16867 -0.161014
16868 -0.19775
16869 -0.185353
16870 -0.180321
16871 -0.153095
16872 -0.161357
16873 -0.168631
16874 -0.17282
16875 -0.152338
16876 -0.158957
16877 -0.15279
16878 -0.19258
16879 -0.15757
16880 -0.161153
16881 -0.166451
16882 -0.169432
16883 -0.182775
16884 -0.172846
16885 -0.167769
16886 -0.156542
16887 -0.177308
16888 -0.187374
16889 -0.159207
16890 -0.18521
16891 -0.19149
16892 -0.178963
16893 -0.180204
16894 -0.132837
16895 -0.181962
16896 -0.173644
16897 -0.170556
16898 -0.197335
16899 -0.186467
16900 -0.18932
16901 -0.169296
16902 -0.167552
16903 -0.173481
16904 -0.1722
16905 -0.162642
16906 -0.171316
16907 -0.180439
16908 -0.166251
16909 -0.18957
16910 -0.177751
16911 -0.201758
16912 -0.159107
16913 -0.201439
16914 -0.198895
16915 -0.166667
16916 -0.181094
16917 -0.164321
16918 -0.173178
16919 -0.194227
16920 -0.169942
16921 -0.15404
16922 -0.171072
16923 -0.155575
16924 -0.176064
16925 -0.172381
16926 -0.198013
16927 -0.12182
16928 -0.17618
16929 -0.178203
16930 -0.180774
16931 -0.196138
16932 -0.167516
16933 -0.182107
16934 -0.138822
16935 -0.171242
16936 -0.171275
16937 -0.174208
16938 -0.166752
16939 -0.197756
16940 -0.185246
16941 -0.181897
16942 -0.177785
16943 -0.189788
16944 -0.198763
16945 -0.170864
16946 -0.182167
16947 -0.178826
16948 -0.18063
16949 -0.186957
16950 -0.165051
16951 -0.157094
16952 -0.149324
16953 -0.158929
16954 -0.159723
16955 -0.183797
16956 -0.173244
16957 -0.192777
16958 -0.183008
16959 -0.169729
16960 -0.172555
16961 -0.166646
16962 -0.200264
16963 -0.195259
16964 -0.186691
16965 -0.186578
16966 -0.184573
16967 -0.187767
16968 -0.180306
16969 -0.148542
16970 -0.164624
16971 -0.199784
16972 -0.154218
16973 -0.138278
16974 -0.16377
16975 -0.145263
16976 -0.17659
16977 -0.174632
16978 -0.160912
16979 -0.143912
16980 -0.176882
16981 -0.151191
16982 -0.163068
16983 -0.183306
16984 -0.168017
16985 -0.1986
16986 -0.193362
16987 -0.188979
16988 -0.165981
16989 -0.190882
16990 -0.187113
16991 -0.140226
16992 -0.175295
16993 -0.180043
16994 -0.185314
16995 -0.177368
16996 -0.165798
16997 -0.187545
16998 -0.179114
16999 -0.162396
17000 -0.170699
