13001 -0.0218542
13002 -0.0350137
13003 -0.00513839
13004 -0.029872
13005 0.00205733
13006 0.00395767
13007 -0.00841378
13008 0.0269
13009 -0.0136996
13010 0.00348161
13011 -0.00485394
13012 -0.0278799
13013 0.000299188
13014 -0.00875312
13015 -0.035295
13016 -0.0596699
13017 -0.0518
13018 -0.0572865
13019 0.00250354
13020 -0.0448204
13021 -0.0195851
13022 -0.0300676
13023 -0.0567604
13024 0.0404095
13025 0.0330063
13026 -0.0586643
13027 -0.043337
13028 0.0276941
13029 -0.0280876
13030 -0.0531844
13031 0.0456948
13032 -0.00197113
13033 -0.0549483
13034 -0.0218434
13035 0.0309109
13036 -0.0564367
13037 -0.0262916
13038 -0.00265558
13039 -0.030116
13040 0.0204968
13041 -0.0658456
13042 0.0229231
13043 -0.0246229
13044 -0.0621424
13045 0.00667437
13046 -0.00083431
13047 0.0495619
13048 -0.051352
13049 -0.0818842
13050 -0.0339233
13051 -0.02024
13052 -0.0482838
13053 0.0272946
13054 -0.0377084
13055 0.0118706
13056 0.0218514
13057 -0.0950109
13058 -0.073777
13059 -0.00601417
13060 -0.0279985
13061 -0.0178081
13062 -0.0528979
13063 -0.0680197
13064 -0.0207038
13065 -0.027806
13066 -0.0472191
13067 0.0137271
13068 0.00563189
13069 -0.0303025
13070 -0.0269676
13071 0.00946281
13072 -0.0197103
13073 0.00609513
13074 -0.0210012
13075 -0.0975488
13076 -0.00711558
13077 -0.0282889
13078 -0.00907516
13079 -0.00413974
13080 -0.0220501
13081 -0.0370649
13082 -0.0357132
13083 -7.57383e-05
13084 0.0504023
13085 0.0190553
13086 -0.0562011
13087 -0.062662
13088 -0.0608676
13089 0.0180622
13090 -0.0713269
13091 -0.0713416
13092 -0.0172568
13093 -0.00965772
13094 -0.0357373
13095 0.000376128
13096 -0.0524044
13097 -0.0372646
13098 -0.0228042
13099 -0.0495791
13100 -0.00144736
13101 0.0234404
13102 0.0229147
13103 -0.0173327
13104 -0.0178559
13105 -0.0404812
13106 0.0306364
13107 -0.0338907
13108 -0.002152
13109 0.0216076
13110 -0.0485431
13111 0.0202409
13112 -0.0116542
13113 -0.0268882
13114 -0.0947554
13115 -0.0248483
13116 0.00844968
13117 0.0132668
13118 -0.0471028
13119 0.015533
13120 -0.0406152
13121 -0.0746578
13122 -0.0402783
13123 -0.0515069
13124 -0.0146167
13125 -0.00225558
13126 -0.0734651
13127 -0.0197742
13128 0.0112625
13129 -0.0121324
13130 -0.0282541
13131 -0.016895
13132 0.0114422
13133 -0.0467533
13134 0.0355348
13135 0.020556
13136 0.0316731
13137 -0.0135305
13138 -0.0672368
13139 -0.0119612
13140 -0.00709065
13141 -0.0433195
13142 -0.0657505
13143 0.000938238
13144 -0.0203264
13145 -0.00666385
13146 0.0459081
13147 -0.0468804
13148 -0.00240425
13149 -0.070267
13150 0.0306074
13151 -0.0174727
13152 0.0076976
13153 -0.0593461
13154 -0.0822825
13155 -0.0234492
13156 -0.0178235
13157 -0.028514
13158 -0.0196824
13159 -0.00577016
13160 -0.0226003
13161 -0.0312703
13162 -0.00284755
13163 -0.0267317
13164 -0.0502949
13165 0.00235029
13166 0.0104153
13167 -1.848e-05
13168 -0.0827191
13169 -0.00382063
13170 -0.0557525
13171 0.0195507
13172 -0.0320822
13173 -0.0203298
13174 -0.00313875
13175 0.0516747
13176 -0.041221
13177 -0.0711082
13178 5.89817e-05
13179 0.0289536
13180 -0.0772177
13181 -0.0850205
13182 -0.00251726
13183 -0.0615763
13184 -0.0167947
13185 -0.0337499
13186 -0.0401762
13187 0.0211654
13188 -0.0108189
13189 -0.0425008
13190 0.03159
13191 -0.117728
13192 -0.0746237
13193 -0.0078138
13194 -0.0249426
13195 -0.0567061
13196 0.0757553
13197 -0.0626687
13198 -0.0945895
13199 -0.0388517
13200 -0.0200291
13201 -0.0131437
13202 0.032641
13203 -0.0710605
13204 0.0246113
13205 0.0280627
13206 -0.0409834
13207 0.0190147
13208 -0.102051
13209 -0.0571881
13210 -0.00834335
13211 -0.0558356
13212 -0.0101857
13213 0.059195
13214 0.0174458
13215 -0.0234145
13216 -0.0790139
13217 -0.00570314
13218 -0.00429123
13219 -0.0218329
13220 -0.0260213
13221 -0.0605662
13222 -0.0332221
13223 -0.047706
13224 -0.0154157
13225 -0.0411971
13226 0.0233738
13227 -0.0156485
13228 0.0314146
13229 0.0450656
13230 0.0127528
13231 -0.00503988
13232 -0.0237434
13233 0.0254743
13234 0.00301655
13235 0.00445072
13236 -0.0198593
13237 -0.00255832
13238 -0.0509329
13239 -0.0361828
13240 0.0104144
13241 -0.008808
13242 -0.0374566
13243 -0.0213682
13244 -0.0229245
13245 -0.0678975
13246 -0.0297838
13247 -0.0227582
13248 0.0360154
13249 -0.0378087
13250 -0.029041
13251 -0.00113479
13252 0.0367928
13253 -0.0626784
13254 -0.029745
13255 0.00987086
13256 -0.0189963
13257 0.00999831
13258 0.0172157
13259 -0.0521955
13260 -0.0361995
13261 -0.0226559
13262 0.0319314
13263 -0.018759
13264 -0.0209317
13265 0.00658194
13266 -0.0444258
13267 -0.0261681
13268 -0.00847974
13269 -0.0195379
13270 -0.0422856
13271 -0.030714
13272 -0.050429
13273 0.00198867
13274 -0.0581791
13275 -0.0696603
13276 -0.029371
13277 -0.0239751
13278 -0.0147144
13279 -0.00552219
13280 -0.0742024
13281 -0.0380704
13282 0.0198156
13283 0.0149805
13284 -0.030509
13285 -0.0487318
13286 0.0249876
13287 -0.0118057
13288 -0.0379901
13289 0.0249609
13290 -0.0450819
13291 -0.0556474
13292 -0.0476183
13293 0.031806
13294 0.00152783
13295 0.0211738
13296 -0.0326257
13297 -0.0365639
13298 0.00889355
13299 0.0290784
13300 -0.0165259
13301 -0.0227952
13302 0.0507331
13303 -0.0899749
13304 -0.0179883
13305 -0.0366498
13306 -0.0648095
13307 -0.0278793
13308 0.0143763
13309 -0.0353956
13310 -0.0263343
13311 0.0345887
13312 0.0324512
13313 -0.000833372
13314 0.00689749
13315 -0.0806059
13316 0.00668665
13317 -0.0114591
13318 0.0843451
13319 -0.00820483
13320 0.00529249
13321 0.0246256
13322 -0.0690738
13323 -0.0128966
13324 0.0146746
13325 -0.0661372
13326 -0.00143602
13327 -0.0354353
13328 -0.0343772
13329 -0.0262986
13330 -0.0848064
13331 -0.0128851
13332 0.0134784
13333 -0.0599084
13334 0.0210707
13335 -0.0232474
13336 -0.00651884
13337 -0.0186973
13338 -0.0212664
13339 0.0308099
13340 -0.00317984
13341 -0.0148963
13342 -8.00917e-05
13343 -0.0220757
13344 -0.00892196
13345 -0.00384385
13346 -0.0127636
13347 -0.0267557
13348 -0.0423636
13349 0.000427093
13350 -0.00351025
13351 -0.00180494
13352 -0.0104844
13353 -0.0738755
13354 -0.00411507
13355 -0.0336993
13356 -0.0055868
13357 0.0291829
13358 -0.0524836
13359 -0.0237476
13360 -0.0618665
13361 -0.00435037
13362 -0.0187426
13363 -0.0115491
13364 -0.00444101
13365 0.000667715
13366 0.0556646
13367 0.0182962
13368 0.017389
13369 -0.0255743
13370 -0.0417154
13371 -4.06117e-05
13372 0.0261054
13373 -0.0240875
13374 -0.0249717
13375 -0.0213638
13376 -0.00524339
13377 -0.00933775
13378 0.00378904
13379 -0.0171097
13380 -0.0391143
13381 -0.000983767
13382 -0.0360875
13383 -0.0588547
13384 -0.0526398
13385 0.0145144
13386 0.0235428
13387 -0.0881185
13388 0.0200105
13389 -0.0353229
13390 -0.0147113
13391 0.00441253
13392 0.020217
13393 0.00897107
13394 -0.0574973
13395 0.0105773
13396 0.0302937
13397 -0.00923647
13398 -0.0240905
13399 -0.0552013
13400 -0.0158741
13401 0.00370192
13402 -0.0295285
13403 -0.0138949
13404 -0.0138275
13405 0.0150707
13406 -0.0191155
13407 -0.0400231
13408 -0.0279627
13409 -0.0398632
13410 -0.0491751
13411 0.0267176
13412 -0.0261693
13413 -0.0366189
13414 0.0100991
13415 -0.00701103
13416 -0.100883
13417 -0.031051
13418 -0.0100704
13419 -0.037718
13420 0.00265588
13421 0.00478146
13422 -0.0741522
13423 -0.00863554
13424 -0.00220176
13425 -0.0411989
13426 -0.0275716
13427 -0.0175081
13428 0.0361461
13429 -0.0202082
13430 -0.0201642
13431 0.0208872
13432 -0.00085031
13433 -0.0273887
13434 -0.0390904
13435 -0.0756062
13436 -0.0241516
13437 -0.0825211
13438 0.0294445
13439 -0.047011
13440 -0.0283343
13441 0.00213612
13442 0.0229472
13443 0.00597049
13444 0.0160652
13445 -0.0447818
13446 0.0152216
13447 -0.000839332
13448 0.0155806
13449 -0.00883921
13450 0.0120057
13451 -0.0380316
13452 -0.0761815
13453 0.0128578
13454 -0.00334906
13455 -0.0885478
13456 -0.0730255
13457 -0.0148158
13458 0.00450899
13459 -0.0643594
13460 -0.0618591
13461 -0.0232807
13462 -0.0162225
13463 -0.0625065
13464 -0.0609207
13465 -0.00212993
13466 -0.00052484
13467 0.0510408
13468 -0.0192327
13469 -0.0605861
13470 -0.0119159
13471 -0.0420323
13472 -0.0332109
13473 0.0198055
13474 -0.0377588
13475 -0.0486759
13476 -0.0167587
13477 0.000628275
13478 -0.0192204
13479 -0.0122673
13480 -0.0323308
13481 -0.0950784
13482 -0.0140833
13483 -0.0568304
13484 -0.00926498
13485 0.0172623
13486 -0.0179024
13487 -0.0260515
13488 -0.0564597
13489 -0.00282016
13490 -0.0352044
13491 -0.0278952
13492 -0.0165268
13493 -0.0827569
13494 -0.0294499
13495 -0.0506041
13496 -0.0632181
13497 -0.0724992
13498 -0.0107878
13499 -0.00820032
13500 -0.00130508
13501 -0.069514
13502 -0.0800955
13503 -0.018434
13504 -0.0473761
13505 -0.0659989
13506 0.0116466
13507 0.00417992
13508 -0.0218517
13509 -0.0195052
13510 -0.0395498
13511 -0.00396497
13512 -0.107949
13513 0.0277695
13514 -0.0625315
13515 -0.0757685
13516 0.00266373
13517 0.0493085
13518 -0.0213389
13519 0.0197952
13520 0.0274933
13521 -0.0108682
13522 0.00818886
13523 0.020279
13524 -0.0296875
13525 -0.0450625
13526 -0.00825855
13527 -0.040857
13528 -0.0266949
13529 -0.0511625
13530 0.0170867
13531 -0.0365728
13532 -0.0775863
13533 0.0275646
13534 -0.0378888
13535 -0.036372
13536 -0.0599009
13537 -0.0236267
13538 -0.0748147
13539 -0.0154539
13540 -0.020733
13541 0.00568273
13542 -0.0130616
13543 0.0261162
13544 -0.0580106
13545 0.0013156
13546 -0.0146622
13547 -0.0488411
13548 -0.0348708
13549 -0.0365884
13550 -0.0198512
13551 -0.0253142
13552 -0.0299303
13553 0.000345242
13554 -0.0362366
13555 -0.0803411
13556 0.00149741
13557 -0.0265334
13558 -0.0418327
13559 0.00358124
13560 -0.0898782
13561 0.0394609
13562 -0.0412178
13563 0.0310515
13564 0.0516376
13565 -0.00951871
13566 -0.0713086
13567 -0.0538943
13568 0.0113711
13569 -0.0317724
13570 0.0197225
13571 -0.0052764
13572 -0.0449984
13573 0.00671704
13574 0.0432026
13575 0.013515
13576 -0.0420753
13577 0.0197417
13578 -0.0462691
13579 -0.047958
13580 0.0481335
13581 -0.0191547
13582 -0.0564085
13583 0.0427935
13584 -0.04252
13585 0.0153988
13586 -0.0168287
13587 0.0106813
13588 0.0366738
13589 0.0106967
13590 -0.0613412
13591 0.00203542
13592 0.0213928
13593 0.0128116
13594 -0.0108618
13595 -0.00510001
13596 -0.0295356
13597 0.0268137
13598 -0.0393701
13599 -0.0533245
13600 0.00323258
13601 -0.0270092
13602 -0.0505931
13603 0.0134944
13604 -0.0228727
13605 -0.0220902
13606 0.0179073
13607 0.0010653
13608 -0.0942698
13609 0.00582827
13610 -0.0477038
13611 -0.0102381
13612 0.00300021
13613 -0.00930702
13614 -0.0287303
13615 -0.0117735
13616 0.0129966
13617 -0.0541595
13618 -0.00696985
13619 -0.0155809
13620 -0.0623181
13621 -0.0278489
13622 -0.00383304
13623 -0.0785853
13624 -0.0266394
13625 0.0053005
13626 -0.000325533
13627 0.00385503
13628 -0.039757
13629 -0.0278496
13630 -0.0740451
13631 -0.0181891
13632 0.0304186
13633 -0.0259236
13634 -0.0337457
13635 -0.00617943
13636 -0.0511081
13637 0.0138732
13638 -0.0798245
13639 -0.0112445
13640 -0.0553971
13641 -0.0024292
13642 -0.0181769
13643 -0.0461785
13644 -0.0349215
13645 -0.0575609
13646 -0.0412554
13647 -0.0632083
13648 -0.033669
13649 -0.0775295
13650 -0.0147543
13651 -0.0321967
13652 0.0321408
13653 0.0683673
13654 -0.0309616
13655 -0.0471349
13656 0.02813
13657 -0.0375857
13658 -0.0906163
13659 0.00201715
13660 -0.0165912
13661 0.000860045
13662 0.00500257
13663 -0.0530516
13664 -0.0021976
13665 -0.026387
13666 -0.0840225
13667 -0.0292827
13668 -0.00231885
13669 -0.0315368
13670 -0.0393991
13671 -0.00977227
13672 -0.0743979
13673 0.00714749
13674 0.0250895
13675 -0.0293714
13676 0.0262452
13677 -0.0105067
13678 -0.00138647
13679 -0.071899
13680 -0.00228149
13681 -0.0385006
13682 -0.0819903
13683 -0.0313539
13684 -0.065299
13685 -0.00726365
13686 -0.0333201
13687 0.00840657
13688 -0.0798976
13689 -0.0638471
13690 -0.0374533
13691 0.0120447
13692 -0.0268471
13693 -0.032671
13694 -0.0593496
13695 0.0190027
13696 -0.0336134
13697 -0.0614269
13698 -0.0280607
13699 -0.0234305
13700 -0.0195639
13701 -0.00935037
13702 -0.0191247
13703 -0.0260714
13704 0.0240451
13705 0.0153068
13706 -0.0720328
13707 0.0287057
13708 -0.0996853
13709 -0.0511661
13710 -0.031769
13711 -0.0260673
13712 -0.00275509
13713 0.00241205
13714 -0.0803373
13715 -0.0656532
13716 0.0095366
13717 0.00116415
13718 -0.0652418
13719 0.00579678
13720 -0.071475
13721 -0.0399044
13722 -0.0137935
13723 -0.0463155
13724 -0.00936345
13725 -0.012027
13726 -0.0161862
13727 -0.0646973
13728 -0.074511
13729 -0.0211008
13730 -0.0170185
13731 -0.00666573
13732 -0.0262744
13733 -0.0136553
13734 -0.0150237
13735 -0.0225624
13736 0.0196508
13737 0.00315323
13738 0.020154
13739 -0.00682594
13740 -0.0348778
13741 -0.068222
13742 0.0292586
13743 0.043256
13744 -0.00540143
13745 0.00772564
13746 -0.0669878
13747 -0.020774
13748 -0.0139896
13749 -0.0100532
13750 -0.036544
13751 0.0110073
13752 -0.0188155
13753 -0.0423967
13754 -0.0134192
13755 -0.0320154
13756 -0.0312348
13757 0.052552
13758 -0.0530944
13759 0.00379888
13760 -0.0561162
13761 -0.00841181
13762 -0.0712918
13763 -0.0168893
13764 -0.0146314
13765 -0.0059952
13766 0.0391473
13767 -0.00400217
13768 -0.0184425
13769 -0.051453
13770 -0.0731073
13771 -0.0069697
13772 -0.0749878
13773 0.00378154
13774 0.00546404
13775 0.0387921
13776 0.0514162
13777 -0.0114877
13778 -0.0161505
13779 -0.0410638
13780 -0.0505276
13781 -0.066829
13782 -0.0535863
13783 -0.0431548
13784 -0.0119832
13785 -0.01797
13786 -0.0578622
13787 -0.0374044
13788 -0.0269673
13789 -0.00761075
13790 -0.0216971
13791 -0.0591845
13792 -0.0342702
13793 -0.0205548
13794 -0.0592075
13795 0.00417339
13796 -0.0257794
13797 -0.0198828
13798 -0.021381
13799 -0.038028
13800 -0.0326344
13801 -0.0344533
13802 -0.0137668
13803 -0.0236071
13804 0.00882492
13805 0.0229577
13806 -0.0400492
13807 -0.0374799
13808 -0.0282107
13809 0.0135802
13810 -0.0236065
13811 -0.0530987
13812 -0.0057744
13813 0.021053
13814 0.044912
13815 -0.0651223
13816 -0.0241559
13817 0.0192391
13818 -0.0267493
13819 -0.0822054
13820 0.0101736
13821 -0.0662643
13822 -0.00421188
13823 -0.0401349
13824 -0.00941856
13825 -0.0683713
13826 0.0111911
13827 -0.0679849
13828 -0.00606009
13829 -0.0172427
13830 0.0128943
13831 0.017037
13832 -0.0458265
13833 -0.0397081
13834 -0.000905225
13835 -0.0388304
13836 0.010106
13837 -0.0138279
13838 -0.00650645
13839 -0.070272
13840 -0.0256743
13841 0.0212645
13842 0.00387396
13843 0.0235557
13844 0.0206184
13845 -0.00699237
13846 -0.0253293
13847 -0.00806344
13848 -0.0145979
13849 -0.0344463
13850 -0.00181214
13851 -0.0303325
13852 0.00747955
13853 -0.0200768
13854 -0.0136662
13855 -0.0580434
13856 0.00146841
13857 -0.0424532
13858 -0.0492882
13859 -0.024124
13860 -0.0685739
13861 0.0164341
13862 -0.0205742
13863 -0.0439312
13864 -0.00937599
13865 -0.0637499
13866 0.0338499
13867 -0.0424929
13868 -0.0186869
13869 -0.0125742
13870 0.00304373
13871 -0.0343154
13872 -0.0169549
13873 0.0148183
13874 -0.00998795
13875 -0.0132316
13876 -0.00151215
13877 -0.0361427
13878 0.0161465
13879 -0.00409566
13880 0.0237044
13881 -0.0467744
13882 -0.00461867
13883 -0.0454853
13884 -0.0576606
13885 0.00863883
13886 -0.0385776
13887 -0.0134647
13888 -0.0486882
13889 -0.0156043
13890 -0.0573397
13891 -0.0693567
13892 0.0235282
13893 -0.012418
13894 0.0334553
13895 -0.00644373
13896 -0.00442993
13897 -0.0286102
13898 -0.0467308
13899 -0.0167791
13900 -0.0309902
13901 0.0307757
13902 -0.036109
13903 -0.0394678
13904 -0.0340814
13905 0.00701118
13906 -0.0528322
13907 0.0276827
13908 -0.0457648
13909 0.00392905
13910 -0.0224538
13911 -0.012881
13912 -0.0586291
13913 -0.0328823
13914 -0.0507644
13915 -0.0101639
13916 -0.0734763
13917 -0.0215477
13918 -0.0651499
13919 0.0332048
13920 0.0287648
13921 -0.00917725
13922 -0.0508563
13923 -0.0680324
13924 -0.0906993
13925 0.00873615
13926 -0.0286437
13927 -0.0061526
13928 -0.0250406
13929 0.017559
13930 0.00583437
13931 0.00170994
13932 0.000220973
13933 0.0151119
13934 -0.0379437
13935 -0.0350405
13936 -0.0627523
13937 -0.00334097
13938 -0.0550794
13939 -0.0217974
13940 0.00757905
13941 -0.0738316
13942 -0.0158279
13943 -0.0477529
13944 -0.0428195
13945 0.0262962
13946 -0.0150814
13947 -0.035503
13948 0.0252723
13949 -0.0438211
13950 0.0519277
13951 0.0103794
13952 0.000405622
13953 -0.0190771
13954 -0.033054
13955 -0.0199581
13956 -0.0500338
13957 -0.00495126
13958 0.0354236
13959 -0.0401222
13960 -0.0742289
13961 -0.0147873
13962 0.00611001
13963 0.0297699
13964 -0.0164634
13965 -0.0655926
13966 -0.0258877
13967 -0.00153814
13968 0.0351639
13969 0.0137514
13970 -0.0406225
13971 -0.0331754
13972 0.0052217
13973 -0.0110771
13974 -0.0092242
13975 -0.0102257
13976 0.0300215
13977 -0.0406862
13978 -0.00466033
13979 0.0297423
13980 -0.0379281
13981 -0.0221079
13982 -0.118829
13983 -0.0462372
13984 -0.00611027
13985 0.0166451
13986 -0.0184183
13987 -0.0347329
13988 -0.0251949
13989 -0.0541477
13990 0.0129354
13991 -0.0269493
13992 -0.0171063
13993 0.0319734
13994 -0.0622048
13995 -0.0162974
13996 -0.00223527
13997 -0.00321264
13998 -0.0200977
13999 0.0270379
14000 -0.0764456
