1001 -0.163992
1002 -0.187607
1003 -0.18397
1004 -0.171917
1005 -0.16189
1006 -0.175295
1007 -0.179141
1008 -0.204221
1009 -0.178697
1010 -0.196755
1011 -0.20049
1012 -0.185642
1013 -0.194261
1014 -0.1709
1015 -0.166009
1016 -0.18356
1017 -0.15836
1018 -0.185468
1019 -0.188413
1020 -0.151587
1021 -0.172431
1022 -0.14063
1023 -0.161888
1024 -0.181474
1025 -0.19344
1026 -0.156527
1027 -0.152849
1028 -0.160162
1029 -0.179533
1030 -0.177716
1031 -0.185793
1032 -0.192204
1033 -0.189878
1034 -0.170878
1035 -0.182723
1036 -0.175698
1037 -0.165596
1038 -0.176724
1039 -0.200586
1040 -0.166006
1041 -0.194005
1042 -0.172755
1043 -0.168948
1044 -0.169893
1045 -0.184088
1046 -0.155749
1047 -0.18381
1048 -0.171496
1049 -0.172135
1050 -0.19832
1051 -0.166229
1052 -0.184693
1053 -0.183073
1054 -0.161898
1055 -0.161643
1056 -0.181466
1057 -0.178509
1058 -0.199001
1059 -0.194232
1060 -0.187762
1061 -0.183955
1062 -0.176158
1063 -0.169826
1064 -0.177865
1065 -0.188046
1066 -0.199108
1067 -0.181727
1068 -0.183698
1069 -0.187592
1070 -0.163586
1071 -0.179205
1072 -0.180349
1073 -0.165661
1074 -0.184719
1075 -0.192886
1076 -0.168864
1077 -0.200603
1078 -0.143419
1079 -0.184707
1080 -0.178876
1081 -0.178277
1082 -0.144633
1083 -0.201658
1084 -0.202012
1085 -0.183983
1086 -0.209935
1087 -0.196292
1088 -0.18275
1089 -0.216449
1090 -0.186007
1091 -0.187033
1092 -0.188655
1093 -0.172976
1094 -0.183809
1095 -0.192605
1096 -0.143425
1097 -0.185624
1098 -0.155384
1099 -0.167983
1100 -0.193023
1101 -0.199886
1102 -0.204178
1103 -0.167879
1104 -0.16962
1105 -0.154053
1106 -0.211971
1107 -0.186498
1108 -0.180447
1109 -0.186509
1110 -0.129172
1111 -0.154579
1112 -0.167915
1113 -0.145865
1114 -0.172599
1115 -0.164727
1116 -0.18047
1117 -0.176495
1118 -0.175568
1119 -0.189829
1120 -0.1704
1121 -0.191866
1122 -0.187448
1123 -0.168013
1124 -0.188052
1125 -0.150424
1126 -0.176143
1127 -0.17768
1128 -0.197313
1129 -0.159296
1130 -0.176532
1131 -0.179458
1132 -0.169464
1133 -0.188296
1134 -0.171448
1135 -0.178494
1136 -0.179817
1137 -0.196275
1138 -0.159331
1139 -0.165832
1140 -0.165657
1141 -0.178264
1142 -0.17179
1143 -0.174173
1144 -0.160188
1145 -0.173896
1146 -0.173621
1147 -0.172096
1148 -0.194216
1149 -0.174359
1150 -0.168118
1151 -0.16026
1152 -0.158966
1153 -0.156268
1154 -0.194119
1155 -0.161041
1156 -0.178111
1157 -0.182962
1158 -0.184718
1159 -0.183422
1160 -0.163422
1161 -0.171779
1162 -0.195753
1163 -0.193039
1164 -0.142073
1165 -0.159134
1166 -0.168637
1167 -0.176437
1168 -0.197148
1169 -0.173711
1170 -0.161491
1171 -0.186602
1172 -0.181286
1173 -0.168873
1174 -0.184624
1175 -0.156192
1176 -0.164798
1177 -0.174536
1178 -0.167387
1179 -0.180077
1180 -0.17611
1181 -0.156196
1182 -0.201374
1183 -0.176475
1184 -0.182223
1185 -0.182393
1186 -0.188778
1187 -0.166778
1188 -0.160211
1189 -0.190865
1190 -0.155216
1191 -0.176846
1192 -0.153714
1193 -0.195685
1194 -0.189122
1195 -0.175474
1196 -0.169402
1197 -0.193309
1198 -0.167842
1199 -0.18197
1200 -0.178068
1201 -0.152407
1202 -0.193345
1203 -0.201557
1204 -0.178513
1205 -0.159379
1206 -0.176106
1207 -0.190984
1208 -0.161654
1209 -0.168706
1210 -0.160408
1211 -0.172728
1212 -0.187049
1213 -0.157262
1214 -0.156796
1215 -0.200765
1216 -0.196756
1217 -0.202539
1218 -0.182789
1219 -0.18274
1220 -0.186132
1221 -0.204746
1222 -0.174616
1223 -0.174433
1224 -0.159579
1225 -0.12317
1226 -0.180999
1227 -0.160164
1228 -0.185284
1229 -0.187102
1230 -0.168205
1231 -0.163316
1232 -0.175288
1233 -0.183271
1234 -0.142646
1235 -0.170954
1236 -0.165448
1237 -0.196578
1238 -0.16608
1239 -0.158873
1240 -0.15884
1241 -0.187684
1242 -0.170483
1243 -0.155444
1244 -0.143047
1245 -0.183307
1246 -0.193975
1247 -0.173082
1248 -0.14955
1249 -0.195791
1250 -0.197539
1251 -0.177014
1252 -0.174168
1253 -0.177904
1254 -0.169432
1255 -0.197019
1256 -0.189499
1257 -0.191772
1258 -0.18647
1259 -0.175979
1260 -0.151181
1261 -0.18509
1262 -0.167491
1263 -0.164184
1264 -0.171637
1265 -0.179447
1266 -0.180405
1267 -0.186119
1268 -0.192028
1269 -0.167389
1270 -0.197396
1271 -0.161349
1272 -0.182698
1273 -0.16129
1274 -0.170707
1275 -0.196707
1276 -0.147638
1277 -0.157989
1278 -0.172395
1279 -0.17755
1280 -0.191216
1281 -0.184134
1282 -0.178913
1283 -0.173234
1284 -0.154268
1285 -0.171915
1286 -0.192051
1287 -0.210784
1288 -0.151377
1289 -0.160478
1290 -0.143125
1291 -0.149443
1292 -0.193581
1293 -0.175301
1294 -0.187795
1295 -0.195887
1296 -0.188026
1297 -0.165341
1298 -0.158879
1299 -0.178922
1300 -0.189857
1301 -0.191849
1302 -0.18325
1303 -0.192684
1304 -0.154193
1305 -0.185985
1306 -0.182242
1307 -0.180741
1308 -0.189246
1309 -0.171879
1310 -0.167083
1311 -0.163992
1312 -0.189298
1313 -0.173368
1314 -0.16744
1315 -0.18547
1316 -0.153667
1317 -0.141811
1318 -0.19471
1319 -0.171109
1320 -0.196925
1321 -0.185284
1322 -0.162837
1323 -0.1648
1324 -0.187517
1325 -0.16201
1326 -0.189089
1327 -0.200255
1328 -0.16286
1329 -0.150579
1330 -0.178917
1331 -0.201099
1332 -0.152848
1333 -0.173538
1334 -0.203664
1335 -0.159445
1336 -0.177417
1337 -0.17965
1338 -0.191592
1339 -0.159797
1340 -0.160909
1341 -0.159823
1342 -0.20642
1343 -0.144466
1344 -0.165641
1345 -0.165653
1346 -0.166304
1347 -0.135273
1348 -0.202061
1349 -0.155226
1350 -0.175567
1351 -0.160532
1352 -0.154938
1353 -0.147231
1354 -0.172081
1355 -0.186851
1356 -0.161272
1357 -0.167032
1358 -0.168131
1359 -0.174698
1360 -0.174409
1361 -0.199267
1362 -0.174762
1363 -0.16698
1364 -0.182944
1365 -0.197088
1366 -0.1629
1367 -0.189221
1368 -0.169754
1369 -0.158382
1370 -0.194347
1371 -0.182014
1372 -0.158525
1373 -0.169501
1374 -0.186915
1375 -0.15819
1376 -0.182326
1377 -0.17225
1378 -0.16667
1379 -0.16173
1380 -0.172304
1381 -0.156475
1382 -0.149349
1383 -0.167639
1384 -0.14825
1385 -0.171302
1386 -0.164068
1387 -0.151941
1388 -0.144146
1389 -0.148032
1390 -0.176484
1391 -0.180574
1392 -0.176886
1393 -0.189872
1394 -0.180486
1395 -0.177385
1396 -0.175809
1397 -0.173501
1398 -0.183563
1399 -0.177103
1400 -0.163638
1401 -0.177563
1402 -0.176327
1403 -0.160287
1404 -0.164361
1405 -0.185851
1406 -0.164964
1407 -0.167076
1408 -0.178813
1409 -0.167131
1410 -0.208238
1411 -0.186837
1412 -0.157503
1413 -0.16413
1414 -0.185164
1415 -0.166911
1416 -0.172791
1417 -0.177885
1418 -0.159593
1419 -0.195322
1420 -0.174009
1421 -0.169333
1422 -0.184065
1423 -0.157606
1424 -0.151361
1425 -0.163705
1426 -0.170168
1427 -0.195299
1428 -0.162749
1429 -0.184144
1430 -0.179704
1431 -0.158182
1432 -0.177824
1433 -0.19692
1434 -0.183844
1435 -0.171261
1436 -0.174498
1437 -0.182382
1438 -0.159152
1439 -0.189966
1440 -0.192826
1441 -0.187734
1442 -0.199073
1443 -0.185035
1444 -0.167336
1445 -0.198757
1446 -0.1871
1447 -0.181489
1448 -0.191778
1449 -0.180863
1450 -0.205704
1451 -0.165897
1452 -0.154497
1453 -0.178253
1454 -0.171442
1455 -0.164336
1456 -0.166277
1457 -0.187232
1458 -0.176064
1459 -0.191907
1460 -0.191679
1461 -0.167058
1462 -0.162415
1463 -0.17356
1464 -0.20101
1465 -0.183116
1466 -0.178091
1467 -0.167007
1468 -0.160473
1469 -0.168862
1470 -0.175928
1471 -0.164711
1472 -0.15968
1473 -0.190139
1474 -0.190545
1475 -0.192692
1476 -0.194493
1477 -0.179921
1478 -0.196929
1479 -0.154796
1480 -0.169998
1481 -0.173877
1482 -0.171671
1483 -0.182707
1484 -0.149681
1485 -0.150025
1486 -0.16278
1487 -0.149588
1488 -0.167065
1489 -0.198486
1490 -0.147564
1491 -0.185396
1492 -0.168532
1493 -0.194244
1494 -0.198479
1495 -0.180296
1496 -0.210172
1497 -0.195217
1498 -0.209857
1499 -0.16627
1500 -0.160883
1501 -0.174175
1502 -0.184824
1503 -0.179923
1504 -0.191852
1505 -0.203319
1506 -0.15836
1507 -0.178947
1508 -0.192026
1509 -0.179851
1510 -0.188583
1511 -0.183038
1512 -0.194344
1513 -0.172972
1514 -0.183973
1515 -0.164308
1516 -0.146525
1517 -0.184817
1518 -0.180371
1519 -0.176223
1520 -0.173256
1521 -0.158515
1522 -0.187934
1523 -0.169409
1524 -0.187645
1525 -0.162832
1526 -0.183087
1527 -0.175115
1528 -0.163018
1529 -0.143529
1530 -0.176619
1531 -0.178125
1532 -0.15051
1533 -0.187949
1534 -0.159236
1535 -0.144409
1536 -0.178251
1537 -0.165031
1538 -0.163413
1539 -0.14992
1540 -0.198172
1541 -0.164843
1542 -0.14753
1543 -0.155605
1544 -0.159198
1545 -0.166651
1546 -0.169066
1547 -0.163741
1548 -0.167616
1549 -0.183576
1550 -0.165919
1551 -0.169942
1552 -0.179296
1553 -0.197977
1554 -0.154407
1555 -0.18101
1556 -0.168219
1557 -0.208157
1558 -0.156073
1559 -0.202773
1560 -0.178491
1561 -0.163891
1562 -0.178916
1563 -0.201249
1564 -0.157556
1565 -0.176983
1566 -0.197109
1567 -0.178234
1568 -0.155449
1569 -0.195989
1570 -0.149491
1571 -0.153508
1572 -0.166273
1573 -0.179148
1574 -0.177036
1575 -0.188847
1576 -0.16309
1577 -0.177133
1578 -0.154497
1579 -0.181129
1580 -0.170379
1581 -0.178273
1582 -0.156061
1583 -0.154679
1584 -0.160117
1585 -0.169718
1586 -0.163455
1587 -0.163648
1588 -0.1706
1589 -0.172564
1590 -0.158837
1591 -0.186887
1592 -0.203385
1593 -0.175451
1594 -0.154372
1595 -0.173904
1596 -0.192183
1597 -0.187962
1598 -0.172869
1599 -0.194772
1600 -0.141731
1601 -0.195286
1602 -0.168852
1603 -0.165809
1604 -0.170946
1605 -0.171846
1606 -0.160636
1607 -0.149306
1608 -0.190838
1609 -0.160338
1610 -0.175598
1611 -0.169158
1612 -0.18145
1613 -0.170317
1614 -0.154342
1615 -0.171437
1616 -0.202229
1617 -0.182212
1618 -0.167304
1619 -0.181459
1620 -0.168114
1621 -0.163804
1622 -0.189395
1623 -0.177436
1624 -0.176117
1625 -0.156501
1626 -0.163695
1627 -0.159175
1628 -0.184552
1629 -0.191763
1630 -0.186324
1631 -0.183369
1632 -0.185606
1633 -0.181265
1634 -0.18333
1635 -0.181065
1636 -0.159018
1637 -0.186896
1638 -0.20087
1639 -0.174456
1640 -0.196969
1641 -0.159699
1642 -0.173577
1643 -0.177704
1644 -0.164902
1645 -0.174494
1646 -0.157865
1647 -0.176622
1648 -0.168304
1649 -0.159754
1650 -0.146319
1651 -0.173347
1652 -0.151831
1653 -0.19571
1654 -0.166722
1655 -0.169099
1656 -0.158208
1657 -0.161596
1658 -0.184587
1659 -0.161888
1660 -0.171236
1661 -0.19031
1662 -0.167301
1663 -0.208527
1664 -0.159699
1665 -0.171527
1666 -0.171021
1667 -0.200083
1668 -0.174311
1669 -0.185996
1670 -0.170331
1671 -0.183397
1672 -0.154468
1673 -0.133495
1674 -0.194476
1675 -0.164121
1676 -0.180131
1677 -0.160263
1678 -0.190058
1679 -0.180891
1680 -0.185575
1681 -0.166263
1682 -0.196238
1683 -0.161699
1684 -0.179014
1685 -0.17347
1686 -0.136829
1687 -0.18494
1688 -0.172962
1689 -0.178416
1690 -0.175087
1691 -0.182883
1692 -0.192027
1693 -0.169625
1694 -0.179118
1695 -0.180198
1696 -0.203947
1697 -0.164634
1698 -0.188449
1699 -0.17442
1700 -0.167268
1701 -0.167878
1702 -0.18388
1703 -0.174696
1704 -0.149408
1705 -0.17478
1706 -0.147632
1707 -0.152146
1708 -0.185065
1709 -0.200505
1710 -0.173875
1711 -0.148831
1712 -0.155965
1713 -0.174982
1714 -0.16194
1715 -0.16661
1716 -0.150154
1717 -0.165793
1718 -0.202539
1719 -0.180047
1720 -0.15529
1721 -0.159477
1722 -0.203881
1723 -0.184929
1724 -0.180565
1725 -0.170286
1726 -0.166515
1727 -0.202834
1728 -0.1589
1729 -0.153966
1730 -0.190053
1731 -0.189417
1732 -0.165453
1733 -0.148322
1734 -0.179254
1735 -0.163982
1736 -0.195516
1737 -0.147391
1738 -0.172786
1739 -0.183452
1740 -0.179246
1741 -0.180973
1742 -0.188631
1743 -0.196873
1744 -0.193549
1745 -0.173876
1746 -0.168532
1747 -0.163287
1748 -0.181863
1749 -0.157315
1750 -0.185214
1751 -0.14402
1752 -0.18228
1753 -0.165343
1754 -0.186358
1755 -0.186343
1756 -0.205306
1757 -0.1958
1758 -0.160623
1759 -0.162139
1760 -0.172596
1761 -0.187616
1762 -0.169912
1763 -0.181797
1764 -0.187105
1765 -0.188746
1766 -0.167362
1767 -0.178684
1768 -0.171525
1769 -0.169664
1770 -0.166108
1771 -0.174239
1772 -0.16023
1773 -0.188245
1774 -0.182101
1775 -0.191877
1776 -0.163145
1777 -0.172838
1778 -0.168724
1779 -0.172483
1780 -0.199031
1781 -0.190333
1782 -0.175403
1783 -0.185946
1784 -0.194514
1785 -0.177477
1786 -0.1596
1787 -0.194889
1788 -0.15339
1789 -0.177512
1790 -0.167638
1791 -0.163699
1792 -0.157007
1793 -0.183529
1794 -0.201446
1795 -0.192594
1796 -0.176692
1797 -0.153635
1798 -0.17442
1799 -0.170349
1800 -0.179638
1801 -0.17238
1802 -0.145072
1803 -0.162169
1804 -0.172332
1805 -0.184649
1806 -0.201296
1807 -0.176209
1808 -0.17479
1809 -0.136062
1810 -0.176331
1811 -0.151762
1812 -0.176209
1813 -0.189824
1814 -0.167081
1815 -0.179331
1816 -0.183808
1817 -0.178486
1818 -0.149338
1819 -0.177251
1820 -0.196447
1821 -0.194506
1822 -0.199228
1823 -0.180867
1824 -0.180393
1825 -0.168755
1826 -0.182151
1827 -0.173362
1828 -0.19086
1829 -0.174652
1830 -0.192173
1831 -0.175805
1832 -0.159976
1833 -0.185715
1834 -0.172728
1835 -0.17018
1836 -0.197518
1837 -0.173574
1838 -0.172588
1839 -0.159899
1840 -0.184824
1841 -0.148091
1842 -0.174026
1843 -0.192692
1844 -0.16882
1845 -0.197507
1846 -0.158408
1847 -0.161273
1848 -0.155537
1849 -0.14809
1850 -0.165057
1851 -0.180428
1852 -0.187739
1853 -0.158901
1854 -0.176502
1855 -0.175814
1856 -0.174406
1857 -0.190664
1858 -0.180828
1859 -0.162013
1860 -0.176692
1861 -0.189501
1862 -0.174052
1863 -0.15002
1864 -0.132394
1865 -0.201584
1866 -0.206929
1867 -0.179865
1868 -0.155096
1869 -0.187514
1870 -0.19247
1871 -0.199337
1872 -0.17203
1873 -0.186628
1874 -0.146968
1875 -0.188905
1876 -0.196802
1877 -0.168756
1878 -0.191614
1879 -0.160915
1880 -0.17156
1881 -0.187544
1882 -0.163771
1883 -0.176184
1884 -0.19005
1885 -0.158615
1886 -0.176647
1887 -0.189595
1888 -0.180641
1889 -0.196585
1890 -0.165512
1891 -0.192782
1892 -0.187459
1893 -0.174391
1894 -0.168066
1895 -0.184601
1896 -0.155711
1897 -0.187151
1898 -0.171996
1899 -0.158707
1900 -0.197054
1901 -0.183748
1902 -0.183751
1903 -0.185083
1904 -0.177585
1905 -0.152749
1906 -0.153034
1907 -0.16957
1908 -0.186348
1909 -0.185511
1910 -0.195112
1911 -0.192231
1912 -0.181262
1913 -0.194547
1914 -0.185966
1915 -0.141939
1916 -0.176485
1917 -0.170923
1918 -0.192995
1919 -0.168359
1920 -0.158212
1921 -0.170673
1922 -0.177208
1923 -0.162384
1924 -0.178748
1925 -0.19448
1926 -0.185599
1927 -0.196978
1928 -0.154498
1929 -0.160786
1930 -0.197805
1931 -0.191869
1932 -0.158172
1933 -0.167251
1934 -0.198891
1935 -0.198278
1936 -0.153967
1937 -0.182818
1938 -0.1714
1939 -0.195353
1940 -0.172705
1941 -0.189379
1942 -0.174816
1943 -0.170649
1944 -0.16699
1945 -0.158475
1946 -0.180456
1947 -0.179488
1948 -0.137187
1949 -0.18884
1950 -0.178067
1951 -0.20243
1952 -0.198877
1953 -0.187599
1954 -0.192116
1955 -0.153525
1956 -0.195701
1957 -0.210232
1958 -0.186277
1959 -0.147725
1960 -0.168296
1961 -0.170972
1962 -0.187187
1963 -0.157329
1964 -0.159066
1965 -0.17311
1966 -0.186658
1967 -0.195474
1968 -0.197649
1969 -0.18172
1970 -0.167874
1971 -0.185625
1972 -0.185343
1973 -0.18475
1974 -0.158566
1975 -0.164727
1976 -0.17345
1977 -0.156
1978 -0.194888
1979 -0.163898
1980 -0.168589
1981 -0.187029
1982 -0.204958
1983 -0.158006
1984 -0.200801
1985 -0.157476
1986 -0.147494
1987 -0.167322
1988 -0.176484
1989 -0.179821
1990 -0.193227
1991 -0.194875
1992 -0.163581
1993 -0.176183
1994 -0.153489
1995 -0.179643
1996 -0.171371
1997 -0.165394
1998 -0.196283
1999 -0.192454
2000 -0.177686
