11001	-0.817656095099999	-0.6220294309566669
11002	-1.1824104733166638	-1.522460358198332
11003	-0.7989581865166682	-0.7660720076316678
11004	-1.140178383406671	-1.352333258743336
11005	-0.9523573605616692	-1.081618767719995
11006	-1.1178206883783361	-1.3042031249666652
11007	-1.0706805902283414	-1.1811457316750051
11008	-0.8634245354083355	-0.8183701553433381
11009	-1.1279008623499998	-1.423201119766666
11010	-0.9679861049333311	-0.974329484679999
11011	-1.0069352227833337	-1.138571653646663
11012	-0.938759360396673	-1.0453586790383336
11013	-0.9895427237000006	-1.1810551672316736
11014	-0.6581084888666691	-0.5538028793600027
11015	-1.1993023390833357	-1.4469524370666706
11016	-0.9648486382333389	-0.9971895853383314
11017	-1.1469865207333254	-1.4171917192883363
11018	-0.6597694315050006	-0.5673078375633306
11019	-1.138931542713337	-1.3558201971966672
11020	-0.8438609449850017	-0.9117797591699964
11021	-1.0550526737000017	-1.2245690355833294
11022	-1.2062903964500007	-1.3714815734166677
11023	-1.1451338993433333	-1.3125690351333308
11024	-1.1074308452250001	-1.284232915123331
11025	-0.8902736482083385	-0.9111832651866631
11026	-0.6819045353250052	-0.6026683013883353
11027	-1.1508572247500022	-1.3342442109799975
11028	-1.042547676716667	-1.2181129903766648
11029	-1.0682253352833346	-1.2897560407366662
11030	-0.7976115793250028	-0.7486029765816669
11031	-0.9330928325166716	-1.0171180676549993
11032	-1.0502170191899964	-1.2181626680799986
11033	-1.1594871695183413	-1.2795511131266672
11034	-0.9795558730233401	-1.0494461834250033
11035	-0.8267798862833338	-0.6616833179466665
11036	-1.1252343075866613	-1.3366278563633354
11037	-0.6406056536833356	-0.46008179311666747
11038	-0.9770031704083355	-1.0227150538116647
11039	-1.0295706360383385	-1.1666458081116695
11040	-0.926972871613339	-0.9643032068466704
11041	-1.0535519562499975	-1.2045541875199988
11042	-1.0830753816183427	-1.2373381122799978
11043	-1.1164572887500044	-1.4050882954983326
11044	-1.0906110082666687	-1.2028766109349949
11045	-0.7633667953150018	-0.683100324428332
11046	-0.9452873740333317	-1.0699883268533303
11047	-0.973312768616675	-1.0013688438500008
11048	-1.2037190126666675	-1.515235721766662
11049	-1.0767750919933416	-1.1639573474599985
11050	-1.1962747755833323	-1.51481434461667
11051	-1.1675293828933395	-1.338648501285002
11052	-1.019340167349997	-1.2057990823349996
11053	-1.1031571886666613	-1.4380237941600045
11054	-0.6656875270083337	-0.5715537278200001
11055	-0.9466358306000037	-0.927531070468331
11056	-1.0108813719183367	-1.0563398389400003
11057	-0.8788042538083327	-0.940224350868334
11058	-0.8041882860483371	-0.7765665179133348
11059	-1.0816114477000016	-1.3527760728716645
11060	-0.9713481867666642	-1.017245574019994
11061	-1.0852145589000044	-1.2606344505383265
11062	-1.0631754522833332	-1.3954074139766672
11063	-1.0148964444483413	-1.0705658097700008
11064	-1.0537949269433329	-1.2495230183200001
11065	-0.9371254218833283	-1.1116772537516668
11066	-1.1574835449166683	-1.485585128745001
11067	-0.6085896790083332	-0.39843908722666743
11068	-0.8860617000499986	-0.7279224276633349
11069	-1.0338306640000006	-1.5299734236983347
11070	-1.0071882528600087	-1.082068338843332
11071	-0.8727026089500015	-0.8886658662466618
11072	-1.1168378449083347	-1.2720754978116637
11073	-1.221476288516665	-1.4896825558566658
11074	-1.1105092204999987	-1.3431228332916663
11075	-1.075970593910009	-1.1749267349049992
11076	-1.0771342915000066	-1.3456823268249931
11077	-0.645969713883333	-0.340815721361667
11078	-1.0568979929000053	-1.1272165176666693
11079	-1.05105898566667	-1.262311286001666
11080	-0.7487891954833362	-0.7201608739200005
11081	-0.809071289528336	-0.8348541353233341
11082	-1.0375662343250016	-1.217024488964999
11083	-0.8268048736000005	-0.8377128858833344
11084	-0.8578148336333344	-0.7782933929299996
11085	-1.1400746214333357	-1.2027683004166665
11086	-0.8401286732499964	-0.9310925301633336
11087	-0.7964033204033372	-0.751101266116669
11088	-0.8950575318900011	-0.9237446418699983
11089	-1.2083651187633297	-1.5112191479966675
11090	-0.9003150552499983	-0.9870412004433351
11091	-1.2182629439900003	-1.438431188640004
11092	-1.0476899662983372	-1.2226087968216601
11093	-0.8828228821633399	-0.8785607943666719
11094	-0.971170567101669	-0.9694186949883317
11095	-0.9012215987783431	-0.9587939518550055
11096	-0.8590121377000011	-0.8909617702616637
11097	-0.8169208839499993	-0.8308294171816694
11098	-0.5526430876249983	-0.34017364536833317
11099	-1.134607419666668	-1.213114689769999
11100	-0.9127964419800015	-0.9527178362666628
11101	-0.9958958706666688	-1.074338374096664
11102	-0.816872100930006	-0.8043574506566707
11103	-0.7633597177666682	-0.5563775584133324
11104	-1.0304677227799992	-1.2229696341499992
11105	-0.7388873467483352	-0.7166625302200006
11106	-1.1934929082983285	-1.5103994512633316
11107	-1.0761224784500067	-1.1608783200700017
11108	-1.1014833518999974	-1.2981697201316644
11109	-1.1502516053499998	-1.5215183187783317
11110	-0.8014812206750008	-0.8082083206416655
11111	-1.1480541666399944	-1.411000124544999
11112	-0.7762937589316659	-0.5947908022816685
11113	-1.1282048593166676	-1.3805839972183287
11114	-0.9312135636333316	-1.089120933273334
11115	-0.9069561603166673	-0.9685164937666615
11116	-0.9534777070466715	-1.0268995227249995
11117	-0.8041127020333347	-0.7908748770083357
11118	-1.1783689629916687	-1.396061156883327
11119	-0.8590121377000011	-0.8909617702616637
11120	-1.0456526458250048	-1.2696049002233343
11121	-1.0367067021833294	-1.123408575124993
11122	-1.1474519717500018	-1.4860540901599963
11123	-1.1684383791833342	-1.375233498389997
11124	-0.7350405848333298	-0.5015961777966672
11125	-0.8791884382666666	-0.6370246346566683
11126	-0.8482396827250039	-0.8037962760166667
11127	-0.8186988065499953	-0.8427155048550055
11128	-0.9977287506583407	-1.1489696499249953
11129	-1.15210419735334	-1.3174519186633307
11130	-1.0345117218883353	-1.19539444636
11131	-1.1198277491383368	-1.2835217476283334
11132	-1.114365837755001	-1.2808554318216672
11133	-0.577278649936667	-0.45881738462333216
11134	-0.6308645142666709	-0.5317821431116663
11135	-0.8885574676916664	-0.9732349491350063
11136	-0.7261387498150008	-0.6118918311966639
11137	-1.13268679176667	-1.3763533072783312
11138	-1.131104389216667	-1.4456401397199956
11139	-1.0086084884333368	-1.1802932423316652
11140	-0.7185157776783391	-0.6364848512566645
11141	-0.8936687533250015	-0.7481633453283325
11142	-1.182865272591668	-1.3775391170583287
11143	-1.2304327662433376	-1.4795745439300039
11144	-1.128734205698339	-1.2604072644916688
11145	-0.8111903833333383	-0.7867517027283351
11146	-0.9343526751583334	-1.0327714175899962
11147	-1.2208196593133318	-1.437716133738336
11148	-1.1207588597500044	-1.3878309023583342
11149	-1.1244072266333343	-1.5298859061716679
11150	-1.0579102803550053	-1.1211137666833326
11151	-1.2529873881666695	-1.423268468050002
11152	-0.9489177480983347	-0.816436940206665
11153	-0.8297011611416709	-0.678446322171667
11154	-0.9744065100283457	-1.0005177403899974
11155	-0.9276591751916722	-0.8895785006500019
11156	-1.086215364183332	-1.2585418264433317
11157	-0.9970300362233397	-1.11089705591
11158	-1.0483328273166679	-1.3137056104999993
11159	-0.8727961369633361	-0.921544542593339
11160	-0.7342516734000039	-0.6478350644533353
11161	-0.8799945704083363	-0.8328434988483356
11162	-1.1024935386500008	-1.3391627032916653
11163	-0.9346384436266691	-0.9109914893400038
11164	-0.9322708448250072	-0.8464792797766673
11165	-1.052988363516675	-1.145965519689996
11166	-1.0811263954499997	-1.321154063498336
11167	-1.0660262650333345	-1.12068529558
11168	-0.8821743615000005	-0.9468612462050007
11169	-1.0131019526283371	-1.2066838487616633
11170	-0.7795102592166689	-0.5455477608766673
11171	-1.2134792314133303	-1.4184779967750067
11172	-0.7132284460716711	-0.6856327621033327
11173	-0.9154192950499976	-1.001944386180004
11174	-1.1049288658616616	-1.4054026255616792
11175	-1.026803919189999	-1.1604249685066697
11176	-1.1275912055916693	-1.2527174978666675
11177	-1.0775369233599952	-1.2818808007633344
11178	-1.0769773024083393	-1.0929204955050016
11179	-1.0112541377616737	-1.031606799555003
11180	-1.09829370126334	-1.2351213308650053
11181	-0.6847178255333345	-0.5209168998766656
11182	-0.8612779171916669	-0.8891005790816695
11183	-1.0833875887833389	-1.1823971331466638
11184	-1.1947847569166645	-1.4809148129983338
11185	-0.9135802521433368	-0.9726146848733385
11186	-1.0928188862650057	-1.2674174393749977
11187	-0.9510684521000039	-1.001106233089996
11188	-0.812477807475006	-0.7692529716150055
11189	-0.9194164644666664	-0.9893976697883329
11190	-1.0639567112399975	-1.2249100599616585
11191	-0.9840798749450055	-1.0944242304350016
11192	-1.0666833292483262	-1.2714641060149978
11193	-1.0610071942166703	-1.229710669876665
11194	-1.1358307338616762	-1.2499334122383345
11195	-1.0488725032000075	-1.1359102256666682
11196	-0.9456372526500002	-1.2078462715000022
11197	-0.8215614178333406	-0.8246314252600045
11198	-1.131465271438333	-1.3716789486166685
11199	-0.9445808157833311	-1.2010026913266665
11200	-0.7586065391500025	-0.7670351759466653
11201	-1.0128264930500037	-1.216185875026666
11202	-0.7812364870333336	-0.5827077287016681
11203	-1.310400798496668	-1.529668375350004
11204	-1.1005794841266694	-1.326064573831662
11205	-1.1965026768500018	-1.5291850864583372
11206	-0.9722630758666774	-0.9682522877716673
11207	-0.9862074411499963	-1.1269909117599994
11208	-1.05994928326834	-1.15716059855
11209	-1.1683660814966699	-1.3495077899000014
11210	-0.8746062342866702	-0.9307453699533326
11211	-0.9586004598999952	-1.1069314250399958
11212	-1.2229288754916658	-1.446071309916667
11213	-0.8017323901250012	-0.7008007064933348
11214	-0.8691263512500012	-0.9327031114833372
11215	-0.5724190356566671	-0.4044644239066656
11216	-1.0027594653616674	-1.098426488211671
11217	-1.0795148709666662	-1.354815815851666
11218	-0.8867435326033329	-0.894469091415003
11219	-1.0770666593333331	-1.2384455489649988
11220	-1.221606170033336	-1.4040015675083415
11221	-1.0723118483116663	-1.284650483183332
11222	-0.7815041748133358	-0.8097166497033318
11223	-0.9983322566016655	-1.1621375303799983
11224	-0.8388928207033379	-0.8692493010366678
11225	-1.0561185304833414	-1.1518561228450075
11226	-0.995354772750009	-1.064266221151669
11227	-0.8285597063449999	-0.884024540523333
11228	-1.0898258409650035	-1.2611856396166667
11229	-0.8102793331166701	-0.7705171734316688
11230	-1.309381217783334	-1.5246551445166734
11231	-1.103702999738335	-1.316955620438332
11232	-0.7693013577500014	-0.7850746953183344
11233	-1.046199341700002	-1.1673607154649992
11234	-0.9437432429750009	-1.0396756259183308
11235	-1.329771358516666	-1.6475198257000043
11236	-0.8623337428650049	-0.839030114259999
11237	-0.935483435383338	-0.9913259806433334
11238	-0.7902350676983334	-0.5493334458066681
11239	-0.9194049076400015	-0.7905070626266691
11240	-1.0591819130916735	-1.1183832255183332
11241	-0.6725150316583332	-0.4925275633183334
11242	-1.1559398416816653	-1.2944492992550045
11243	-0.8124438431866657	-0.8322485481099958
11244	-1.0850133826666675	-1.1651090193000002
11245	-1.023700324315	-1.1961195209466677
11246	-0.9677758065333354	-1.0553009827883255
11247	-1.0085155378749973	-1.2534369491966686
11248	-0.983931856788334	-1.130657584016667
11249	-0.9730909915250032	-1.0654827614066715
11250	-0.9905880603833327	-1.1076231184499974
11251	-1.0404395938666675	-1.2557541026266645
11252	-1.244366504166665	-1.3893100739333393
11253	-1.107373198266672	-1.3664881942900005
11254	-1.0389456919000035	-1.1920754689833317
11255	-1.0291807629999987	-1.455022440550002
11256	-1.0499979877833312	-1.3558015962499983
11257	-0.8914430987400049	-0.8817004100283392
11258	-0.9954656534633405	-1.0681486818483366
11259	-1.0078611759316773	-1.049208112184998
11260	-0.643417639133332	-0.5408577238550006
11261	-1.0378227950083434	-1.1948121931349966
11262	-0.9528692343666727	-0.9852125071600026
11263	-1.1377922252166655	-1.5074907580499963
11264	-1.1199953090500003	-1.3260725018549988
11265	-1.0385242911333332	-1.511101429666666
11266	-0.9742581993333322	-1.130380486959999
11267	-1.0896035757416735	-1.1849977118399946
11268	-0.897507267049999	-0.7203835718500026
11269	-0.9397594579000003	-1.1778872301216678
11270	-1.1042249107916648	-1.322053551103332
11271	-0.8309542881666694	-0.8038225025133356
11272	-0.7986471058833327	-0.5492302204033349
11273	-0.6034611977666672	-0.4564462704433318
11274	-1.1038058790666636	-1.3709912874500036
11275	-1.1417097788416692	-1.440097472053336
11276	-1.0013044306266714	-1.1301741885833358
11277	-0.8252888380316719	-0.845388394901672
11278	-1.0197264218000028	-1.2926528387400003
11279	-0.7156656098166668	-0.6534854667400033
11280	-1.1908567624933324	-1.4012850516516688
11281	-1.1382638838233299	-1.3791664277133375
11282	-1.0267367038166664	-1.154868191946664
11283	-0.9660707329500049	-1.2020554290566692
11284	-1.1153307932500065	-1.272066676849998
11285	-1.09449520130833	-1.3733966553133325
11286	-1.0657195425499988	-1.2498973235866642
11287	-1.0465881897700025	-1.172263905606668
11288	-0.929831961100004	-1.0456206495533302
11289	-0.9180410786166672	-0.9766085132049973
11290	-0.9841336710516724	-0.9416975591266692
11291	-0.7650785242300026	-0.6839194153199981
11292	-1.2304390149099997	-1.4516763750150048
11293	-0.8138163920499988	-0.8783041454600002
11294	-1.1478847715333362	-1.446547253823333
11295	-0.8654620276183326	-0.9052980323633317
11296	-1.0398240184766676	-1.149948840356666
11297	-1.1260659737250016	-1.3217687245666618
11298	-1.0672159850233425	-1.2129827253333314
11299	-0.9784911360266736	-1.0365518533466673
11300	-1.0358497797333388	-1.1911153297899981
11301	-0.5376730435833336	-0.26301598124666686
11302	-1.0506397065500026	-1.1712689946399926
11303	-1.0947233718666702	-1.2261780319899982
11304	-1.1041643411166635	-1.3586670822299964
11305	-0.7930364330333367	-0.8944750345750038
11306	-0.9902045952333377	-1.061655290893331
11307	-1.0773225931500021	-1.2292119425899992
11308	-1.0591061895416665	-1.1965543759283352
11309	-0.708817771343336	-0.6312902575966639
11310	-1.1521703339500033	-1.3396415886033326
11311	-1.0138542020916632	-1.1431098302316602
11312	-1.0611225741166672	-1.2117199214016623
11313	-0.870692573561672	-0.7956641091116722
11314	-0.9232915499000013	-1.134994812813334
11315	-0.9679552906499991	-1.1303041546166643
11316	-0.9014640483249969	-1.0237872831650012
11317	-1.0360712921833346	-1.1909403193649968
11318	-1.109800090733333	-1.3599142385599996
11319	-0.7919383302800034	-0.8038883342833341
11320	-0.902468162993334	-0.8309032504599997
11321	-0.9846325481833311	-1.1373653121683316
11322	-0.7083692961083337	-0.4623827501883324
11323	-0.708618309606669	-0.6801440432583326
11324	-0.8839377062050047	-0.94821176682
11325	-0.7902774306666663	-0.7848066012066668
11326	-0.7414954106833362	-0.6443682930883381
11327	-0.80916627718167	-0.7853822663316603
11328	-0.9923379864850088	-1.0373486508133332
11329	-0.8973195406666657	-0.8787980086050016
11330	-1.0909310665650003	-1.309683425831662
11331	-0.983968281166677	-1.1261521341666663
11332	-0.7775724308666675	-0.702675041075001
11333	-1.13159729079333	-1.3586164096333284
11334	-0.8477062189000003	-0.9117551266683316
11335	-0.9661781285833331	-1.1047534607616627
11336	-1.1525077120833316	-1.4935475768666702
11337	-1.1371064002000018	-1.4354022667116582
11338	-1.0640865068333376	-1.2449993218833268
11339	-1.133679541963342	-1.2753894701350008
11340	-0.7895389171250031	-0.7671655961350019
11341	-1.0697908845333362	-1.2341080369416628
11342	-0.8755585379316728	-0.9502279836833274
11343	-0.9812367768333371	-1.126964700936668
11344	-1.16705524700167	-1.3805720849399985
11345	-0.682440122658333	-0.5985624827700007
11346	-1.0722382738600102	-1.182083120278336
11347	-1.134013893611675	-1.3735564221816694
11348	-1.092754870966668	-1.2153362370766632
11349	-1.1579123637983357	-1.2478022678833356
11350	-1.1416323897900005	-1.357794999516665
11351	-1.126025962183333	-1.391433865058329
11352	-0.9766111985666664	-1.1282533347466681
11353	-1.0694165498099941	-1.2054589579200008
11354	-0.7489013847999986	-0.45786180314333397
11355	-1.220780508688338	-1.4530958379983383
11356	-1.0998598112350082	-1.1651773618166688
11357	-0.9914027245866773	-1.0767171029033262
11358	-1.0210361627333358	-1.216316730236671
11359	-1.1842762927666621	-1.559912189341669
11360	-1.0535824750566642	-1.1795019612383284
11361	-0.9795084025100044	-1.0142706171800009
11362	-1.0990351578066755	-1.1241302692400026
11363	-0.845173937966662	-0.980179968846667
11364	-1.2196650610166684	-1.5890223814816733
11365	-0.9226473375516742	-0.9888412924983334
11366	-0.9937640551499941	-1.2140451740300007
11367	-1.0145667651749986	-1.311233584063336
11368	-1.2092201509816702	-1.4570689792933347
11369	-1.1436342884316715	-1.3959457253066643
11370	-1.147943290099998	-1.311289592950002
11371	-0.9167768106500013	-0.7758357135966669
11372	-0.8023806463383389	-0.7781472938150067
11373	-1.2451233367983288	-1.5541562250333394
11374	-0.8972585015466739	-0.901916576381663
11375	-1.0899319925750035	-1.171183375478333
11376	-0.920661567200002	-0.9861663625399987
11377	-1.0667270105316604	-1.3844504600950056
11378	-0.9539238109016681	-0.9599732741866666
11379	-1.1483094054616725	-1.318106763758338
11380	-1.0253940390166703	-1.1698056247866655
11381	-1.1967058238333297	-1.5047701358499963
11382	-1.0865366277016713	-1.2404997487149994
11383	-1.1395966201833352	-1.3744094025383236
11384	-0.7675075341416691	-0.7820500710416672
11385	-0.9591639178150064	-0.9797419045433329
11386	-0.7899156470916647	-0.8209559674383318
11387	-1.0015455606500032	-1.1223153828283314
11388	-1.2197793292499985	-1.49751316149834
11389	-1.121652295048326	-1.3573720036716697
11390	-1.0073362664833343	-1.1925937438233303
11391	-1.124798710006671	-1.3012214028616653
11392	-0.939813933533336	-1.0810638337299983
11393	-1.154214023166667	-1.3754473668500007
11394	-0.7849483786516672	-0.6849872909283319
11395	-0.9889302633333347	-1.3671832205966654
11396	-0.8819578889833356	-0.9759822641799977
11397	-1.009191037833339	-1.0980283078799968
11398	-1.160362832646671	-1.2133977252766683
11399	-0.8096295371833337	-0.8321675588533264
11400	-1.0500465320566705	-1.1801963685616674
11401	-0.8647878599983393	-0.8603410058249995
11402	-0.9302850244666648	-0.9824647274449997
11403	-1.069382151030004	-1.2116796675816681
11404	-1.069605778133336	-1.2410651944199982
11405	-0.7857776810166676	-0.6181261120349985
11406	-1.069176189891672	-1.2158053821866601
11407	-1.2496902330900004	-1.45547694031667
11408	-0.854780085555005	-0.8670531433650032
11409	-1.0544960462633415	-1.153849138163337
11410	-1.285055506333333	-1.5853322557166662
11411	-0.809572074006669	-0.7385032100233332
11412	-1.095856360383332	-1.2425703704283344
11413	-1.1000133448650016	-1.3247982270666652
11414	-1.0483181715300007	-1.245355162155001
11415	-0.8747144542750022	-0.9426315825849949
11416	-1.0925444715100008	-1.3134213275433313
11417	-1.0358865443833327	-1.2444069293033384
11418	-1.1735624508100035	-1.338393084863333
11419	-0.7069187060466677	-0.6281029014833328
11420	-1.0542721873883367	-1.1763600468699993
11421	-1.1419270237133308	-1.4439441345983348
11422	-1.2000154886283338	-1.4600414441699983
11423	-0.8328995737883403	-0.7969421389150048
11424	-0.9848513183116692	-1.041845963676659
11425	-1.0293295053766667	-1.2131481843683334
11426	-0.9880963255150065	-1.1197371460283307
11427	-1.1756593254900036	-1.4522704782166644
11428	-1.1288071073500041	-1.3048165038999968
11429	-0.9473763507033403	-0.9251029737550018
11430	-0.9837905799550098	-0.9579018309883337
11431	-1.3411008535166646	-1.6100293033499995
11432	-1.238332393031666	-1.439792362533336
11433	-1.0860234346233326	-1.291575576906669
11434	-0.9646258958833317	-1.1831779712983352
11435	-1.1002209298316674	-1.320658689729995
11436	-0.9317539876216717	-0.9361108022616703
11437	-0.8118800894250041	-0.7757227315283373
11438	-1.1084096999666642	-1.2912045483866674
11439	-0.8486923753266724	-0.7811609179500029
11440	-0.9804770847350068	-1.0392366917316667
11441	-1.1943261515333343	-1.3605503071999971
11442	-0.9251096628466654	-0.7999421951166663
11443	-0.9651001618000038	-1.1590384905016637
11444	-0.7102276985583347	-0.6505661786849994
11445	-1.1295337891433375	-1.1932261599800067
11446	-0.9939104654666722	-0.8890711711599982
11447	-0.7162752155050051	-0.6222365419600006
11448	-0.8763426052083358	-0.9228883121516669
11449	-1.1611318633500078	-1.260129844416667
11450	-1.1214298656483375	-1.3070259928616679
11451	-0.9906483557716779	-1.0332257880983342
11452	-1.0747808447100093	-1.194504180628331
11453	-1.0925193344633397	-1.213523234150001
11454	-0.8495403810483402	-0.8445694850133271
11455	-1.011757071833333	-1.3424501382966665
11456	-1.0228097863916663	-1.108410680288323
11457	-0.7637064520250012	-0.7199943204450026
11458	-0.8103425345416693	-0.6583346415783334
11459	-1.1506639955666675	-1.3811861389166729
11460	-0.9111597956333309	-0.8571740374600051
11461	-0.8476147913933402	-0.8520678408833313
11462	-0.991484633625001	-1.157100475940004
11463	-1.077536316356668	-1.309049114488336
11464	-0.9581902139716709	-1.1051975358633308
11465	-1.0280332046716716	-1.074214537556662
11466	-1.1213896907816743	-1.2335688914549976
11467	-1.130816405483336	-1.544979514221671
11468	-0.9864863675216775	-0.932557875223334
11469	-1.2827525641666642	-1.5934223105000016
11470	-1.0511863605216654	-1.2141907818833315
11471	-1.1518206993500064	-1.5192065408900062
11472	-0.9393409843666717	-0.9311981155466653
11473	-1.1516477169999977	-1.390259014560001
11474	-1.1574010939833332	-1.4300453996116758
11475	-0.9618922511800042	-1.0862385193833315
11476	-0.9807002402833321	-1.0635498922266666
11477	-1.1069513105099946	-1.4094121410950087
11478	-0.9519149176400097	-1.0509147020800005
11479	-1.0034471745499989	-1.0982879287583276
11480	-1.1635549834666674	-1.4692117619316718
11481	-1.0539821975500026	-1.2220974909449958
11482	-0.9334288202466697	-0.8965790455766685
11483	-0.7861599945666665	-0.5991018304866654
11484	-1.132793355958329	-1.3635580102483353
11485	-1.0813382122500033	-1.2227664572299992
11486	-1.0183512140500022	-1.2356206334550002
11487	-1.1620737189433352	-1.3933939404216742
11488	-1.0906375187383426	-1.1984703091050057
11489	-1.182278200929997	-1.4383173284766748
11490	-1.1543937370500061	-1.2637544416500057
11491	-1.105982339221674	-1.250195379353336
11492	-1.2059340037166673	-1.4061317070833348
11493	-1.14968753670834	-1.2399913854499998
11494	-0.987647521333337	-1.35558042732
11495	-1.0555874401599994	-1.2484975117583335
11496	-1.2838218221666644	-1.6005833323633367
11497	-1.0582812789700036	-1.1796818515916596
11498	-1.1035722187666728	-1.2271108625866625
11499	-0.8815447537583332	-0.8278571014266672
11500	-1.0864337889166662	-1.5297427920316702
11501	-1.0820178976833346	-1.293671905803329
11502	-1.096172875033335	-1.5271463684533362
11503	-1.0498013256616716	-1.1865198845599942
11504	-0.844770901199997	-0.6440709445666659
11505	-1.0847130425333333	-1.264554199168327
11506	-1.1263750392133394	-1.2648186304466704
11507	-0.8227139342783345	-0.8534101558133341
11508	-0.8879496285616698	-0.8933401395316716
11509	-1.1011070906166698	-1.3906800808816673
11510	-0.9694378296500041	-1.2241673701733307
11511	-0.9290614959200008	-0.8643430609366728
11512	-1.0207369173133332	-1.1894950130183313
11513	-1.3324882901233341	-1.5602969559000026
11514	-1.057481717983336	-1.1781041888249988
11515	-0.9870545865800048	-1.0485725280966718
11516	-1.1713615301833344	-1.3815045554650078
11517	-1.114593286516666	-1.5495758090166722
11518	-1.0716988574766741	-1.1458677989066668
11519	-0.9196373807966661	-0.8342362056866662
11520	-1.0515026649666646	-1.4196943228833383
11521	-1.0716900876083375	-1.1655681891566672
11522	-1.0579058914766732	-1.2083761563533337
11523	-1.0549129141483296	-1.2448250909566647
11524	-1.064780105540004	-1.181978812229998
11525	-0.8000723243000009	-0.6356908933333331
11526	-0.9113836063333345	-0.798296531703334
11527	-0.9184361953116712	-1.0207162455599974
11528	-1.127948831400003	-1.1484003893500032
11529	-1.1556740818833333	-1.272568960333334
11530	-0.8434887113583383	-0.8332582315066677
11531	-0.9795879855316666	-1.1354968761533297
11532	-0.9969816848833333	-1.3294950851449963
11533	-1.0562098064516736	-1.1907503098650005
11534	-1.1472781223166668	-1.3305120906249974
11535	-0.8087234964916674	-0.8625451592083327
11536	-1.0454652733500078	-1.2169062292016632
11537	-1.0201054687283355	-1.1658825014066625
11538	-1.0235389670383395	-1.0291745306916633
11539	-1.095652867390003	-1.258959225600004
11540	-1.0064748464133388	-1.131364431850003
11541	-0.7358451194500019	-0.6872812385483333
11542	-0.878339944330002	-0.927122428573333
11543	-1.1778381967333316	-1.5285462672233385
11544	-1.2629691924999937	-1.5589224354166693
11545	-0.6573667249833349	-0.5068396689466675
11546	-0.9288341590166687	-0.9475748661366677
11547	-0.9524051014816669	-0.8694074338600015
11548	-1.1415877378333328	-1.417586286551672
11549	-0.9945778256283379	-0.9995574431416648
11550	-0.7502728559416714	-0.6922639127166614
11551	-0.9471245106866715	-0.9707566932383339
11552	-0.9952724476916606	-1.1808314554966657
11553	-1.0840264970000024	-1.3135541293333335
11554	-0.8633562119983418	-0.899991327866664
11555	-0.6367405322750016	-0.5111439352733351
11556	-1.1710090086666618	-1.5472027193283404
11557	-1.2469820777866611	-1.495186484941665
11558	-1.0477456900716708	-1.1683057996999973
11559	-0.7977709612333342	-0.6917160580700014
11560	-0.940027587299997	-1.1578686570783345
11561	-0.6066622174400014	-0.5057450709216673
11562	-0.68837785311667	-0.5979545634716696
11563	-1.0682543997666647	-1.2193360579016639
11564	-1.0661474610483435	-1.173003215398334
11565	-1.1681037175166677	-1.4889186206483336
11566	-1.2117801321666668	-1.4234746074833402
11567	-1.2065214234500001	-1.4326305038316662
11568	-0.8428833987900002	-0.6488311869199995
11569	-1.037364251441668	-1.2434116999849998
11570	-1.05336438921667	-1.138363622686662
11571	-0.9108433058316686	-0.9370250474749964
11572	-1.1392889961166666	-1.383696205113333
11573	-0.9135551097000021	-1.0042748553299987
11574	-0.9261062049083446	-0.976889925520002
11575	-0.7831731850200023	-0.7113127902033307
11576	-1.0062191549316668	-1.1822415465933318
11577	-1.3718389012833334	-1.6866693407166649
11578	-1.206529737450001	-1.4365721614200047
11579	-0.7114014450500002	-0.636160620446669
11580	-0.964495881216667	-1.00099996290333
11581	-1.1368680212166686	-1.3621428843216632
11582	-1.1480412442166705	-1.3079971418950027
11583	-0.9136726443000008	-0.8338706435483333
11584	-0.8342120289916667	-0.8950509124550017
11585	-1.2411985900616649	-1.52824312744667
11586	-1.1422923795166682	-1.3219393088299993
11587	-0.8274081083400034	-0.8000910995133332
11588	-1.1510059602566696	-1.3379583526599994
11589	-0.8427929093083311	-0.9293315135066678
11590	-1.0407800685833333	-1.2171465387166662
11591	-1.0199873542933466	-1.0669449918000053
11592	-1.0802966282750057	-1.1779524923383322
11593	-0.9623821023666675	-1.1012613798066713
11594	-0.9667058089616762	-1.0638614807283318
11595	-1.0669786514833446	-1.1833423455016676
11596	-1.1369716089000006	-1.2903001137566632
11597	-0.9446569200833282	-0.9823699706099974
11598	-1.065383388483329	-1.3031411853966661
11599	-1.180580863100001	-1.3353165039066668
11600	-0.8728808256583345	-0.9383177397766622
11601	-1.097504642730001	-1.2529375099149975
11602	-1.064812613433335	-1.1363294697599997
11603	-1.1407719385733317	-1.3165469440033366
11604	-1.10541082929667	-1.3377033868016666
11605	-0.9547599289816697	-1.0859159245316645
11606	-0.8776770569166654	-0.9609163959466641
11607	-1.0621398108333386	-1.1175315877016692
11608	-0.7962745345683361	-0.8132381221716695
11609	-0.9707177894466731	-1.050441088531663
11610	-0.7367522942666702	-0.6023774053633355
11611	-0.7170137286166693	-0.7453662235516675
11612	-1.1197720116716585	-1.3730231187649995
11613	-1.1590857993316732	-1.33293837165833
11614	-1.0284855701366655	-1.1937966657383312
11615	-1.3041318623333298	-1.551062924100005
11616	-1.2526731346666697	-1.4835196682966687
11617	-0.8669437200166656	-0.936622355766666
11618	-1.1526504785866707	-1.3172909591633357
11619	-1.0172652088866712	-1.1779519005716685
11620	-0.8289950399883389	-0.8820613359733301
11621	-0.990800518385007	-1.000699710000004
11622	-1.033364514528336	-1.075347061973329
11623	-1.0680438919333373	-1.2091824539999996
11624	-0.9599557370650039	-1.0537659123699947
11625	-1.0962048446383277	-1.3536115911633302
11626	-0.6347588476000016	-0.5086605580416697
11627	-1.113188171683339	-1.2917211161450033
11628	-1.0668778525983311	-1.2470287434700063
11629	-0.8647727798000001	-0.7226681890200002
11630	-1.1347046326333317	-1.5227455827466645
11631	-0.9584168585166661	-0.9519598412449991
11632	-1.042486700549998	-1.2274012954800018
11633	-0.9112436661833363	-0.8579246040883339
11634	-1.1302446478216708	-1.27155775334
11635	-0.8026519774916682	-0.8118605359950022
11636	-0.9824161215633441	-1.0479697633950007
11637	-0.8247340452999976	-0.5332907157166689
11638	-1.1865314796916708	-1.4244472635999987
11639	-1.1582377537483342	-1.4071155060266713
11640	-0.8116108385250016	-0.779485355115002
11641	-1.0634584299666638	-1.2231715276899957
11642	-1.0779984209100022	-1.2303118885033342
11643	-1.1056636363916608	-1.3597604723133327
11644	-1.1472665413883312	-1.3454878801549977
11645	-0.8994636908966743	-0.9734541800650016
11646	-1.114967131381663	-1.2959273114666623
11647	-1.01447351386667	-1.277375117611669
11648	-1.0038045054816618	-1.147575287783332
11649	-0.860889181008334	-0.9804345506116671
11650	-1.1266383488666665	-1.5087735085983354
11651	-0.8216554639650054	-0.8753853398716718
11652	-1.086786360583333	-1.4595525823533344
11653	-1.120255799850002	-1.4070579718250025
11654	-0.6508578088066692	-0.5391188246616657
11655	-1.1089274974833359	-1.3161244695283314
11656	-0.9499315156333275	-0.8986936098400009
11657	-1.0017355420600054	-1.013432095183333
11658	-1.1114500830650025	-1.2843480595199999
11659	-1.1225631559666671	-1.4816053140666672
11660	-1.1010189893499982	-1.4830389304499971
11661	-0.9897589377233387	-1.1228813933283308
11662	-0.9293484275666676	-1.1386105094633359
11663	-0.8322004365933358	-0.6933198564999982
11664	-0.8068407141700052	-0.7728941185649945
11665	-0.8467066700983331	-0.753368804516664
11666	-1.0731387264166654	-1.4211704555849956
11667	-1.1161014467433445	-1.2047121410900026
11668	-1.0920493941133365	-1.243928135459998
11669	-0.8951618746666645	-0.91512687591333
11670	-0.6541394107416689	-0.5899164455583322
11671	-1.020270607466669	-1.126181185543332
11672	-1.0386272946749953	-1.3034551501283347
11673	-1.242438256966668	-1.432188746563336
11674	-0.9992721072999969	-1.303315674710003
11675	-0.6516771637166663	-0.4005470649999994
11676	-1.0154616234816685	-1.1126740887
11677	-0.9578735256600032	-0.9088713904133339
11678	-1.0987375654900047	-1.2597411606916726
11679	-1.003077835916666	-1.2554505765933353
11680	-1.2877964585000017	-1.565397375803341
11681	-0.8915135181250049	-1.0166903447983318
11682	-1.075290799250001	-1.0692379477866647
11683	-0.9978019320166677	-1.1582863015166642
11684	-0.9575538239666667	-1.095604143796666
11685	-1.215239908044995	-1.4841918501816704
11686	-1.0262618250350053	-1.1376221323383313
11687	-1.0878312886166703	-1.2252096304949964
11688	-0.9884360035083315	-1.143054470898329
11689	-0.9032728255250076	-1.0305202115316707
11690	-0.8959476354466713	-0.8830628159316695
11691	-0.6472060186249989	-0.5202787960633334
11692	-0.6620327081366691	-0.5533143280866665
11693	-0.9708856633250053	-0.9520155723316677
11694	-1.0264300827333332	-1.2023401446233306
11695	-1.0996222665750064	-1.2789096083016633
11696	-0.9670237862333373	-0.9420971283016633
11697	-1.1966905345216667	-1.3854101313833334
11698	-0.6329729135333363	-0.5185165396350009
11699	-0.7708405719083355	-0.7981462137866698
11700	-1.0060521886	-1.2730595243800003
11701	-0.7413996751816677	-0.5898137941533342
11702	-0.9520325343783358	-1.03292512796666
11703	-0.9114667772500076	-0.9771015742000024
11704	-1.040075932843339	-1.185697376536669
11705	-0.960566867248347	-0.9417821433183307
11706	-0.9639275942833351	-1.1238172926899967
11707	-0.9518374618333305	-1.0458788926066687
11708	-0.8204131164633378	-0.842212634793335
11709	-1.1390161144166675	-1.401574874151661
11710	-0.9848404010333355	-0.8449307596599995
11711	-0.8353981550233381	-0.8994345423383374
11712	-0.9209956631333315	-0.8945373194349981
11713	-1.057770971340006	-1.137084422956665
11714	-1.0664133393166684	-1.1317831657083293
11715	-0.6778078348566668	-0.6161847122533316
11716	-0.6833425185166704	-0.5206997040666647
11717	-0.8422161735333331	-0.8745927035683414
11718	-1.1810774279666643	-1.384454134500004
11719	-0.6059256171916685	-0.4754203065816651
11720	-0.7619097822716705	-0.7328411105249978
11721	-1.173020737528341	-1.3746044711416605
11722	-1.045311769133337	-1.1400577576583304
11723	-1.092757341363336	-1.1786496509016655
11724	-0.7971210885500025	-0.8073508183349987
11725	-0.9942680206999994	-1.3672104512633345
11726	-1.0461576594566737	-1.152136060348335
11727	-1.105239527966672	-1.116150793483338
11728	-0.8073329718000033	-0.8416862878650021
11729	-1.1254924780466702	-1.3687782765866683
11730	-1.0456910586000074	-1.0768428952550002
11731	-1.1062428863499991	-1.376019844161665
11732	-1.1708307438333299	-1.4636342347683335
11733	-0.78193241014167	-0.7274596518849952
11734	-0.8775585280066668	-0.7408676616733357
11735	-0.8284407073966679	-0.8591405359549951
11736	-0.9252911057083281	-1.0248713213699967
11737	-0.8662743991583355	-0.7449047343183319
11738	-1.086961265031665	-1.2525307140683348
11739	-0.9966484739933374	-1.0897875106533361
11740	-1.168477172333336	-1.2021065865999994
11741	-0.9975489807316726	-1.1392087437883358
11742	-1.0079549411950042	-1.0936813172499948
11743	-0.777510796040004	-0.7270688532699974
11744	-1.272899157881666	-1.5324774948983422
11745	-0.9134141924833339	-0.8788945157566642
11746	-0.9680890206966697	-1.0497654137316657
11747	-0.9778148686666769	-1.0125393998100007
11748	-0.9166449392166663	-0.9721320838866627
11749	-0.8622413912583382	-0.9482058907983334
11750	-1.029047424721669	-1.180164245864999
11751	-0.9485725916000021	-1.1759694036566657
11752	-1.0682697058333352	-1.1042432277133325
11753	-1.0484565147900058	-1.0882216976800028
11754	-1.082797718866668	-1.2663867350433313
11755	-0.9250950157833393	-1.0079342024816658
11756	-0.7021065692583361	-0.5817183088499998
11757	-0.9185600116500022	-0.831074120463331
11758	-1.148547055193337	-1.2876255105183367
11759	-0.4728796514166667	-0.19847104971000018
11760	-1.2230798777150016	-1.3869127591800046
11761	-0.926621628946672	-1.0292029863966652
11762	-1.0461468033150023	-1.110025452911662
11763	-1.0610478942633308	-1.2623805154866665
11764	-0.7852243093333336	-0.5026400654866671
11765	-1.0052461270183428	-1.107551350793332
11766	-0.9788910844833376	-0.9513086081216656
11767	-1.0205590246500018	-1.4244353543549984
11768	-1.0349185765749989	-1.204225767386669
11769	-1.164618330583331	-1.4726338817500026
11770	-0.9783588836333327	-1.3879495126333343
11771	-1.021615363516665	-0.89848861917333
11772	-0.9460521033333368	-0.9376150062699992
11773	-1.307063075996666	-1.5119842919950026
11774	-0.7336005759250015	-0.6650263847366688
11775	-1.029374702623335	-1.1873581652133347
11776	-1.0352467597916706	-1.023549788253333
11777	-1.0857484396749986	-1.2622168378666638
11778	-1.1337566638316636	-1.3923132997166616
11779	-1.0717074939666646	-1.0642501944633316
11780	-0.8045758610683342	-0.7457447500100022
11781	-1.0323524211700146	-1.1498985849299999
11782	-1.0421103222166632	-1.1439963458566642
11783	-1.0454995938333338	-0.981969292000002
11784	-0.8206049361416751	-0.8267245339833356
11785	-1.0157414884283387	-1.0028672507950003
11786	-1.171469527499997	-1.2982514664800024
11787	-1.2349048012000023	-1.545872408600007
11788	-0.9074398468166684	-0.8568318847366648
11789	-0.6999614743066722	-0.6697437190200004
11790	-1.1225160723499987	-1.513337991985009
11791	-0.8158490044433362	-0.8571433060366676
11792	-1.0262773744333384	-1.254559678393335
11793	-0.9525983971016723	-1.027216672816667
11794	-0.7704874990733357	-0.6879033363566666
11795	-1.106103191183336	-1.2922803470033324
11796	-0.9149863799666645	-0.8565568542266639
11797	-0.8996704619666739	-0.9055496464683336
11798	-1.1104735497666636	-1.204318280976666
11799	-1.1182839584866715	-1.2408431345866697
11800	-1.1075079971316721	-1.312100299098332
11801	-0.913936415280004	-1.0046338502949936
11802	-1.191601440393333	-1.451641101963328
11803	-0.956479503466666	-1.086254668904997
11804	-1.0423503373016731	-1.1384276366333352
11805	-0.9210524251333337	-0.7939925742633326
11806	-1.2105475905333343	-1.4187240682666704
11807	-0.8054299404333337	-0.8120840919949963
11808	-1.2326974408499969	-1.5569200381883372
11809	-0.9393929910900001	-1.0354404103733321
11810	-1.2597893421650002	-1.3895700598333378
11811	-1.1463155561649996	-1.4193613379350007
11812	-0.8119277504999995	-0.5513866660916653
11813	-1.0406351278499983	-1.295019516758336
11814	-0.8701358384666656	-0.8457200299566645
11815	-1.1241525457750017	-1.3052586979699994
11816	-1.0817653865166648	-1.1485586820299982
11817	-0.9846789834500023	-1.2535829077233323
11818	-0.980285640148332	-1.1786164660633298
11819	-0.9705386883150088	-1.0114011851666689
11820	-1.1463847689150057	-1.2488599404033371
11821	-0.7256815998833326	-0.40566850556166695
11822	-0.6574874403083377	-0.560666441706666
11823	-1.109318407598332	-1.3244743473283325
11824	-0.6825989040250044	-0.5736724185000004
11825	-1.2253812147316654	-1.555038056826671
11826	-1.16121128385	-1.3406997605349982
11827	-0.9813506869233386	-1.021480562148332
11828	-1.0018070089333342	-1.3922448266199985
11829	-1.1326575690833371	-1.263302299798329
11830	-1.0265061484583358	-1.0595744412133359
11831	-1.1081992112583277	-1.3960796782083325
11832	-0.5278600192499991	-0.28892605544666755
11833	-0.9002315709999988	-0.7434294897166659
11834	-1.1540601252399967	-1.4362289400433412
11835	-0.8850229436316648	-0.74167608074667
11836	-1.0135029652850025	-1.1060526698849986
11837	-0.9649741751566774	-0.9633368368333305
11838	-0.9998723130900083	-1.1450234813433298
11839	-0.8594835367666651	-0.9328068924733308
11840	-0.8915844561000064	-0.8739948778400014
11841	-0.8257825848316666	-0.6596691367766673
11842	-0.7553905108666683	-0.6824446796483318
11843	-1.1002993749400019	-1.3047000276599996
11844	-0.9888664085333303	-1.174555972781667
11845	-1.170295021666663	-1.451732743328343
11846	-0.765372596150003	-0.6666053832733345
11847	-0.920604677381669	-0.8136962078899989
11848	-1.1455243278333371	-1.4526835196683332
11849	-0.7956417944750036	-0.7373908732383317
11850	-0.5377172412833338	-0.3314108167416667
11851	-0.9664595648333344	-1.3416103591666657
11852	-1.1530310649683306	-1.4253672909616701
11853	-0.6235163938750019	-0.5345133981100014
11854	-1.24936849545	-1.5106680860316732
11855	-1.0237833629000033	-1.0691977655333327
11856	-0.9006806954733365	-0.7972899830966678
11857	-1.1873340690983314	-1.431057018425
11858	-0.7909378074400075	-0.7623959893883363
11859	-1.09935443146667	-1.273621916551662
11860	-1.0249178576183404	-1.0466497202883356
11861	-0.9577637888283345	-0.9665354884316711
11862	-0.790139355983335	-0.6448883058583342
11863	-0.957323674128344	-0.951409480615003
11864	-1.0069239962166696	-1.1949752624449983
11865	-1.0934696334433407	-1.2148753436400008
11866	-1.101467421838338	-1.2496258492099963
11867	-0.7656594036083325	-0.7370702236716674
11868	-1.0381490660666688	-1.0037941629000005
11869	-1.1478498611499952	-1.4482786037116697
11870	-1.0269264658249988	-1.161335934256666
11871	-0.8780649493083368	-0.9202838959599956
11872	-1.2211571198316684	-1.4061282433150055
11873	-0.9603595910633359	-1.0084029732549982
11874	-0.7655511337783344	-0.7670892861300017
11875	-1.1135879985066635	-1.307310414418332
11876	-0.7156564275416684	-0.691048654386666
11877	-1.0127003994466666	-1.0549756133466692
11878	-1.0799612634833273	-1.269175304406668
11879	-0.9211948271933321	-0.8448433346866693
11880	-0.8566112730850044	-0.9354853610699985
11881	-1.0145009745833355	-1.2683557886699997
11882	-0.9784121342366795	-1.0648338761766662
11883	-1.044494516618335	-1.1792647386449941
11884	-0.8199450014766684	-0.8547075882899985
11885	-0.7734023505333325	-0.4747046378350008
11886	-1.0681586084333359	-1.1852014802433355
11887	-0.9832235468083413	-1.0113891186349964
11888	-0.9197689396316684	-0.9374174446200003
11889	-1.0073480640500074	-1.0929373554349984
11890	-1.0434518510000081	-1.1105910378116655
11891	-0.9927230917566681	-1.094764510979993
11892	-1.2300769621666674	-1.4000367951166695
11893	-1.0617848686166655	-1.091880379056665
11894	-1.1451692097100035	-1.2974696507833272
11895	-0.8715505005333345	-0.9662949158316637
11896	-1.0630191691250077	-1.0913362976633343
11897	-0.7216114487833339	-0.6557127852433352
11898	-1.0525136079916693	-1.1037077899433339
11899	-0.9926181267850076	-0.9965869243416673
11900	-1.1206503553950018	-1.267453957976667
11901	-1.1856421997999975	-1.396344708040002
11902	-0.9483584226333313	-1.0363707566733296
11903	-1.0157908182366706	-1.1258291576999933
11904	-1.0045471996933402	-1.0955675942966658
11905	-1.251261640859999	-1.3602752852166689
11906	-1.10738053589667	-1.2193157034183304
11907	-0.9838240352016691	-1.0542259456466596
11908	-0.9760238929983378	-1.0839261243533374
11909	-0.9502472668999946	-1.1170116505916663
11910	-1.1619172046666668	-1.4671615532999989
11911	-1.1751615749083373	-1.298322672600005
11912	-1.131947922546673	-1.2641701068616642
11913	-1.1015180949600045	-1.236969534918335
11914	-1.1639454734333372	-1.3224435172416649
11915	-0.9092012270816735	-0.9176239270450024
11916	-1.2383768184749955	-1.5155849296433284
11917	-1.0974921289333406	-1.2010974875733311
11918	-1.1428569110500006	-1.4413065392749997
11919	-0.935819783300001	-1.032426371689995
11920	-0.9173935899083361	-0.8283897021750004
11921	-1.107592437893339	-1.2280356841166653
11922	-1.1105665832183378	-1.33323315205
11923	-1.1245497782250062	-1.2867840018500036
11924	-1.0120227535983368	-1.1800582687283299
11925	-1.0619418221150043	-1.2683641468866638
11926	-0.762421563366669	-0.6505117481516693
11927	-0.9750546964000004	-1.1747234599133336
11928	-0.8441513402083358	-0.9535008644950003
11929	-0.8650354813416722	-0.9030133414850017
11930	-1.0836780776200043	-1.2511822890899997
11931	-1.0262307680050031	-1.1445826650250064
11932	-1.1559114495499967	-1.456190139233334
11933	-0.9253612785333304	-1.1084352261366668
11934	-1.1407267970833328	-1.3779916690049965
11935	-0.902197236450007	-0.9573236294983309
11936	-1.0185667926000084	-1.0900908739133326
11937	-1.1575776972383327	-1.3832036453266683
11938	-1.0742555250250005	-1.278891710725001
11939	-1.06575721248334	-1.129408667605
11940	-0.7774271224166666	-0.8476318884533327
11941	-1.0215791949083288	-1.1994012406733328
11942	-1.136121513083341	-1.3533382889049954
11943	-1.2094173469983323	-1.3755043838666645
11944	-0.8600862811666673	-0.7259829408433358
11945	-0.7867200914566678	-0.674471645330001
11946	-1.1771883579099913	-1.421393641971672
11947	-1.0601907358266647	-1.2844847391200045
11948	-1.1370847767333405	-1.3178699248216619
11949	-0.9655563731933355	-0.9358837440966696
11950	-0.9321228304516729	-0.9900433805099971
11951	-0.8174395416833315	-0.6233044917866665
11952	-0.9188357958500123	-0.8998770089399991
11953	-1.2890846234999942	-1.5320714704000022
11954	-1.194953772600006	-1.4040112613816684
11955	-1.091433030731664	-1.240435081011662
11956	-0.8754437668616704	-0.8650606231666647
11957	-0.8961416633283484	-0.9240839028583328
11958	-0.9875213886466703	-1.1100348037699994
11959	-0.8525390994466723	-0.9091052895583327
11960	-1.2321953128333334	-1.4658358115899992
11961	-1.126935258873332	-1.3467291939416663
11962	-1.0306888990166707	-1.2954211018916673
11963	-0.7564944466683403	-0.7073151823666664
11964	-0.9958025870166719	-1.0450774793183366
11965	-1.253085390133329	-1.5521088379066683
11966	-1.1698180774666695	-1.4757285092633328
11967	-0.8328924902499981	-0.8910789007949997
11968	-0.8696113414833316	-0.9856305403349972
11969	-1.1015559396999997	-1.2513886647366617
11970	-1.1572129068666681	-1.3142675822266632
11971	-0.8321634043416687	-0.8367408230100023
11972	-1.027899509283336	-1.5035552288166725
11973	-1.1395644841483343	-1.3247318198266669
11974	-0.7721000221000017	-0.6316212391266661
11975	-0.8632992953666646	-0.9878108772600002
11976	-0.7870559994666653	-0.5120245072266666
11977	-0.7994493649150054	-0.7319403949599994
11978	-0.8534533053666659	-0.9727162699833336
11979	-1.033621213955003	-1.2406816392533344
11980	-0.8763163919566702	-0.9009346503333325
11981	-0.9546102232666654	-0.8823706370566666
11982	-1.0634778801166678	-1.295504434973331
11983	-1.285922856488334	-1.4853991925000012
11984	-1.251151544665001	-1.4983587566333336
11985	-0.5030345060166668	-0.19920128899999925
11986	-1.0628161379666676	-1.2712000146933347
11987	-0.884552478615005	-0.7985001745749981
11988	-1.1039202622833346	-1.2717148676716654
11989	-0.7848571551400016	-0.6610044917433335
11990	-1.2574693459983348	-1.501113490216655
11991	-1.120942534036672	-1.2850242199866673
11992	-0.9425815665683374	-0.9621396692133365
11993	-1.158363881266667	-1.4003869246150091
11994	-1.1549387284516734	-1.366011133496667
11995	-1.189993702213335	-1.3516400165616707
11996	-0.8220239048166692	-0.6584640814050017
11997	-0.9306471524000017	-1.026601149104994
11998	-0.9346343724333376	-0.9466566074266716
11999	-1.1068056317683421	-1.1977729568566677
12000	-1.1004102779416705	-1.2863522855616651
