12001	-1.106984441	-1.176213824
12002	-0.81811932	-0.750975105
12003	-0.991073213	-1.123813745
12004	-0.888449476	-0.980996883
12005	-1.198367839	-1.467515973
12006	-1.200904431	-1.473723034
12007	-1.086099713	-1.142481781
12008	-0.666405471	-0.586552125
12009	-1.09664898	-1.242001243
12010	-0.975663824	-1.208705578
12011	-1.197917674	-1.437683338
12012	-1.067644731	-1.179102682
12013	-0.754856308	-0.556575816
12014	-1.184732818	-1.39589824
12015	-0.824382595	-0.808136254
12016	-1.068795623	-1.25152581
12017	-1.040578307	-1.143268308
12018	-0.909769954	-0.994106501
12019	-1.090771877	-1.371278735
12020	-0.838069137	-0.67588378
12021	-1.017907141	-1.173226439
12022	-1.135539467	-1.258358508
12023	-0.959417425	-0.888602431
12024	-1.110754147	-1.370727671
12025	-1.025884962	-1.206076345
12026	-1.138979901	-1.457468943
12027	-0.93778471	-0.831515591
12028	-1.13013656	-1.267257161
12029	-0.977958344	-1.03217379
12030	-0.924096801	-0.919906274
12031	-1.006916459	-1.089664956
12032	-0.953228139	-1.03201011
12033	-1.100821479	-1.310918065
12034	-0.890679389	-0.950201837
12035	-1.042051859	-1.185811709
12036	-1.233119308	-1.481585274
12037	-1.053442041	-1.260742534
12038	-0.828255478	-0.739001982
12039	-0.926032064	-1.032992401
12040	-0.86909421	-0.782588866
12041	-1.172908271	-1.487578402
12042	-0.762113335	-0.553269721
12043	-0.946028254	-0.995194295
12044	-1.063340641	-1.202616095
12045	-1.241082651	-1.5404967
12046	-1.118209601	-1.283760199
12047	-0.713044762	-0.646645092
12048	-0.922781438	-1.061125874
12049	-0.848871852	-0.927663984
12050	-0.712161528	-0.623625569
12051	-1.148996963	-1.357498104
12052	-1.090729287	-1.132512149
12053	-0.989566768	-0.927676817
12054	-0.897555245	-0.953340161
12055	-1.103931715	-1.309186729
12056	-0.993756335	-0.974938683
12057	-0.821325523	-0.589506981
12058	-1.127587338	-1.357836777
12059	-1.077765675	-1.222064116
12060	-0.94724395	-0.930831818
12061	-0.695675592	-0.653545012
12062	-1.000588645	-1.105792626
12063	-1.004328282	-1.065289426
12064	-1.136702786	-1.314475087
12065	-0.974234312	-0.996182076
12066	-1.138265756	-1.236447022
12067	-1.074390403	-1.319358852
12068	-1.069340739	-1.272274586
12069	-0.911605789	-0.958829263
12070	-1.08561503	-1.23087518
12071	-1.216076952	-1.447329178
12072	-0.941417953	-1.066593433
12073	-1.024283129	-1.097550145
12074	-0.881176921	-0.900402083
12075	-1.107362097	-1.272710014
12076	-0.765450423	-0.692817024
12077	-0.835414893	-0.657485571
12078	-0.867422739	-0.771571397
12079	-1.166332067	-1.550236055
12080	-1.109410678	-1.30578155
12081	-1.091112739	-1.343154265
12082	-0.923174542	-0.975929535
12083	-1.097191596	-1.289207528
12084	-0.700941412	-0.642834681
12085	-0.710390252	-0.542897476
12086	-1.127155918	-1.379633599
12087	-1.039147032	-1.174849696
12088	-0.817278508	-0.608635323
12089	-0.596030299	-0.435843146
12090	-0.953769008	-1.121907472
12091	-1.206174382	-1.32391094
12092	-1.247073147	-1.610013726
12093	-1.145201817	-1.318510774
12094	-1.055520171	-1.190541639
12095	-0.9152399	-0.927314665
12096	-1.000044612	-1.19349862
12097	-0.666223267	-0.494180049
12098	-1.153519959	-1.4082904
12099	-1.038162879	-1.093154369
12100	-0.89739277	-0.826962949
12101	-0.902494171	-1.028415662
12102	-1.095410979	-1.515479311
12103	-0.932251021	-0.860649936
12104	-0.986740622	-1.057717834
12105	-0.686096585	-0.59909296
12106	-0.650670086	-0.553311323
12107	-1.099447298	-1.234106619
12108	-1.056784162	-1.148631818
12109	-0.987588492	-1.330595892
12110	-0.768254977	-0.716420685
12111	-1.175722644	-1.48018182
12112	-0.90810232	-0.936123733
12113	-1.061679703	-1.294496739
12114	-1.041063966	-1.160846066
12115	-1.106958188	-1.265134022
12116	-1.110676516	-1.256876464
12117	-0.745308154	-0.737899045
12118	-1.199585702	-1.456555453
12119	-1.087773924	-1.20912935
12120	-0.741985414	-0.662419781
12121	-1.019959633	-1.173516168
12122	-0.890540373	-0.933749249
12123	-0.86452005	-0.903491762
12124	-1.208919136	-1.472653931
12125	-0.908046747	-0.749893178
12126	-0.85950149	-0.880539788
12127	-1.259512455	-1.494469162
12128	-0.959088687	-1.109028993
12129	-0.995503305	-1.066881344
12130	-0.848297745	-0.891564374
12131	-0.666223267	-0.494180049
12132	-0.540144272	-0.362463342
12133	-1.083568954	-1.263050946
12134	-0.730489839	-0.680052765
12135	-1.043062891	-1.192274627
12136	-0.832912347	-0.857037287
12137	-0.583408626	-0.462218879
12138	-1.091472564	-1.297040405
12139	-1.289922101	-1.560543991
12140	-1.088732859	-1.24175034
12141	-0.935140436	-0.995038758
12142	-1.052762436	-1.255539246
12143	-1.101477133	-1.275775301
12144	-1.013281079	-1.237104541
12145	-0.886768716	-1.011947054
12146	-0.75702999	-0.81173899
12147	-1.129748303	-1.330422483
12148	-1.012498075	-1.080366271
12149	-0.898847393	-1.032482159
12150	-0.955853046	-1.008898721
12151	-0.727627338	-0.674244765
12152	-0.847101665	-0.810051722
12153	-0.832523114	-0.889442801
12154	-0.850872765	-0.826927658
12155	-0.923477702	-0.860923475
12156	-0.844705365	-0.808934564
12157	-0.714294277	-0.692721073
12158	-1.098257322	-1.290142275
12159	-0.97473957	-0.899432551
12160	-0.666794678	-0.570923862
12161	-0.758893028	-0.648005891
12162	-0.919999095	-0.931558714
12163	-1.028416225	-1.152998859
12164	-0.990442417	-1.309429164
12165	-1.113566736	-1.182476687
12166	-1.129775576	-1.349563983
12167	-0.889804304	-0.903471876
12168	-0.871028702	-0.8209519
12169	-0.816777725	-0.670973247
12170	-0.982598549	-1.065164498
12171	-1.204053008	-1.465296564
12172	-1.028412286	-1.109126777
12173	-0.891240901	-0.868357811
12174	-0.965139711	-1.078078093
12175	-0.631486558	-0.377195504
12176	-0.915746838	-0.957174299
12177	-0.760619731	-0.766848962
12178	-0.973591864	-1.120531773
12179	-0.971955645	-1.25500065
12180	-1.1836183	-1.549228454
12181	-1.270115886	-1.444747714
12182	-0.788188446	-0.798178907
12183	-1.050568451	-1.260462545
12184	-0.811045848	-0.683790699
12185	-0.966881587	-1.046921174
12186	-0.82195972	-0.812738282
12187	-0.842756544	-0.839251749
12188	-1.174846235	-1.357773518
12189	-1.063119677	-1.294333744
12190	-0.956228159	-0.919325486
12191	-0.96209093	-1.011305255
12192	-1.004175165	-1.057033885
12193	-0.855292796	-0.735086385
12194	-0.955101736	-1.079221069
12195	-0.734185421	-0.689052899
12196	-1.082440956	-1.090299054
12197	-0.936046104	-0.916766892
12198	-1.045059814	-1.240806311
12199	-1.055046132	-1.315629333
12200	-1.155208915	-1.232387522
12201	-0.713463731	-0.607999913
12202	-0.904407204	-1.10964375
12203	-1.101542451	-1.435290179
12204	-1.075270991	-1.257816755
12205	-1.052796319	-1.184707054
12206	-1.101520599	-1.210769191
12207	-1.078585299	-1.20318846
12208	-1.073657421	-1.191256863
12209	-0.905664695	-0.870126724
12210	-0.818607698	-0.782837119
12211	-1.086186704	-1.241541946
12212	-1.24011744	-1.535122651
12213	-1.044660963	-1.184234159
12214	-1.03962442	-1.338913728
12215	-1.015296982	-1.199433121
12216	-0.948843107	-0.8905339
12217	-0.843053921	-0.771433318
12218	-1.049968076	-1.168016825
12219	-0.935525786	-1.005705071
12220	-0.908013808	-0.850146736
12221	-1.058134919	-1.208150533
12222	-1.157621854	-1.278814315
12223	-0.956667994	-1.079884864
12224	-0.972921506	-0.950928885
12225	-1.178096355	-1.42387295
12226	-0.912428366	-1.001981121
12227	-1.087317058	-1.207768864
12228	-1.009304602	-1.170622151
12229	-0.776765485	-0.730838015
12230	-0.971593748	-1.002913368
12231	-0.902414696	-0.847630639
12232	-0.840666527	-0.880839415
12233	-1.065485474	-1.150685176
12234	-1.086027416	-1.2249369
12235	-1.084111722	-1.189137367
12236	-1.070726648	-1.233463097
12237	-0.992958847	-1.148346651
12238	-1.301526103	-1.543652875
12239	-1.285432328	-1.547788846
12240	-0.957290151	-1.100787571
12241	-1.137792225	-1.507490758
12242	-1.21936404	-1.458676065
12243	-1.217403252	-1.452357176
12244	-0.922937971	-1.104581213
12245	-0.974547068	-0.936748192
12246	-0.859985688	-0.918838087
12247	-1.080224186	-1.214799918
12248	-0.949648606	-1.120698769
12249	-0.908673969	-0.913866667
12250	-1.008550389	-1.019725671
12251	-1.032629627	-1.099593123
12252	-1.075879544	-1.360356446
12253	-0.985840483	-0.925059052
12254	-1.225453285	-1.470438419
12255	-0.682443115	-0.578180821
12256	-1.308568079	-1.463075807
12257	-1.041297256	-1.141513497
12258	-1.114162343	-1.323794869
12259	-1.144163116	-1.365280338
12260	-0.76772038	-0.552419163
12261	-0.745019244	-0.728688231
12262	-0.888004147	-0.926207376
12263	-1.160131631	-1.588852474
12264	-0.830311219	-0.783532829
12265	-0.904330988	-0.7448548
12266	-0.895047425	-0.707813114
12267	-0.88304086	-0.765652242
12268	-1.039782228	-1.245368155
12269	-1.062926347	-1.085182655
12270	-1.151325825	-1.391216545
12271	-1.14430241	-1.27590047
12272	-1.181885704	-1.306075787
12273	-1.128566673	-1.550542276
12274	-1.143760755	-1.368397029
12275	-0.917128963	-1.043414893
12276	-0.896429034	-0.983512803
12277	-0.751676431	-0.712119838
12278	-0.971623932	-0.808501885
12279	-0.852284837	-0.769867209
12280	-1.171123776	-1.497374829
12281	-1.050411957	-1.236933712
12282	-1.2203442	-1.515435396
12283	-0.737292233	-0.685251211
12284	-0.910271524	-1.054387672
12285	-1.187032272	-1.514213067
12286	-1.137238139	-1.323204571
12287	-1.018685483	-1.198448218
12288	-1.103620719	-1.364631743
12289	-0.941083462	-1.045800849
12290	-0.858056849	-0.875732017
12291	-1.10189174	-1.307930061
12292	-1.075979156	-1.260296621
12293	-1.177408732	-1.302264409
12294	-1.124700345	-1.408373015
12295	-1.235795985	-1.424363147
12296	-0.965993437	-0.947172972
12297	-1.137419323	-1.41787491
12298	-0.919637941	-0.931657309
12299	-0.924912009	-0.906393111
12300	-0.943805412	-1.048117191
12301	-1.048197535	-1.151356972
12302	-1.155546537	-1.553454733
12303	-0.780722565	-0.719717068
12304	-1.129702492	-1.211256041
12305	-1.021574829	-1.069678444
12306	-1.27801512	-1.600281018
12307	-1.073392356	-1.318097676
12308	-0.973825172	-1.052378453
12309	-0.766627414	-0.730860624
12310	-0.963094631	-1.129559201
12311	-0.822085893	-0.725411781
12312	-0.863693928	-0.709041586
12313	-1.03027085	-1.13704916
12314	-1.087817984	-1.352614487
12315	-1.070294281	-1.188947821
12316	-1.083064924	-1.193943782
12317	-1.093765159	-1.218761993
12318	-0.91422406	-0.999700609
12319	-0.959804488	-1.057237602
12320	-1.027564144	-1.265978808
12321	-1.136784211	-1.357616319
12322	-1.041800457	-1.050776149
12323	-1.006746168	-1.142782849
12324	-1.177043395	-1.477476265
12325	-1.032589712	-1.197294312
12326	-0.883826556	-0.953591559
12327	-0.942085399	-0.90606187
12328	-0.798398144	-0.794780399
12329	-1.192528281	-1.47139644
12330	-0.966259075	-1.083162859
12331	-0.826452947	-0.855242617
12332	-1.175486753	-1.525124606
12333	-0.910325065	-0.823779072
12334	-0.585799681	-0.452826589
12335	-0.696991882	-0.370181876
12336	-1.089891048	-1.25138574
12337	-1.071566209	-1.345693334
12338	-0.716850571	-0.666493465
12339	-0.685328802	-0.590212674
12340	-1.228851566	-1.49978761
12341	-0.898053995	-0.889050223
12342	-0.716120097	-0.665088829
12343	-0.724473928	-0.746791708
12344	-1.162625736	-1.352412695
12345	-0.978625808	-1.079606063
12346	-0.850515149	-0.856370588
12347	-0.902787255	-0.888422545
12348	-1.083144931	-1.229706198
12349	-1.310760806	-1.538915462
12350	-0.918111742	-0.925557368
12351	-1.08740075	-1.253556049
12352	-0.924848603	-0.879235078
12353	-0.663404922	-0.570492939
12354	-1.216013964	-1.318722498
12355	-0.788312498	-0.819662088
12356	-1.028484114	-1.085902329
12357	-1.032984076	-1.189310502
12358	-1.253206291	-1.419137644
12359	-0.690663765	-0.541133687
12360	-1.041617691	-1.138755346
12361	-0.91272752	-0.810295327
12362	-1.13126557	-1.370641309
12363	-0.728061399	-0.685431606
12364	-0.878478236	-0.977176169
12365	-1.059068081	-1.199168221
12366	-1.08514535	-1.245209817
12367	-0.962749133	-0.96287699
12368	-1.12520594	-1.365749334
12369	-1.275567265	-1.508592398
12370	-1.141985347	-1.370101261
12371	-0.976250657	-1.12216456
12372	-0.918452142	-0.844950955
12373	-1.162121421	-1.283922878
12374	-0.951946991	-0.934816567
12375	-1.130448501	-1.299634972
12376	-1.03772382	-1.169922633
12377	-0.917831237	-0.928126443
12378	-0.988411137	-0.946525313
12379	-1.060434441	-1.152334987
12380	-0.981799887	-1.035118161
12381	-0.692733804	-0.625423218
12382	-1.0491247	-1.357275994
12383	-1.118296793	-1.383955609
12384	-1.159226842	-1.295702547
12385	-1.037074354	-1.105932659
12386	-1.149975015	-1.227066471
12387	-1.158087385	-1.313855028
12388	-0.985423223	-1.099488368
12389	-0.996829226	-1.114549462
12390	-1.161421348	-1.356100563
12391	-0.962803886	-1.278272446
12392	-1.076329218	-1.447056474
12393	-1.093808498	-1.155450268
12394	-1.013153179	-1.153184668
12395	-1.036027412	-1.140492947
12396	-1.093925606	-1.245106913
12397	-0.941746089	-0.858881821
12398	-1.066220625	-1.187552315
12399	-0.997991448	-1.086572688
12400	-1.037507534	-1.153497495
12401	-1.110454442	-1.193602822
12402	-0.963995427	-0.977489054
12403	-0.82986183	-0.85423982
12404	-0.920612798	-1.01205896
12405	-1.048939618	-1.311436389
12406	-0.806529935	-0.83115684
12407	-1.046602077	-1.214870041
12408	-1.070413282	-1.415932887
12409	-1.031468892	-1.123785439
12410	-1.042448803	-1.202617896
12411	-1.221494754	-1.378543379
12412	-0.844126059	-0.951185798
12413	-1.004887497	-1.196843618
12414	-1.046510759	-1.170674455
12415	-0.95349416	-1.052296147
12416	-1.07225406	-1.204795593
12417	-1.309370384	-1.617453009
12418	-1.155965131	-1.434363809
12419	-1.276162802	-1.583770072
12420	-1.135663441	-1.276539862
12421	-0.568356283	-0.399811159
12422	-1.015766568	-1.104965223
12423	-0.978012355	-0.941763514
12424	-0.74995902	-0.627765119
12425	-0.999613425	-1.081067851
12426	-1.00107435	-1.015427975
12427	-1.119455034	-1.241425627
12428	-0.973992593	-0.975332454
12429	-1.110637782	-1.348896033
12430	-1.097354332	-1.312016992
12431	-1.078195407	-1.216427266
12432	-1.090898737	-1.378739306
12433	-0.721331718	-0.53848869
12434	-0.986580573	-1.013797819
12435	-1.043083869	-1.153229353
12436	-0.962420879	-0.882927803
12437	-0.898199178	-0.992222726
12438	-0.879952557	-0.916414755
12439	-0.550175504	-0.284326117
12440	-0.863400892	-0.93424086
12441	-0.873505046	-0.951746292
12442	-1.083492887	-1.220707074
12443	-1.048558868	-1.250481577
12444	-0.932699864	-1.048302217
12445	-0.950072006	-0.802422914
12446	-1.191759748	-1.442712834
12447	-1.209731595	-1.419933211
12448	-0.946403709	-0.806657012
12449	-1.232181579	-1.55443271
12450	-1.010283385	-1.124287146
12451	-1.005014543	-1.135265931
12452	-0.89646495	-0.957556523
12453	-0.890963461	-0.736914619
12454	-1.07453499	-1.31277811
12455	-0.606370545	-0.468645107
12456	-1.192957272	-1.372444865
12457	-0.80118634	-0.590912314
12458	-1.05630986	-1.152263525
12459	-1.025738787	-1.077235627
12460	-1.063526986	-1.25321352
12461	-1.18110457	-1.387584795
12462	-0.830777304	-0.688170064
12463	-1.293805974	-1.493988931
12464	-1.066332603	-1.220650052
12465	-0.682249351	-0.565160462
12466	-1.124050807	-1.347643196
12467	-0.803359296	-0.715136362
12468	-0.870647081	-0.881677739
12469	-0.943199911	-0.905704695
12470	-0.607705008	-0.42325231
12471	-0.893129562	-1.081175948
12472	-0.887040666	-0.899207195
12473	-1.077514733	-1.174186412
12474	-1.262189625	-1.512568285
12475	-1.01131581	-1.17770329
12476	-1.02998154	-1.007042781
12477	-1.157634271	-1.367876832
12478	-1.04544553	-1.149254183
12479	-0.7691807	-0.486334246
12480	-1.175728241	-1.382324255
12481	-0.751185753	-0.727028494
12482	-0.996459378	-1.134523015
12483	-0.871920074	-0.88529007
12484	-1.090384151	-1.294264
12485	-1.14464937	-1.367929371
12486	-1.117583746	-1.299819577
12487	-1.062634822	-1.400704859
12488	-0.988678975	-1.264592349
12489	-0.67427677	-0.590890645
12490	-1.110372653	-1.312664075
12491	-0.832864402	-0.822711161
12492	-0.72858306	-0.371563878
12493	-0.957128364	-1.010119137
12494	-1.033389424	-1.220487705
12495	-1.277205946	-1.551763519
12496	-0.965244208	-1.17014874
12497	-1.134769609	-1.295402433
12498	-0.975260489	-1.027478236
12499	-0.923252468	-1.068809332
12500	-0.997946752	-1.051022947
12501	-0.856032685	-0.902414059
12502	-0.89233791	-0.930343477
12503	-0.967947952	-1.020538054
12504	-1.01002053	-1.377913633
12505	-1.031109882	-1.133562279
12506	-0.991578064	-0.995646562
12507	-0.697546439	-0.655816159
12508	-0.757325391	-0.712947656
12509	-1.062072248	-1.141272229
12510	-1.133791718	-1.32590415
12511	-0.977767152	-1.017868582
12512	-1.058812269	-1.352855199
12513	-0.81001988	-0.883385124
12514	-0.948423485	-1.104594491
12515	-1.056798998	-1.322992146
12516	-0.969223015	-1.271485382
12517	-0.987777842	-1.16305948
12518	-1.033311831	-1.439460011
12519	-0.807470316	-0.693038536
12520	-0.989829496	-1.13035173
12521	-1.013507226	-1.127063688
12522	-0.727961098	-0.678150169
12523	-0.960773829	-1.114624284
12524	-1.058572229	-1.040818399
12525	-0.698366572	-0.611468286
12526	-1.049341047	-1.091640289
12527	-0.823091944	-0.589572793
12528	-0.802804801	-0.776872829
12529	-1.030773456	-1.261726823
12530	-0.991870263	-1.057803712
12531	-0.978086827	-0.987067011
12532	-0.930888818	-1.132752105
12533	-0.961325305	-1.146871972
12534	-1.10122023	-1.272077318
12535	-0.896303769	-0.887879316
12536	-1.070097613	-1.538516711
12537	-0.959691446	-0.893480303
12538	-1.053312459	-1.174505174
12539	-0.927041506	-0.895415535
12540	-1.242759686	-1.557529128
12541	-1.21470943	-1.525533446
12542	-0.827151226	-0.892478533
12543	-1.081231307	-1.254766893
12544	-1.06294296	-1.136135265
12545	-0.910367955	-1.000052965
12546	-1.141466511	-1.503328506
12547	-1.103868268	-1.373298227
12548	-1.0461709	-1.037272199
12549	-1.023470177	-1.076930047
12550	-0.771205294	-0.712588417
12551	-0.983112333	-1.106212438
12552	-1.015761111	-1.081850164
12553	-1.057901167	-1.255288928
12554	-1.09141034	-1.447645389
12555	-1.034477195	-1.377717375
12556	-1.011840565	-1.046375905
12557	-0.860373383	-0.771578502
12558	-0.820881153	-0.56140387
12559	-0.989563307	-1.201531757
12560	-0.919756696	-1.050508993
12561	-1.12323032	-1.403152788
12562	-1.290434344	-1.572581171
12563	-1.236470498	-1.429417112
12564	-1.072636853	-1.25429783
12565	-1.139282403	-1.419722675
12566	-1.203225101	-1.455346617
12567	-1.19402019	-1.432166874
12568	-0.747329061	-0.657337545
12569	-1.129703917	-1.113659598
12570	-0.823456293	-0.87330823
12571	-0.997638489	-1.153813384
12572	-1.010775844	-1.129317177
12573	-1.052406214	-1.233403468
12574	-1.005950717	-1.087398531
12575	-0.792455072	-0.816859712
12576	-1.108642997	-1.292252372
12577	-0.635875376	-0.407664352
12578	-1.028652093	-1.145733864
12579	-0.988130467	-1.176579803
12580	-1.051799329	-1.174502348
12581	-1.126357134	-1.206194682
12582	-1.058160058	-1.085311414
12583	-0.901321586	-0.691570075
12584	-1.066830743	-1.271088213
12585	-0.964425553	-0.995061538
12586	-1.047129139	-1.240342692
12587	-1.063609742	-1.187059578
12588	-1.103920842	-1.334090829
12589	-1.036046397	-1.391062825
12590	-1.018442884	-1.100289619
12591	-1.174093905	-1.423958597
12592	-1.276555827	-1.560852616
12593	-0.775527168	-0.743965922
12594	-0.698925552	-0.654014803
12595	-0.866652807	-0.985568243
12596	-0.869846147	-0.988318263
12597	-1.014587822	-1.115532818
12598	-1.008868731	-1.045240317
12599	-0.974499259	-1.013885065
12600	-0.984965934	-1.030260886
12601	-0.936192948	-1.029549165
12602	-0.833819458	-0.888668059
12603	-0.839045131	-0.821847281
12604	-1.190047095	-1.465499359
12605	-1.083723748	-1.274024165
12606	-1.082476505	-1.215443015
12607	-0.919992677	-0.816472426
12608	-0.907624241	-0.896047263
12609	-1.036245504	-1.119628217
12610	-0.996818657	-1.116104107
12611	-1.003609892	-1.191774178
12612	-1.030149947	-1.315983297
12613	-0.939495121	-1.060349835
12614	-1.096260543	-1.248257676
12615	-1.130321255	-1.307899655
12616	-1.085200075	-1.381339652
12617	-1.021936915	-1.40592399
12618	-1.098692567	-1.381166746
12619	-0.914281641	-1.062394711
12620	-0.801864044	-0.506887483
12621	-1.043062891	-1.192274627
12622	-1.030967386	-1.194735822
12623	-1.239363538	-1.535621934
12624	-1.280652595	-1.508649866
12625	-1.05096869	-1.238591821
12626	-1.02799335	-1.300147351
12627	-0.915313351	-1.001609909
12628	-0.868333607	-0.821318132
12629	-0.8345912	-0.872148118
12630	-0.982626055	-1.098607477
12631	-0.898878364	-0.973552477
12632	-1.248169738	-1.42748852
12633	-0.901433723	-0.89905081
12634	-1.076558104	-1.213048617
12635	-1.20526832	-1.313155657
12636	-1.236564562	-1.484187849
12637	-0.911033309	-0.901983101
12638	-1.126914235	-1.334591461
12639	-0.995209462	-1.2098141
12640	-0.94869601	-1.039185979
12641	-0.841166186	-0.863169179
12642	-1.187471784	-1.307521392
12643	-1.10826874	-1.295342421
12644	-1.152708416	-1.437804976
12645	-1.029883666	-1.309641354
12646	-1.082895361	-1.206754714
12647	-0.923370916	-1.037265472
12648	-0.890321442	-1.032278187
12649	-0.906733731	-1.049998049
12650	-0.963363874	-1.296507809
12651	-1.034594568	-1.36608009
12652	-1.163581879	-1.347307729
12653	-0.930094415	-1.023042032
12654	-1.205359331	-1.461493156
12655	-1.149808145	-1.380826046
12656	-1.083528135	-1.338312196
12657	-1.012734962	-1.101028065
12658	-1.153591072	-1.363323717
12659	-1.027792507	-1.105013444
12660	-0.808735391	-0.811327146
12661	-0.912327168	-0.910834995
12662	-0.751731978	-0.704751685
12663	-1.143588353	-1.4128197
12664	-0.937872936	-0.848891975
12665	-1.143385416	-1.469726475
12666	-0.926301773	-0.875823501
12667	-1.181140047	-1.371949999
12668	-0.807996845	-0.789012622
12669	-0.995104523	-1.031877181
12670	-1.121198893	-1.260225836
12671	-1.069955979	-1.044500283
12672	-0.723078761	-0.669111913
12673	-0.994317627	-1.238968353
12674	-1.087661274	-1.207107602
12675	-1.158874486	-1.479157732
12676	-0.710330377	-0.578566846
12677	-0.97348341	-1.213053611
12678	-0.804611402	-0.679839125
12679	-1.011543316	-1.086688719
12680	-0.87824766	-0.865210739
12681	-0.810202275	-0.717793139
12682	-0.779770456	-0.706590818
12683	-0.792675807	-0.78125695
12684	-0.951966841	-0.960661152
12685	-1.085921323	-1.301621658
12686	-1.231181534	-1.56822991
12687	-1.04409815	-1.30047449
12688	-1.128406393	-1.324278405
12689	-1.100534233	-1.274848151
12690	-1.121356608	-1.319103249
12691	-1.153669945	-1.350584829
12692	-1.046383231	-1.202407402
12693	-1.105888969	-1.201991182
12694	-1.119637814	-1.229154908
12695	-1.121102377	-1.327347525
12696	-0.883404416	-0.843505483
12697	-1.138633012	-1.392907066
12698	-1.318078991	-1.6223505
12699	-1.037145948	-1.008877015
12700	-1.196258061	-1.392301422
12701	-1.157401094	-1.4300454
12702	-0.785449168	-0.794633605
12703	-1.069060146	-1.465152637
12704	-1.044006598	-1.202345492
12705	-1.061278368	-1.168584106
12706	-1.028164439	-1.18676976
12707	-1.055671067	-1.392399649
12708	-0.807511368	-0.807527004
12709	-0.982121628	-1.025937078
12710	-0.533853893	-0.303214132
12711	-0.882235117	-0.914933388
12712	-0.877062724	-1.060949697
12713	-1.17566638	-1.375210375
12714	-0.916616755	-0.849089563
12715	-0.778923922	-0.640142538
12716	-1.276694898	-1.432860893
12717	-1.004577882	-1.103210377
12718	-0.946012207	-1.09143719
12719	-1.128369215	-1.189498826
12720	-1.111652622	-1.358824777
12721	-1.177350561	-1.46716745
12722	-1.158751111	-1.511929582
12723	-0.906279848	-0.953671463
12724	-1.14927591	-1.28848374
12725	-0.90358666	-0.873565961
12726	-0.899012256	-0.910209012
12727	-1.095412028	-1.358133683
12728	-0.832437903	-0.812405016
12729	-1.031929052	-1.260889359
12730	-1.062943727	-1.207315114
12731	-0.918249317	-0.770319545
12732	-0.859372114	-0.682183767
12733	-0.754550826	-0.679016744
12734	-1.07447962	-1.157611247
12735	-0.81864237	-0.750647626
12736	-1.057585115	-1.463428899
12737	-0.982968997	-1.043442256
12738	-0.982701264	-0.919121841
12739	-0.966150239	-1.040566809
12740	-0.909839138	-1.080126341
12741	-0.623516394	-0.534513398
12742	-1.108180795	-1.249714256
12743	-1.043144687	-1.109337693
12744	-0.96750162	-1.030893641
12745	-1.131740313	-1.293963577
12746	-0.748821087	-0.742984958
12747	-1.172735555	-1.457181833
12748	-1.142810571	-1.32963187
12749	-1.182577167	-1.483147912
12750	-0.868552886	-0.895557052
12751	-0.94198164	-1.065549151
12752	-1.135929846	-1.538393844
12753	-0.815613486	-0.757014651
12754	-0.938466761	-0.892361842
12755	-1.164621342	-1.463041018
12756	-0.750203603	-0.676273347
12757	-1.221364676	-1.517570292
12758	-0.922005953	-1.015972704
12759	-1.005584969	-1.139683766
12760	-1.097914182	-1.193471363
12761	-1.053428678	-1.397915285
12762	-1.151211674	-1.282315615
12763	-0.997163502	-1.124391743
12764	-0.993527693	-1.028353889
12765	-0.809518405	-0.828754519
12766	-1.087695268	-1.166782158
12767	-1.14419118	-1.344849596
12768	-0.93357054	-1.122254103
12769	-0.914746034	-0.958060121
12770	-0.629989628	-0.463637495
12771	-1.153713918	-1.320618231
12772	-0.971477863	-1.129848441
12773	-1.15973611	-1.389691662
12774	-0.874966731	-0.813933266
12775	-1.053014827	-1.234186864
12776	-1.016742893	-1.145536083
12777	-0.760571423	-0.731498034
12778	-1.094995646	-1.154471261
12779	-0.926270519	-1.190556325
12780	-1.01835678	-1.242342265
12781	-0.895347725	-0.772738712
12782	-0.706943886	-0.591721699
12783	-1.129578453	-1.224250593
12784	-1.045342011	-1.160745852
12785	-0.793820686	-0.544167697
12786	-1.026321358	-1.490207449
12787	-0.944804111	-0.983049528
12788	-1.030223222	-1.01326553
12789	-0.810014595	-0.674359295
12790	-0.614976778	-0.448367037
12791	-1.045786352	-1.081951117
12792	-1.206438378	-1.397774124
12793	-0.753659741	-0.741913953
12794	-1.242795429	-1.532980563
12795	-1.101126907	-1.519582437
12796	-0.838845971	-0.967233219
12797	-0.993193837	-1.058551517
12798	-1.004741323	-1.008506131
12799	-0.918402166	-0.855949513
12800	-0.984714812	-1.148122149
12801	-0.925833404	-0.878533431
12802	-0.74871121	-0.661366639
12803	-1.093230684	-1.204272149
12804	-1.063230845	-1.304514142
12805	-1.027256683	-1.204596021
12806	-1.062806866	-1.12858301
12807	-1.094440584	-1.227961926
12808	-0.69042241	-0.599207428
12809	-0.854925217	-0.71411379
12810	-1.19189962	-1.517123797
12811	-1.115671517	-1.30794553
12812	-1.036159231	-1.199614851
12813	-1.011150469	-1.091525322
12814	-1.166607124	-1.435206312
12815	-1.15260437	-1.401241878
12816	-1.275296186	-1.465081758
12817	-1.143890718	-1.341120924
12818	-0.864713573	-0.879108006
12819	-0.924146967	-1.008188494
12820	-0.815810786	-0.715675213
12821	-0.910312446	-0.985341768
12822	-0.690612933	-0.620176546
12823	-0.886244043	-0.811886825
12824	-1.190887571	-1.368870098
12825	-1.192184612	-1.384056147
12826	-1.005729665	-1.050423392
12827	-0.867969408	-0.910540107
12828	-1.068178478	-1.228508023
12829	-0.942881168	-1.019449598
12830	-0.676433192	-0.594844134
12831	-1.201811752	-1.448673715
12832	-0.917371721	-0.92020322
12833	-0.831881914	-0.783038205
12834	-0.988556016	-1.060194617
12835	-0.833514095	-0.70570214
12836	-1.131104389	-1.44564014
12837	-0.769331165	-0.627802217
12838	-1.037119489	-1.140005794
12839	-1.092870883	-1.332910561
12840	-1.17580624	-1.418843358
12841	-0.798446157	-0.799336953
12842	-1.050607096	-1.14853914
12843	-1.011474035	-1.100189823
12844	-1.16288226	-1.437136945
12845	-1.132272052	-1.247986553
12846	-1.10683939	-1.495513088
12847	-0.992508969	-1.167522502
12848	-0.851119115	-0.829438063
12849	-1.026684532	-1.146402589
12850	-0.751264316	-0.440590889
12851	-0.769968578	-0.609037575
12852	-1.008980963	-1.170921354
12853	-0.896921198	-0.902638838
12854	-1.093927322	-1.283738438
12855	-1.038103098	-1.2824334
12856	-0.644435145	-0.527164594
12857	-1.273462108	-1.57387453
12858	-0.736278525	-0.670026541
12859	-1.006326364	-1.145763067
12860	-1.130642422	-1.34475287
12861	-1.038242467	-1.143753982
12862	-1.140419151	-1.288171021
12863	-0.588317386	-0.435446556
12864	-0.82783396	-0.862957352
12865	-1.074443973	-1.217154617
12866	-1.152409796	-1.584427713
12867	-0.926892337	-1.00675002
12868	-1.275559281	-1.517257343
12869	-0.689877998	-0.632056837
12870	-1.039470715	-1.20192535
12871	-0.655888954	-0.57776965
12872	-0.852569725	-0.563800697
12873	-0.946645162	-1.062061481
12874	-1.290669776	-1.486411485
12875	-0.978894672	-0.991811667
12876	-0.706443004	-0.425341137
12877	-1.055831811	-1.113546467
12878	-1.171718571	-1.291424239
12879	-1.137174167	-1.344444533
12880	-1.018460797	-1.071074063
12881	-1.203925691	-1.445587269
12882	-0.967455156	-0.921819241
12883	-1.048242033	-1.217900687
12884	-0.806383686	-0.833264587
12885	-1.18890127	-1.438550996
12886	-1.064733094	-1.119160142
12887	-1.145544461	-1.285000694
12888	-1.071392679	-1.182160847
12889	-0.873269321	-0.592175146
12890	-0.871354251	-0.912748567
12891	-0.956873055	-1.06861204
12892	-0.934975448	-1.010806828
12893	-0.921080438	-0.958038646
12894	-1.064377061	-1.001782375
12895	-1.006842233	-1.185907796
12896	-1.035985262	-1.11667194
12897	-0.908807486	-0.932043504
12898	-1.169472592	-1.535284435
12899	-1.194633381	-1.392645983
12900	-0.948484638	-0.866424171
12901	-0.857454843	-0.916370695
12902	-1.017248998	-1.207685567
12903	-1.251871628	-1.549618225
12904	-1.006974541	-1.162529692
12905	-1.031608305	-1.111859214
12906	-0.77009963	-0.735863663
12907	-0.814302168	-0.841050093
12908	-0.65957494	-0.589950747
12909	-1.143731311	-1.390632059
12910	-1.300492574	-1.446868442
12911	-0.791232991	-0.622994299
12912	-0.733529538	-0.680151647
12913	-0.910095908	-1.043218151
12914	-1.061367963	-1.263075293
12915	-0.980236592	-0.975550693
12916	-1.046025485	-1.296941226
12917	-0.960261055	-1.143450681
12918	-1.013381233	-1.094948762
12919	-1.086181808	-1.248465179
12920	-0.596557137	-0.45279548
12921	-0.792354983	-0.813088715
12922	-1.106417752	-1.090501809
12923	-0.739365176	-0.636032785
12924	-1.063500739	-1.220975176
12925	-0.654268018	-0.559963669
12926	-1.127531658	-1.308004089
12927	-0.792821274	-0.809716229
12928	-1.131190165	-1.484788851
12929	-0.94252765	-0.819185491
12930	-0.885889678	-0.792814308
12931	-1.087473936	-1.492767296
12932	-1.082925101	-1.203873823
12933	-1.018340686	-1.18234539
12934	-1.010284038	-1.332634114
12935	-0.961000333	-1.091335733
12936	-1.032562847	-1.177327128
12937	-0.835014137	-0.849356436
12938	-1.210160402	-1.502090432
12939	-0.922874849	-0.9971499
12940	-1.27709686	-1.432133431
12941	-0.708497108	-0.667782466
12942	-0.79439193	-0.726410726
12943	-0.864625275	-0.901290001
12944	-1.132209784	-1.467353608
12945	-1.147576813	-1.35060434
12946	-1.111162456	-1.215795783
12947	-0.785288202	-0.648162673
12948	-1.091499687	-1.349734344
12949	-0.91515391	-0.942474815
12950	-1.031866685	-1.191012969
12951	-0.586021454	-0.447711629
12952	-1.030054168	-1.250760241
12953	-0.866519423	-0.870724177
12954	-1.205145413	-1.494673845
12955	-0.917643674	-1.037696519
12956	-1.03037417	-1.123973706
12957	-1.072823862	-1.255044046
12958	-0.942816369	-1.006291586
12959	-0.941459863	-0.941485772
12960	-1.001320055	-1.120730861
12961	-0.912513575	-1.040626612
12962	-1.12768318	-1.357768831
12963	-1.084594346	-1.310832219
12964	-0.821975904	-0.773203995
12965	-0.980113468	-1.058431577
12966	-0.914781102	-0.971019129
12967	-0.892445597	-0.789543483
12968	-0.773224636	-0.590939335
12969	-0.758758052	-0.440382505
12970	-0.970542079	-1.073633083
12971	-0.870439703	-0.653691257
12972	-1.05118398	-1.083065843
12973	-0.930378721	-1.009159949
12974	-0.997044379	-1.02885495
12975	-1.065057222	-1.154721815
12976	-0.986063618	-1.080211366
12977	-1.015384562	-1.108592455
12978	-0.8410917	-0.847973418
12979	-0.89838474	-0.792856483
12980	-0.615659562	-0.381975105
12981	-1.031363404	-1.116913379
12982	-1.155144417	-1.278979455
12983	-1.081357747	-1.068146896
12984	-0.908784822	-0.982674472
12985	-0.808663111	-0.503150319
12986	-0.909252388	-0.920501179
12987	-0.724502097	-0.630271543
12988	-1.150127933	-1.251205296
12989	-0.731164386	-0.669496657
12990	-0.740005397	-0.665611601
12991	-0.493396429	-0.246571891
12992	-1.060549944	-1.103051296
12993	-0.992354934	-1.291534378
12994	-0.900123454	-0.966556701
12995	-0.839881732	-0.879988955
12996	-1.014819455	-1.294039532
12997	-1.131280315	-1.353761602
12998	-1.06530202	-1.262799553
12999	-1.118183184	-1.473597172
13000	-0.986472266	-0.975695392