13001	-1.1770810776966703	-1.3818278377599997
13002	-1.133098232840002	-1.375029467136662
13003	-1.079126548746671	-1.214938266818337
13004	-1.0568425957050054	-1.1274218916849998
13005	-1.0782143877833383	-1.1923345693366667
13006	-1.2102578732333302	-1.5243135244500017
13007	-0.8182374143999984	-0.8264815330133348
13008	-1.08720696238333	-1.3616996255366667
13009	-1.1261823481649915	-1.3677507233316655
13010	-1.070388553683341	-1.2588427056583271
13011	-0.9422852409500008	-0.8890996763116698
13012	-1.0141177687666725	-1.175222804796671
13013	-1.097607938961672	-1.2287408876149986
13014	-1.042910686001669	-1.1450728878866625
13015	-1.0183438582833324	-1.133493048323332
13016	-1.0392284787650037	-1.1388243686733381
13017	-0.8521346019783412	-0.8645612050933325
13018	-0.8863911979200036	-0.9537019825066672
13019	-0.9386213019999959	-1.0144017689849951
13020	-1.1189564172966648	-1.2950391794566667
13021	-1.0318850080183428	-1.1813203639350014
13022	-1.1475250304083353	-1.3245378831716699
13023	-0.7962305777000026	-0.6735743756683342
13024	-1.1270194533500029	-1.2363167759083316
13025	-1.1095818051833337	-1.5098438670316694
13026	-0.9894972124000089	-1.0383469846950018
13027	-0.8944899126333355	-0.7119875899333354
13028	-1.067906535250004	-1.2990445863816662
13029	-0.6462486141416691	-0.5284541376033329
13030	-0.7671387272750009	-0.6555375416716677
13031	-1.117358782800001	-1.1617511398933298
13032	-1.2960479573333314	-1.5818500434450016
13033	-0.8168053757883399	-0.810361317616669
13034	-0.7346303532333368	-0.6975090522300017
13035	-1.0969489108000015	-1.470784828208328
13036	-1.0184706588733372	-1.1479619493966682
13037	-0.7971713049583375	-0.8213771047716687
13038	-0.9465907852516687	-0.9718789728366669
13039	-0.8183316185766715	-0.8598045630283311
13040	-1.1294399314500072	-1.2510140850916627
13041	-0.8769243505666665	-0.6601546566650012
13042	-1.1035789121333337	-1.2926124081366606
13043	-1.1031123473016649	-1.2778427963866659
13044	-0.8423062792416645	-0.7796550012483339
13045	-1.115359782558336	-1.283087377016661
13046	-1.1128268609533325	-1.1759918532666662
13047	-1.181407829683331	-1.3604070793800036
13048	-0.8647022927883398	-0.8654147468283342
13049	-0.7594452604333309	-0.5288590402166674
13050	-0.9054809126566769	-0.960732650636667
13051	-0.9424943400750015	-1.125754055943334
13052	-0.8537949927283364	-0.8273121356666652
13053	-1.0911056428666683	-1.3605512858016637
13054	-1.0772316284033419	-1.1606068680116652
13055	-1.0961329001650069	-1.2185806223949989
13056	-1.0627422947833305	-1.4173950823333352
13057	-0.8342064695333313	-0.5787721708333357
13058	-0.7053517070250012	-0.5498520255516656
13059	-0.9873461587833322	-1.1457720332533337
13060	-1.054762008123339	-1.1953824260833332
13061	-1.095521329933342	-1.2469926463566672
13062	-0.9416873398050042	-0.9380142689566653
13063	-1.0044672601450084	-1.040061133715005
13064	-1.0997240368216676	-1.3130117999533326
13065	-1.020727518783333	-1.1734591981300047
13066	-0.9992275482216744	-1.032306114236666
13067	-0.9731830000749987	-1.0709473045749982
13068	-1.121800789399996	-1.339011180625004
13069	-0.7646342404483368	-0.7527448191683345
13070	-0.9373236658333354	-1.0189258577899973
13071	-1.0668692220500018	-1.3138631189799992
13072	-0.9590698791166645	-0.7548759532466651
13073	-1.1792992341500053	-1.2787820771000011
13074	-0.9974698145583438	-1.0277394003633302
13075	-1.0080815804966696	-1.027211984306664
13076	-1.080694767203333	-1.2991238968883307
13077	-0.8620336888083372	-0.9532290350983392
13078	-0.980515374803333	-1.1322954753783323
13079	-0.9128757673333296	-1.010045584106666
13080	-0.7847592974499988	-0.8233464168783338
13081	-1.1118593823883327	-1.3151030298766697
13082	-0.9966816125000011	-1.155760667343334
13083	-1.050425366441661	-1.311258719529998
13084	-1.1721213431000055	-1.331532827816663
13085	-1.068266607000002	-1.2493654304699957
13086	-1.1382081212116721	-1.3274094264966634
13087	-0.9016056805500078	-0.9631422811266681
13088	-0.8993071928633355	-0.8903516386349981
13089	-1.1578984459833344	-1.4601757815316674
13090	-0.7982030577133364	-0.7428724030583342
13091	-1.1498322215266645	-1.3782898572066669
13092	-1.204608609079994	-1.4415149968333338
13093	-1.0289385635500081	-1.0991736536799963
13094	-0.8951205203800128	-0.8938334784016696
13095	-1.1033282643649973	-1.2564086721650007
13096	-1.0881771189333282	-1.3135066421199983
13097	-0.9778560618850104	-1.0755786070483337
13098	-0.9739131707416666	-1.1613135356733348
13099	-0.850545683341672	-0.9134204870983319
13100	-1.1048025177816652	-1.3661812779633298
13101	-0.9315320356666655	-1.1803678478666657
13102	-1.110028081899997	-1.5281389393900011
13103	-1.018146367521662	-1.1676304522133312
13104	-1.016193602583336	-1.2204302170466672
13105	-0.9829175592566785	-0.9675265142116679
13106	-1.1808884435666709	-1.4194062524449982
13107	-0.9107754377466744	-1.0259363147766707
13108	-0.9119830351666651	-1.1003085096650012
13109	-1.0300334753500002	-1.2983665032033294
13110	-0.8983361082900044	-0.957668849918331
13111	-1.0268713480499991	-1.3908641324333326
13112	-0.9090287203000031	-1.0252098516700008
13113	-0.6729468217500023	-0.5786111451233334
13114	-0.9141938853133337	-0.7960284702000022
13115	-0.9213836676133392	-1.0042229327266592
13116	-1.204108852900001	-1.549653566081661
13117	-1.1137554054166683	-1.3406023248083307
13118	-1.1829617788999995	-1.401061425199997
13119	-0.9617490906666643	-1.2050436445650006
13120	-1.0018804608049978	-1.169079314731666
13121	-0.8981478593483332	-0.8565611672516682
13122	-0.8059700797083368	-0.8360757442800034
13123	-1.1941287804566665	-1.4496600185999935
13124	-0.9607936176833277	-1.140904059003335
13125	-1.1273927987316619	-1.383675017051666
13126	-1.129197007070004	-1.3655227573166642
13127	-0.8394176070083348	-0.9393962939966713
13128	-1.1928977651166701	-1.4059687353100048
13129	-0.9310125153150068	-0.9873590232233268
13130	-0.9914451759833345	-1.0996471906349972
13131	-0.945661303983334	-1.052614013394996
13132	-1.0251522488600078	-1.006649622473333
13133	-1.0236215492633427	-1.0651995809066679
13134	-1.178257150016669	-1.3227690041800026
13135	-1.1838363765500028	-1.4315354990933364
13136	-1.0677990244999995	-1.4880685340816682
13137	-0.9459402700166682	-1.0939175609199998
13138	-0.9905003428050038	-1.1120479919200028
13139	-0.7284371219500002	-0.6632585567483342
13140	-0.8104884493666726	-0.7779836616466667
13141	-0.9372782793816735	-0.8932535900966728
13142	-1.3009688568283346	-1.5116099156000018
13143	-1.0541011335433388	-1.0691670372300042
13144	-0.9897799334666716	-1.1450557371099992
13145	-1.1700135556600044	-1.3840127829166637
13146	-1.1797414331166722	-1.5611587626549974
13147	-1.054329678556672	-1.160309216283337
13148	-1.14599298455	-1.4565140011333364
13149	-0.9934222759416718	-1.061925660823333
13150	-1.1086304526666673	-1.4958793373633377
13151	-1.133075287478336	-1.2957088071333287
13152	-1.0876195886250053	-1.2348950024966647
13153	-0.9622161152916736	-0.9599947481083329
13154	-0.8065007477999965	-0.613002989533335
13155	-1.2134093921649958	-1.5077123508783354
13156	-1.1452932922233345	-1.385148235814991
13157	-1.2744521900866674	-1.4663792986500048
13158	-1.053661374628333	-1.2351894712766676
13159	-0.7385229911166655	-0.7038060048216659
13160	-0.7873088715166684	-0.8129066820299998
13161	-1.2539284524999963	-1.5385820497783356
13162	-0.8242582124583352	-0.8183778931433278
13163	-0.559604234208333	-0.3560693056583331
13164	-1.0113622452583413	-1.0612785996566643
13165	-0.9930371036383403	-0.9514894535883364
13166	-0.9399119233000002	-1.2086212017566664
13167	-1.1046069907666625	-1.406725864490012
13168	-0.9035796239999992	-0.8276633273700006
13169	-1.0661676935749982	-1.2881918892633335
13170	-0.6774076142300027	-0.5748351175333352
13171	-1.0454739843833365	-1.3888025861500009
13172	-1.0507493552466742	-1.0881765192900028
13173	-1.1101086736916728	-1.2444410887049993
13174	-1.2587512893333268	-1.585541631901669
13175	-1.1694960647333368	-1.461997022816666
13176	-0.6471711102250042	-0.5300522166583359
13177	-0.8332732437983351	-0.721610891473333
13178	-1.0891970504933315	-1.237073292566666
13179	-1.0589367267000014	-1.428580578160004
13180	-0.9736365079616685	-0.9964590502233379
13181	-0.7181278661666672	-0.5169604600850004
13182	-1.098399347215	-1.41532558325
13183	-0.9725953162166631	-1.1140657883566656
13184	-1.224185118428333	-1.3778103632250043
13185	-1.177680129733336	-1.433438426546669
13186	-0.8693905090250055	-0.9076803804550012
13187	-1.1234088826450068	-1.2941079818949976
13188	-1.1064217184333278	-1.3292472182433335
13189	-0.8490892359466766	-0.8414629161133355
13190	-1.0987921425500007	-1.493986809005006
13191	-0.7880318716666668	-0.4716605907833343
13192	-0.9740127771050026	-0.9742687290200021
13193	-1.03199854846667	-1.275748954846663
13194	-0.7839583933500047	-0.7446742498450024
13195	-1.2911132674600005	-1.5447871540833333
13196	-1.161057357100003	-1.4618252133950016
13197	-0.9778736653449978	-1.1407522457000023
13198	-1.1583005586216648	-1.3819372001033357
13199	-0.9479747040333382	-0.9640261670750055
13200	-1.1760830698066658	-1.3782379986600028
13201	-0.8063520667333345	-0.8322666769549976
13202	-1.0782990193166666	-1.2861189575516627
13203	-1.1497883048183326	-1.3995953687366627
13204	-1.1398895397483426	-1.2666849365333335
13205	-1.0702483554833337	-1.4683618132000016
13206	-1.0898541263000037	-1.2767804640500011
13207	-0.9856744281666673	-1.2939658173366646
13208	-0.9865708476233326	-1.0333051232633381
13209	-1.0455079387650033	-1.1630407225699961
13210	-0.847488545483333	-0.9797841502266647
13211	-0.785387313230002	-0.7992664217333342
13212	-0.8461913026916678	-0.8670329174766729
13213	-1.2058793550000007	-1.3957919979333335
13214	-0.9437045966999963	-1.1930291916733355
13215	-1.042741039816662	-1.2848464194033344
13216	-0.9585350782000079	-1.0160782142399998
13217	-1.0317329990433373	-1.0557684099766644
13218	-1.1760710300333381	-1.3222349547500036
13219	-1.0512476103433357	-1.1774268298066641
13220	-0.8645247894749994	-0.891653242621665
13221	-1.0368871802283357	-1.2209364500699988
13222	-1.1098870063666746	-1.2387981475166674
13223	-0.8226022102233356	-0.6787438107883339
13224	-1.0833036289799967	-1.3217878388716693
13225	-0.6727424201950036	-0.6071943540316657
13226	-1.1207441284333364	-1.4481500489900039
13227	-1.0187394342949947	-1.1626615993383251
13228	-1.1620636609000021	-1.4029527749433348
13229	-1.1317414096500027	-1.2353477334716645
13230	-1.138164536764998	-1.4389974613233358
13231	-1.1335524870716653	-1.3237684468466704
13232	-1.3239195458316606	-1.629449982616669
13233	-1.0569144795000012	-1.4048546201099983
13234	-0.9681234393166661	-0.9904563129499993
13235	-1.0788748298333384	-1.231313457933337
13236	-0.8800740861666666	-0.9349600459783324
13237	-1.154721344931666	-1.390599959273336
13238	-0.6181242636833361	-0.5187491093683332
13239	-1.1953855687116701	-1.3431100423650029
13240	-0.8474082582333307	-0.8942116032400024
13241	-1.2363164471483294	-1.4573872242050034
13242	-1.1899334771399994	-1.3995271479133369
13243	-0.8419336487966698	-0.8096216172133348
13244	-1.080797051320005	-1.2192487584366698
13245	-1.026305799055005	-1.1479449874866667
13246	-1.0842344081800057	-1.2065087316316678
13247	-1.1308627099200068	-1.3219719342133294
13248	-1.1056365092166724	-1.4642380741616656
13249	-0.7041982110650036	-0.6324212439750011
13250	-1.163595051500003	-1.4113905487499967
13251	-0.7784908804499987	-0.7288611619000006
13252	-1.0767642743333354	-1.3337657502066653
13253	-1.0378626786133376	-1.1970573456233353
13254	-1.1721953669700025	-1.3844722293316638
13255	-1.0867801777166664	-1.3760564528216654
13256	-1.1984475706666662	-1.4986178612666674
13257	-1.075435608100001	-1.4043473774833386
13258	-1.0079184978800073	-1.088460689436665
13259	-1.1521444047300042	-1.3532238134100023
13260	-1.2755100173699991	-1.5485505453333352
13261	-0.5864676483999997	-0.374492933921666
13262	-1.1090248147333333	-1.288010511459995
13263	-0.8439671700250009	-0.9372749275833336
13264	-0.9521445553583352	-1.10864038067667
13265	-0.965714585250007	-1.0383706222999936
13266	-0.9619822750683382	-0.9089703371833334
13267	-1.0189137983916794	-1.0777387641533347
13268	-0.9791187741449993	-1.1158425121149935
13269	-0.9892332989433422	-1.0085878236149997
13270	-1.0047390905650107	-1.0412306136516634
13271	-0.8223652056066681	-0.8574112368783307
13272	-0.765133087350003	-0.7857989471516675
13273	-1.2083497032000015	-1.3802559660366729
13274	-0.8030914503566725	-0.7861721415416628
13275	-1.017163740821669	-1.1482748429083325
13276	-0.7119238388133378	-0.6754494557500004
13277	-1.2957642223283294	-1.609474006633337
13278	-1.0396467735350026	-1.136853909676663
13279	-0.9402395554683406	-0.9939723210349918
13280	-0.8957758804500014	-0.8114793884966682
13281	-1.1458962529950008	-1.3885902490033355
13282	-1.1401331160833328	-1.4691584733400023
13283	-1.001787238183334	-1.2492172157283281
13284	-1.044473360051672	-1.198062628975002
13285	-0.8016490866333363	-0.7327287241266656
13286	-1.0754950975500008	-1.2292375724599998
13287	-0.8145428274416672	-0.8269913616349989
13288	-1.2850767468183346	-1.58199264593333
13289	-1.1221649283166693	-1.3181823689983285
13290	-1.0681896275800054	-1.2454281924316646
13291	-1.206566700633333	-1.4791213519533317
13292	-0.9572521322566678	-0.9847198864600011
13293	-1.040441129966667	-1.385599488091669
13294	-1.1083199615299957	-1.3233642804666668
13295	-1.0112308787166668	-1.3376201659233318
13296	-1.1967950761749975	-1.4659868936283338
13297	-1.0159492237400047	-1.0428653909133345
13298	-0.9252911057083281	-1.0248713213699967
13299	-1.1792071852666655	-1.5075767074866684
13300	-0.9468476689766693	-0.9961871938899952
13301	-0.9620383081500037	-1.0449361799116652
13302	-1.194215627666669	-1.4539375836283386
13303	-0.8745170025683339	-0.8922989699316689
13304	-0.9369384673816702	-1.0074719585416654
13305	-0.6999312126083358	-0.6933901716566665
13306	-0.9932892109933347	-1.08201627939167
13307	-0.7809442039083349	-0.619793336531666
13308	-1.0182730076833308	-1.2620491688083355
13309	-0.9714661637833382	-0.9179683806200005
13310	-1.1338659995283333	-1.332557014868335
13311	-1.1733436880666692	-1.405284965406667
13312	-1.0506495264916709	-1.2774401433549984
13313	-0.9634498499250038	-1.0154987649016654
13314	-1.1950532689166644	-1.4911416318966644
13315	-0.9070139847016663	-0.771093257380001
13316	-1.0487930503083362	-1.113584234371665
13317	-1.011334581315001	-1.1739043288033302
13318	-1.1511558793833314	-1.3605181559833366
13319	-1.198266943548327	-1.481327012800001
13320	-1.0330451872916622	-1.2614544162366683
13321	-1.0283814226833359	-1.1462443582216628
13322	-0.954143333016668	-1.0763208531283313
13323	-0.9327905892333342	-0.8583882154783331
13324	-1.0428751987333331	-1.3761690969800013
13325	-0.9363856804983393	-0.9486193453550037
13326	-1.0120038530649995	-1.2090526958749972
13327	-0.9730794400800096	-0.9520250397866677
13328	-0.8926662778166715	-0.7788493522666667
13329	-0.9172549476400054	-1.034904082936668
13330	-0.9918496383166708	-1.0159792881850018
13331	-1.0980365645966683	-1.299747777076663
13332	-1.0950676492833382	-1.3092475551783305
13333	-0.9673048050666677	-1.013478625099999
13334	-1.1090612639166677	-1.3939307698000045
13335	-0.7675311595916692	-0.7643235987333344
13336	-0.973910860750001	-1.1113611112499968
13337	-1.0327055783250016	-1.183358451766667
13338	-0.6928095082333331	-0.5643916446816647
13339	-1.0502982964666698	-1.154677165446667
13340	-1.1500599412450052	-1.2508662494683327
13341	-1.0116173536750044	-1.082435584324995
13342	-1.1047682816666626	-1.3922448509850014
13343	-1.0142012637933404	-1.1157054308366618
13344	-0.8804711612833289	-0.9768215980849992
13345	-0.9278088550916699	-0.9629193108216568
13346	-1.1372101081533377	-1.2672955936766654
13347	-1.1035456981433305	-1.365222855813331
13348	-0.9826807927166707	-1.1352878977833316
13349	-0.9485085190649981	-1.1485003931916684
13350	-1.0807680643649962	-1.2563253248283333
13351	-1.0077639407166676	-1.1748544830716683
13352	-0.8069737703000013	-0.8590080430266672
13353	-0.9639482068666686	-1.0601300657933341
13354	-0.9172149755666712	-0.9312261358516642
13355	-0.9226977114333357	-0.8372094872516676
13356	-0.9207964256333279	-1.013604315126666
13357	-1.1082722683333361	-1.5191434222550024
13358	-1.0307479661383414	-1.1110739298166683
13359	-1.3056805717833284	-1.6131107222333319
13360	-1.0336349375016685	-1.1134648320399994
13361	-0.8702124956916673	-0.9210025241949956
13362	-1.078153924925	-1.2889779924366682
13363	-0.9629973436899986	-1.0902653204266606
13364	-1.1260760750933396	-1.2490649147566693
13365	-0.9727504637750047	-1.0201921154649913
13366	-1.1520017131666687	-1.3203806591299958
13367	-1.2506573750000016	-1.389079705383338
13368	-1.0820692767333355	-1.3758534142449919
13369	-0.891821719541666	-0.8199607553550027
13370	-0.8772229079333315	-0.8887937837933303
13371	-1.2141779805383353	-1.3310040033666692
13372	-1.0040287096833322	-1.3496455581316684
13373	-0.8852504068750013	-0.7587263992950035
13374	-1.2989299401666674	-1.5554851921500055
13375	-1.2617345731366618	-1.5370531019050104
13376	-0.932104894230006	-0.9256513113650005
13377	-1.0969769309999913	-1.358765874790004
13378	-1.0853544602666652	-1.2511998497366636
13379	-1.0637279624566687	-1.261137620548332
13380	-1.0104075205683383	-1.1347641372600035
13381	-1.099094364483334	-1.3209548302599956
13382	-0.8790734873333323	-0.8941226981683325
13383	-1.1719204026500039	-1.4076625961133327
13384	-0.9439444625333377	-0.8705014696783331
13385	-1.0765508862316713	-1.2270858379699907
13386	-1.1919604769333358	-1.5083733512733353
13387	-0.9726719256583336	-0.9386491406666699
13388	-0.9385195001583365	-0.9450745465483359
13389	-0.6860224909983388	-0.6322108966216685
13390	-1.1559483078166672	-1.350333316830003
13391	-0.9599525290083346	-1.153943056668337
13392	-1.0447234822499998	-1.3254011881333332
13393	-0.9203863977750032	-1.1373780747266673
13394	-1.2818502336616664	-1.5519335352833348
13395	-1.007349621349997	-1.1304373622249981
13396	-1.0918856171666662	-1.157860115343331
13397	-0.8749834133166683	-0.9739947534833313
13398	-1.2606031452983366	-1.424136994116672
13399	-0.9021697337999989	-0.7696002788266669
13400	-0.9531784771833337	-1.1614872348550012
13401	-0.9842592530833429	-1.0238980951749943
13402	-0.8969916859499999	-0.9775133913499984
13403	-1.0786333302783406	-1.1782891897999974
13404	-1.2590854194999974	-1.5777474972833352
13405	-0.9916577285833307	-1.202894506901667
13406	-0.9666879089000044	-1.0730762343616642
13407	-1.175216546333333	-1.3926013342366699
13408	-0.5380778363499996	-0.3508073281999995
13409	-0.6062449839333344	-0.43737160204666664
13410	-0.8251734046166679	-0.7833688358266662
13411	-1.1046639277000052	-1.2996858545316639
13412	-0.8272893319750019	-0.7692284981216692
13413	-0.9297078911933451	-0.9593109319766645
13414	-1.03822663368333	-1.2018368880666628
13415	-1.1635010191133375	-1.2966054112666712
13416	-0.8035158221666664	-0.5871928779466676
13417	-0.817622902025006	-0.8297066596450039
13418	-0.7561539976333325	-0.7122575752333344
13419	-0.9679189662050128	-0.9604935927100012
13420	-0.9763075527999983	-1.1535326665133354
13421	-1.1512979751166679	-1.4587183260133307
13422	-0.9142103958750043	-0.9974040277216689
13423	-0.9229757734916734	-1.0517151457766674
13424	-1.0081633190416743	-1.014429751693333
13425	-0.594807365191666	-0.41635727780500037
13426	-0.8782757567650078	-0.8848636034466663
13427	-1.0176243872350084	-1.1461536054883297
13428	-1.0543567915833363	-1.132876677333333
13429	-1.1855825677316634	-1.4569198057650012
13430	-1.1052461962216622	-1.3612919557100014
13431	-1.0438278282000004	-1.3717836583600005
13432	-0.9643463715533418	-0.9319825278966675
13433	-1.0025683913133334	-1.1787282760266657
13434	-0.8457268223666635	-0.8112956383583335
13435	-1.2183299981566684	-1.4022077101466723
13436	-0.8965970905366739	-0.9526697418549985
13437	-0.718048585648335	-0.5812887103316665
13438	-1.1153568213333362	-1.5417121180616693
13439	-1.0245438814016743	-1.1511062392900022
13440	-0.8487683218266683	-0.782090663216669
13441	-1.1069226752833317	-1.2896185227416637
13442	-1.0377560806500044	-1.3640685977099982
13443	-1.2147736792166686	-1.3804961684100059
13444	-1.2455868948333315	-1.4602863053233366
13445	-0.9908294209500044	-1.1328086478500021
13446	-0.8972662126833302	-1.0044247759350007
13447	-0.9821937097166644	-1.1392203009216648
13448	-1.1557303619500001	-1.405409257765006
13449	-0.9236940343583366	-0.9240277282199986
13450	-0.9837856220666688	-1.2538606614799974
13451	-1.0118339592666727	-1.147484833566665
13452	-1.0607143061150024	-1.229522592236669
13453	-0.9171273186166679	-0.9354289112149954
13454	-1.0728762599499952	-1.3253309558599986
13455	-1.1314405833033327	-1.3216436161833345
13456	-0.8414854102766699	-0.8181210405199998
13457	-1.0469575679416685	-1.180902265708331
13458	-1.0480420773333377	-1.1125286451899885
13459	-0.7427444280383357	-0.5718351192449994
13460	-0.9361958076983357	-0.9135804894466717
13461	-0.5645088362333323	-0.39766089036166735
13462	-1.0826733313466665	-1.3462097686433339
13463	-0.9242989088083394	-0.917389037428334
13464	-0.9154514276066738	-0.981998766748332
13465	-1.1902805108216636	-1.4392485039250031
13466	-0.9089147321083316	-0.9776400422466626
13467	-1.150690517966667	-1.447160586521668
13468	-0.9349634428149982	-1.0090447929116613
13469	-1.080306765848329	-1.2804181350000001
13470	-0.9981566179499979	-1.1651398103000001
13471	-1.1260585498199975	-1.3633067102766714
13472	-0.8064922376716759	-0.7870951326050001
13473	-1.056342371633331	-1.1871676045916695
13474	-0.9510760904533421	-1.0021697302533328
13475	-0.5660380581083327	-0.39131786856833206
13476	-1.1425882010500004	-1.4294118662833364
13477	-0.9071451660499955	-0.9527548144683304
13478	-0.963771327133333	-1.0782446486466641
13479	-1.035787287210004	-1.138204201189995
13480	-0.8877653153000014	-1.001546754880001
13481	-1.02489387903167	-1.0579263952566664
13482	-1.045464368930008	-1.0979419008200009
13483	-1.0711746343466704	-1.267200932830001
13484	-1.1121222305833263	-1.3379601604633302
13485	-1.102341375265	-1.1993487004849985
13486	-0.8050508126166693	-0.8762700071766675
13487	-0.9350121629166667	-1.0173665597966621
13488	-0.8178505870150038	-0.8529795849000017
13489	-0.8782702192249973	-0.9160894391049987
13490	-1.274118963429997	-1.535717446186671
13491	-1.0155386710333372	-1.133293866120001
13492	-1.2075626893566647	-1.4320280930000038
13493	-0.9884167451100048	-0.9723927991000036
13494	-0.9528874005333389	-1.0795082794049957
13495	-0.8488436482000009	-0.8164654769466686
13496	-0.5840351715500007	-0.394025160391666
13497	-0.9942276719716743	-1.010471197189999
13498	-1.0817629544766671	-1.2153715761383277
13499	-1.2055412315916612	-1.4985907983749984
13500	-0.9436175608916708	-0.9951847476116666
13501	-0.8230671971733341	-0.7276149292033348
13502	-0.9400496625666688	-0.9077022135733323
13503	-0.7144265039916703	-0.6249767073966671
13504	-0.7663639310333352	-0.7126183616966641
13505	-0.9242049393316691	-1.0361829551199986
13506	-1.092729684600011	-1.232131637589992
13507	-1.0661034382383392	-1.1304093602666634
13508	-1.0112775056083374	-1.1507901998083303
13509	-0.9115702350233404	-0.9147564901116653
13510	-0.8182152339566707	-0.8463730348250033
13511	-0.9862103409816617	-1.1892994296216632
13512	-0.8273443441649999	-0.5596914622499998
13513	-1.0730196046833362	-1.1693069645366634
13514	-1.1975820234999979	-1.458863873556666
13515	-0.9372267889500031	-0.8477892860100049
13516	-1.0073870524833366	-0.9307352416166647
13517	-1.1646778217833362	-1.4853061231133284
13518	-1.1740237692333293	-1.4682387166400024
13519	-1.1344083643550018	-1.1962119988600026
13520	-1.0760500419000036	-1.2585242112933308
13521	-0.9404478093983366	-0.9782561228816649
13522	-0.9378393285416738	-0.9470886451216636
13523	-1.0242358824999944	-1.1225858600299976
13524	-0.8898938013333344	-0.9269787584483268
13525	-1.0111647625366649	-1.188461746874997
13526	-1.0493204468083304	-1.2314489609533328
13527	-0.8597103377250005	-0.9403063510266695
13528	-0.6754540264250007	-0.5344879486666677
13529	-0.9743390911250069	-0.9870226970966711
13530	-1.207391108266667	-1.5605687697633426
13531	-1.1622079416866598	-1.387169772333332
13532	-0.6882782419166691	-0.4453498627333332
13533	-1.0285293555333335	-1.3514304049133308
13534	-0.90900146909167	-0.7508796030900005
13535	-1.2364041754450004	-1.4177391198766682
13536	-1.0816891676300064	-1.209491214800001
13537	-0.9517053944499976	-1.0949520129883283
13538	-0.6088404066749994	-0.382324727993332
13539	-0.9606712039533445	-0.9662895341000006
13540	-1.078275156340002	-1.2422200220416655
13541	-1.106439251633335	-1.4280005504266624
13542	-0.8624128185083351	-0.7740116964700045
13543	-0.978671845300006	-1.063421699561669
13544	-0.8549867136000007	-0.6517761828166676
13545	-1.0609735657166741	-1.2035446910266647
13546	-1.2264259073333266	-1.4645285113866688
13547	-1.256958864879999	-1.51116372554833
13548	-1.268038992383334	-1.5791820989633392
13549	-0.7426067943650023	-0.6753598234500018
13550	-1.083384663673332	-1.2146895794250032
13551	-0.5685690322583342	-0.3666178685216651
13552	-0.930647406616666	-0.9120951319000007
13553	-1.014664472083329	-1.1140545507233333
13554	-0.6812644923833328	-0.6196213693233332
13555	-1.092969961128337	-1.2293647732466697
13556	-1.0822641295149988	-1.3016988600600012
13557	-1.0212945655666779	-1.0450599258499966
13558	-1.0650150915883407	-1.197450877321673
13559	-1.1594952767999984	-1.440132036101669
13560	-0.8934145870650017	-0.8628923695100008
13561	-1.2207117060333337	-1.5834954312083358
13562	-0.8291188173950041	-0.8716322363283325
13563	-1.2203274358333314	-1.4557245340566711
13564	-1.2444355441666677	-1.3730378867833342
13565	-0.8908618829150057	-0.9395695421383292
13566	-1.2274378993316664	-1.4887654673866642
13567	-1.143046536413332	-1.3645656377266684
13568	-1.0480608751833331	-1.2043491389966694
13569	-0.7131311849333386	-0.709943279831668
13570	-1.087291358766666	-1.2898836017949957
13571	-1.1594635832666698	-1.4193912449783315
13572	-0.9119587007050117	-0.9162293344566662
13573	-0.898960723316667	-0.9525816139966639
13574	-1.0753319684333345	-1.0403977709200003
13575	-1.0774066073450006	-1.1195600216216697
13576	-1.133352394783335	-1.328464816816663
13577	-1.1243007880666696	-1.3450204082416624
13578	-1.177134101803337	-1.3723663723666624
13579	-1.0284930229283447	-1.1648435013033376
13580	-1.1215448848999996	-1.359902336164996
13581	-0.7578532680333379	-0.7132682843300007
13582	-0.9221321681400039	-0.8735647901766678
13583	-1.1117844862000015	-1.399236181363333
13584	-1.1189932212350002	-1.312583827043335
13585	-0.9944552267333348	-1.1833418240266695
13586	-0.7393559867666682	-0.6803796235516694
13587	-1.0238352476333346	-1.1454534675016608
13588	-1.101979214133334	-1.532309392058338
13589	-1.1804222818666652	-1.3953282462766652
13590	-0.9028230446499994	-0.7662067128166691
13591	-0.9181152026833318	-0.9526028368116706
13592	-1.044482685449998	-1.4231852755633319
13593	-1.1055135460166627	-1.341105944639998
13594	-1.1987429865149943	-1.4593242860550026
13595	-1.1899886502166694	-1.4085960532983393
13596	-0.49064332241666714	-0.21383152017666643
13597	-1.1047456657150019	-1.4474327352133365
13598	-0.9197753961883359	-0.8793694338149978
13599	-0.6895376021916707	-0.626087574741665
13600	-0.9283582156833323	-1.0937736955133344
13601	-0.674194533805001	-0.5694517996166636
13602	-1.0810820163183361	-1.256495026833333
13603	-0.9825564115999956	-1.268562435434999
13604	-0.9959882145366766	-1.0569759477516698
13605	-0.999861253136675	-1.0981397128316706
13606	-0.9993031540083357	-1.1552743391366673
13607	-0.8706999971749959	-0.9879961962900008
13608	-0.9088466403683353	-0.8813428927900007
13609	-1.1888738943833312	-1.4404088577300038
13610	-0.7331981159333345	-0.7107822389899976
13611	-0.7701153775749997	-0.7810774875200011
13612	-1.0609522904333402	-1.269760763924999
13613	-1.0244404351750043	-1.114725442313333
13614	-0.8638962235416685	-0.9890665515100036
13615	-1.0047645782333363	-1.1635067594183308
13616	-0.9905485475499979	-1.0987707416916597
13617	-0.7049444583333364	-0.6144493775350001
13618	-0.971993146283332	-1.0354042674533364
13619	-1.1322353466983333	-1.363345225561668
13620	-0.9384932935333359	-0.9801213057833337
13621	-0.971327127175003	-1.0421894017416702
13622	-0.9853521325666706	-1.0862363983649923
13623	-0.6645616877833339	-0.43262570393666555
13624	-1.0044288606116707	-0.9295524659300018
13625	-0.9415259666916658	-1.0407126790299963
13626	-1.007550310850001	-1.2677436473800023
13627	-0.918770675891673	-1.0048734725799957
13628	-1.1374469833633365	-1.3280169959283348
13629	-1.1268606547033353	-1.2932524994299976
13630	-1.1657898598333338	-1.3813269607833332
13631	-1.0712766358450054	-1.1610960646483346
13632	-1.196558509733337	-1.4282972763299937
13633	-1.0502232610916706	-1.1549669115666699
13634	-0.6928527707250015	-0.638822017409999
13635	-1.144628877366666	-1.4681166434500053
13636	-0.9687765163566712	-1.0414068632333358
13637	-1.1363948149833338	-1.2801752990533313
13638	-0.8147325080083322	-0.7341694371
13639	-0.8316220481666662	-0.9584638154666703
13640	-1.1198706421650053	-1.3050089738116686
13641	-1.080258709848336	-1.1720293430666622
13642	-0.8194418537900026	-0.7581681253049997
13643	-0.9902184713566778	-1.081962359148333
13644	-0.911457424983337	-1.0260892594633364
13645	-0.8313429055033376	-0.8504902737350006
13646	-0.86017282283667	-0.7475819721933346
13647	-1.0726441810350065	-1.1923480808633362
13648	-1.114424194270002	-1.2906124477233316
13649	-1.0688269209033394	-1.197498118066668
13650	-0.8725118481250026	-0.9134823760416615
13651	-0.8309537333316686	-0.8616469152233344
13652	-1.1840906531483375	-1.2340117649333375
13653	-1.2055333512333322	-1.4500651641483355
13654	-0.9559505255083467	-0.9442344472116647
13655	-0.686909292325005	-0.5934413587666683
13656	-1.0989728913833385	-1.3543760069033288
13657	-1.095865425110008	-1.2360781070650022
13658	-0.8616092886649999	-0.6966284193500005
13659	-1.0287074952250066	-1.040943030434997
13660	-0.6790880382833325	-0.5662257517883338
13661	-1.19794019506666	-1.5290077778766742
13662	-1.2353738036599988	-1.432461627915008
13663	-0.7782566356416663	-0.5533521804016687
13664	-1.207693533483333	-1.3715476742250046
13665	-1.2133157293166692	-1.4505044571933343
13666	-0.9347417877466674	-0.8797886000933354
13667	-0.6948717241616723	-0.6074523786583365
13668	-1.1403653433166623	-1.4130584291166712
13669	-1.2392900294999991	-1.5322549495233362
13670	-0.8760135447816776	-0.8962574132099952
13671	-1.085851702416667	-1.3058787319266645
13672	-0.9187215907333344	-0.8927994793999998
13673	-0.8762625272583335	-0.8740516297566707
13674	-1.0681351606166727	-1.248127115768327
13675	-1.1796417389300016	-1.4106351645866693
13676	-1.014852657950001	-1.3776603873366635
13677	-0.9625259613483381	-1.0150161406483345
13678	-1.0175909974666695	-1.061476422891661
13679	-1.0096964223166722	-1.1135957453333325
13680	-1.1046711476916644	-1.2458658913266638
13681	-0.923689982028337	-0.7958052292766631
13682	-0.7130347448500015	-0.5514615055200001
13683	-1.0054073075283376	-1.108492554363333
13684	-0.9767853152150018	-0.9928270019783376
13685	-0.9410306256316734	-0.9922372369799949
13686	-1.1603911548900048	-1.3333730672366686
13687	-0.9787089450416651	-1.1395180248733356
13688	-1.2379269041666647	-1.4748216331933341
13689	-1.1288900132616693	-1.314146194130002
13690	-0.8869417347283399	-0.9503933790350012
13691	-1.059485589600001	-1.1051816355100021
13692	-0.9216349571883428	-0.9134817710916698
13693	-1.1279383220916634	-1.340487829698334
13694	-1.0303236294833304	-1.2169071821699982
13695	-1.1057054487333404	-1.2935948001299926
13696	-0.8686647631383365	-0.9457517692633264
13697	-0.7198820749583367	-0.6226117191000006
13698	-0.9741408480000079	-1.0502617299483317
13699	-1.1360033085166619	-1.3808246756149978
13700	-1.0625183594083307	-1.2753259068866694
13701	-0.8885893232166645	-1.068994704193338
13702	-0.9203847841466707	-0.9406644498599961
13703	-1.0900637354916798	-1.2225200081749994
13704	-1.0498347125499996	-1.4407431140166684
13705	-0.9988066971500017	-1.0811382222183292
13706	-1.0482372984750041	-1.1154153269866736
13707	-1.2336935730000003	-1.5255069711983376
13708	-0.9419512874133338	-0.8946375540966672
13709	-0.9715355845666697	-1.049912086456665
13710	-1.1666425023033316	-1.4051766714966685
13711	-0.8506157835750007	-0.7934612295500026
13712	-1.0657624916500041	-1.1610487799333342
13713	-0.9409206165999943	-1.0942088955166664
13714	-1.0041849074583376	-1.085925567185004
13715	-0.9124250471400013	-1.0184281716100017
13716	-0.9234677292916622	-1.0627626220433353
13717	-1.1807312869150048	-1.3072162351899985
13718	-0.736790555558335	-0.5924467540083338
13719	-1.0335573798749955	-1.2702783633733377
13720	-1.1173639671633355	-1.2981739264299994
13721	-0.7253987221250028	-0.6371720754516683
13722	-0.732961194116667	-0.6579167260333338
13723	-0.7465747927266678	-0.6150146114933319
13724	-0.9621725396166649	-1.137392581031668
13725	-1.3035970133999997	-1.6383391265000011
13726	-0.9632042992133334	-1.0586532746183333
13727	-0.720234201653333	-0.509392238333332
13728	-0.953598526433336	-0.90370824428667
13729	-0.9205765690716686	-1.0171713789133296
13730	-0.9771328058283378	-1.1079699659083324
13731	-0.8342732059416649	-0.8591921343266645
13732	-0.7214802387833403	-0.6902455849633362
13733	-1.2001043049983264	-1.4587269174350006
13734	-1.0706090476716732	-1.1529710133799975
13735	-0.9521806494333347	-1.048568069201668
13736	-1.1218344756416687	-1.2172136400349935
13737	-0.9821753049749956	-1.2161315368333343
13738	-1.1151874019316734	-1.2963503150883307
13739	-1.0530922410616717	-1.1537411643933335
13740	-1.0781614279366682	-1.2344377867783332
13741	-0.8874539182166645	-0.744128716416668
13742	-1.0748828914666717	-1.1091802119416676
13743	-1.0054268674333344	-1.420755312233335
13744	-1.1418166725666576	-1.4001004934600112
13745	-0.9402212465499965	-1.0668439402200005
13746	-0.8219468963083332	-0.8767181264766655
13747	-0.9006296974366713	-1.004623358821666
13748	-0.8268106645583321	-0.8653426264999994
13749	-1.0979472295916657	-1.2404327320099964
13750	-0.6216698674666695	-0.5399215172816687
13751	-1.2258212641666641	-1.6029491716666646
13752	-1.0733077186783413	-1.18001956831667
13753	-0.7292998598566689	-0.7204829633716657
13754	-1.0313112926866719	-1.0710432651983293
13755	-0.7487031728500035	-0.6782014360750028
13756	-1.283720133349999	-1.557979281733333
13757	-1.188327294083332	-1.381085375350003
13758	-0.9032183329483368	-1.0034286852433283
13759	-1.0921291536166704	-1.2893214582833306
13760	-0.9872049327150054	-1.0259213959783318
13761	-0.9846509502833375	-0.8683370531066689
13762	-0.9784168667583418	-1.0605149928433395
13763	-1.0016521927316688	-0.9218136156266655
13764	-1.0479061942000087	-1.1228473069816685
13765	-0.9705607054333354	-1.028493965601663
13766	-1.0992128071000073	-1.3876248065299976
13767	-0.8778318083666768	-0.8342496690299975
13768	-0.9314808010749984	-1.0991074110399977
13769	-0.9938903437216744	-1.0767858263750028
13770	-0.8712939612416691	-0.6901658360900005
13771	-1.0574224302416713	-1.185242807406664
13772	-0.6566061842583345	-0.4448064736116656
13773	-1.0542738609500077	-1.159847378291663
13774	-1.0362789948499946	-1.2547872483900053
13775	-1.1023343199666686	-1.536705834350005
13776	-1.1307741653666683	-1.2647828581466654
13777	-0.8219822854833334	-0.9040427945983346
13778	-1.018309629603342	-1.0541636578083344
13779	-1.0453695893683457	-1.1165517765850042
13780	-1.013277819200004	-1.1581712569283336
13781	-0.9147201100266721	-0.9350243106066725
13782	-1.1830073411516644	-1.417364134443335
13783	-1.1306941842150042	-1.3619946968466599
13784	-1.2247339964316664	-1.5462794596666705
13785	-0.7424282408583329	-0.6387965797516654
13786	-0.9396430538650042	-1.0320644180049998
13787	-1.082301872840003	-1.2274634067383365
13788	-0.6853916653666731	-0.6206578202250006
13789	-0.7886012851666672	-0.8177352800350045
13790	-1.1590857993316732	-1.33293837165833
13791	-1.0735561513633356	-1.1803622998166698
13792	-0.9048393810916734	-1.0146960085183319
13793	-1.2767852008633362	-1.53375625332834
13794	-1.0637925371200008	-1.2329339800899997
13795	-0.8525363977166684	-0.9044796640299975
13796	-0.7827851993166706	-0.7803411261866653
13797	-0.7494643204833368	-0.72308249978
13798	-0.764696784191668	-0.7237867355500045
13799	-0.8727279277166654	-0.8556849914666639
13800	-0.4473287618333343	-0.14664416945999986
13801	-0.9268102566333344	-0.951808197516663
13802	-0.8155359234333328	-0.8144203076966657
13803	-1.2181278276966596	-1.4714665769616686
13804	-1.1706483113666708	-1.3455736638183358
13805	-1.1065864185333325	-1.4912631239166712
13806	-0.7046949036066711	-0.6632100096266667
13807	-0.863484543316668	-0.8865505216566663
13808	-0.5278600192499991	-0.28892605544666755
13809	-1.0487987978833322	-1.2614824872183295
13810	-1.1699232363649987	-1.337095286371669
13811	-1.1330407299816692	-1.299112994400003
13812	-0.9604631354916683	-0.9896361318733305
13813	-1.1393841292166635	-1.5314106386233326
13814	-1.172514644800005	-1.4736391230633352
13815	-1.0942182100183406	-1.2639362158100005
13816	-0.9408433250133338	-0.8579340975183333
13817	-0.9242645933666688	-0.9546655094099974
13818	-0.892421541958337	-1.000384412033328
13819	-0.7209969072083359	-0.5028404905766651
13820	-1.1133625632666646	-1.3785026687333282
13821	-1.0323113938233335	-1.1855551432433367
13822	-0.8338276324250007	-0.7786380952633337
13823	-1.0254696229983364	-1.1379833059716677
13824	-0.8945495769083364	-0.9323697313266633
13825	-0.7765024379200007	-0.6776862708949999
13826	-0.9833911069999998	-1.193954127846666
13827	-0.8486199478666637	-0.7564258581766647
13828	-1.060184070924994	-1.233399647548329
13829	-1.1517708891666691	-1.4495084042499973
13830	-1.0685035257499984	-1.2740708107099985
13831	-1.0619085472999998	-1.1066911788233325
13832	-0.8413657114550029	-0.8881033053099967
13833	-1.0439434354000081	-1.1498940730266693
13834	-1.2016709421333374	-1.375429796085003
13835	-1.0809541701766723	-1.1910883483300012
13836	-1.1031997376883325	-1.2815219392433292
13837	-0.9001803517749996	-0.9836773438833356
13838	-0.9814387851499976	-1.1370501028716629
13839	-0.8339310712333321	-0.6102492665033344
13840	-0.990679151966672	-1.1109170380033293
13841	-1.0440775482333349	-1.2796998666649986
13842	-0.9058391274333353	-0.831725774230001
13843	-1.0997569842483335	-1.2504331167749951
13844	-1.0454968184666664	-1.1592028712733287
13845	-0.9395274732999992	-1.1334364830116677
13846	-0.8314857259066718	-0.8302556049149981
13847	-0.965804806816664	-1.020025544158335
13848	-1.028902256683336	-1.1499242956483295
13849	-1.0503436099466708	-1.123718302284999
13850	-1.0573799136249955	-1.3081955822350015
13851	-0.9757515724500027	-1.0697717926049946
13852	-1.0666052514150024	-1.161062589473324
13853	-1.1254625980049975	-1.2240028332666641
13854	-0.9384202322833302	-0.9898276997649956
13855	-0.7843070063666658	-0.5829971259266663
13856	-1.0823553981116731	-1.2501776666183344
13857	-1.0070040803150047	-1.1296934059733308
13858	-0.9986450617683413	-1.067806253601672
13859	-0.7241664157566694	-0.6550628341983357
13860	-0.9259448894066715	-1.0125689559349997
13861	-1.0524020968000014	-1.2007836594166654
13862	-0.9817708002000013	-1.1032300832383322
13863	-1.065641197866673	-1.206045370978334
13864	-0.7855066056633349	-0.7346332437150015
13865	-0.9770986817500033	-1.0832332685900012
13866	-1.045941890150004	-1.2441853023416622
13867	-1.008474031233332	-1.1589024460900008
13868	-0.8586405278000041	-0.9255513046999995
13869	-1.1998669565749978	-1.3530475363516674
13870	-1.0107487279916687	-1.1663013951866625
13871	-0.8369889980816668	-0.9124507896816659
13872	-0.9480467908500082	-0.9243732021649974
13873	-0.9265511196416667	-0.9752469939383288
13874	-1.133812127811667	-1.3864370894716667
13875	-0.8174829139833311	-0.8566004717549973
13876	-1.1328887372499958	-1.412232599141669
13877	-0.5955668756500018	-0.4071895647233326
13878	-1.1959050112516714	-1.3504478043166739
13879	-1.1139349960550013	-1.3777344361483312
13880	-0.9171277808000019	-0.9384116981066686
13881	-0.669637867635004	-0.5670747700933332
13882	-0.8778790169216703	-0.863816456301668
13883	-1.159253620680003	-1.354145420116666
13884	-0.7438727323416681	-0.7149953518833326
13885	-1.1168032051633334	-1.288407950248325
13886	-1.245265853053336	-1.3947021034333342
13887	-0.8643058686250017	-0.8946978235999944
13888	-0.7725682642000022	-0.7421572392966628
13889	-0.7134819106250017	-0.6534455310799995
13890	-0.9604170554316698	-0.9195732554899998
13891	-1.2965834081666674	-1.4666953831833367
13892	-1.1209318541666677	-1.5389447818733324
13893	-1.0974395412833304	-1.2489044446066648
13894	-1.0541730944500005	-1.4984793328383272
13895	-1.1905375510133325	-1.504240086948337
13896	-1.0411851698833365	-1.2368989161333288
13897	-0.7053345346083372	-0.7170964211866682
13898	-1.0163407738500065	-1.1334227449249976
13899	-1.2386515041250037	-1.4349701469916727
13900	-1.0907472449516664	-1.2766059990049983
13901	-1.1140565938000027	-1.2244623219299984
13902	-0.7926181488833358	-0.8370103201566685
13903	-0.9482950270916741	-1.0892488278833283
13904	-0.9319163804616736	-1.0221088835899972
13905	-1.2376739578666622	-1.489022745341665
13906	-1.1560562858683359	-1.4009835796499965
13907	-1.053955391358333	-1.1491239732383316
13908	-1.0263400451316682	-1.1716283016066689
13909	-1.1912907865749953	-1.4708293589766708
13910	-0.9814620814150102	-0.9589187216683311
13911	-1.0362948599866646	-1.2544336001816685
13912	-0.9798643256600031	-1.0976469741500043
13913	-1.030838552215001	-1.1947288057683287
13914	-1.0419774154033383	-1.1269711993800031
13915	-1.1170067337833327	-1.4063492266583335
13916	-1.3102356761666654	-1.5611186888333357
13917	-0.8383638717100023	-0.8460293919966645
13918	-0.9524504812866698	-0.8959894118200031
13919	-1.0221672376166673	-1.4473689117000028
13920	-1.1385206495666715	-1.3903889847050022
13921	-1.0557764765733393	-1.117001322598336
13922	-1.1510371170416709	-1.3432255815350012
13923	-0.9133627752466702	-0.9159328972133327
13924	-0.9005950552433358	-0.8607578966850032
13925	-1.0306382901983333	-1.2570808729183407
13926	-0.8874568390166659	-0.9451807764233323
13927	-0.8830658111333409	-0.8791940260499986
13928	-1.2287295628299952	-1.4660888668600007
13929	-1.1151295114333402	-1.3680845193233293
13930	-1.1486347240666617	-1.4685676726183374
13931	-1.083097695441672	-1.2085949762033321
13932	-0.901395211133333	-1.0871620861250026
13933	-1.1578545659666675	-1.5371752160833347
13934	-0.9810809434000074	-1.0609453119916654
13935	-1.1193472733333338	-1.2450828753866698
13936	-0.9993013428633389	-1.0768572246966697
13937	-1.1013641207799982	-1.363458693130001
13938	-0.8068407141700052	-0.7728941185649945
13939	-0.8060555868333352	-0.8189698071733353
13940	-0.9924531714333341	-1.0562259751949994
13941	-0.8761358325650017	-0.8358073065266679
13942	-0.8794046076583377	-0.9969695927650031
13943	-0.6171383904650021	-0.5101099925933311
13944	-0.9459771516166673	-0.9795430230299953
13945	-1.0777081297666682	-1.4294999152233319
13946	-0.956118788956673	-0.9909945845799918
13947	-1.0589766385566712	-1.2129661504716664
13948	-1.0764605289166658	-1.448369894396669
13949	-0.7935356852166671	-0.7548786008833315
13950	-1.1560644816999972	-1.4485681821900025
13951	-1.162616429716674	-1.295060713793335
13952	-0.8533369422333318	-0.9183912053416606
13953	-0.8305210482666653	-0.8703821096349997
13954	-0.7612373915166682	-0.656630233598335
13955	-1.0573927612550038	-1.1845083150450006
13956	-1.2730076231633305	-1.5340661047499955
13957	-0.9437987912483339	-1.0054874772733302
13958	-1.1643023486166673	-1.5857686081816706
13959	-1.198365985331667	-1.431300668490005
13960	-0.7314676686916676	-0.6020713766766663
13961	-0.9731884256833397	-1.0727128372516719
13962	-0.8214918102250003	-0.8311803579966647
13963	-1.0665680750166693	-1.4905370940100056
13964	-0.8381123082500002	-0.8890365888583366
13965	-0.8871819594616686	-0.8212313489350007
13966	-1.0877429403166725	-1.1529594310483302
13967	-1.0175685875499985	-1.2318873411166626
13968	-1.1963896184833327	-1.3926759608866688
13969	-1.181380605333332	-1.546994012915004
13970	-1.0875910420266726	-1.2272148420666658
13971	-0.8859690747166679	-0.8509357904483297
13972	-0.9070505198250048	-0.9038960851183349
13973	-0.9670646224499989	-1.1130968612216683
13974	-0.5942791652249978	-0.43850662436499943
13975	-0.9557386310616676	-1.015622569281665
13976	-1.0995892606000046	-1.5395942728166683
13977	-1.1127034439433365	-1.2761121357166683
13978	-0.9224129438999966	-1.0124805735566622
13979	-1.186202881633333	-1.473037534183335
13980	-1.0154012629400053	-1.138787357593338
13981	-0.9420340041166674	-1.0808267207499993
13982	-0.7201158245000003	-0.3549085952866669
13983	-1.1653026907566715	-1.3634644104133338
13984	-0.8903061600916669	-0.934948194804999
13985	-1.0814363243483331	-1.2344316255766612
13986	-1.0153329024933453	-1.0111278302583353
13987	-0.6851847077600025	-0.5972037197349982
13988	-1.0394986573000053	-1.2732958984166687
13989	-1.0896014391649997	-1.2594761491633308
13990	-1.033243181033343	-1.0154540593066674
13991	-1.0952193952483333	-1.3022637961866694
13992	-1.086767775285013	-1.1833825879599953
13993	-1.0469249101333327	-1.4917246508566668
13994	-1.0494627273350035	-1.2173418059083352
13995	-0.900845098650001	-0.8781698420416703
13996	-0.9053466955000057	-0.9015686900983346
13997	-0.8116813087250021	-0.7584781305033365
13998	-0.6238020193750016	-0.5214434059583324
13999	-1.1664381808166688	-1.2812132127333362
14000	-0.9420041371666679	-0.9160741061166685
