19001	-0.6504384	-0.47197651
19002	-1.159761322	-1.236026314
19003	-1.106698808	-1.296439031
19004	-1.084744727	-1.450202305
19005	-1.051056613	-1.261555562
19006	-1.176481313	-1.421173136
19007	-1.218942544	-1.422756665
19008	-0.956507892	-1.108300957
19009	-0.9968168	-1.154825338
19010	-1.095152583	-1.251431236
19011	-0.811801316	-0.681180022
19012	-1.140758044	-1.610275109
19013	-0.740372072	-0.675428734
19014	-0.705100722	-0.631614219
19015	-1.034879242	-1.127487875
19016	-1.034697791	-1.097076563
19017	-1.073981749	-1.414330973
19018	-0.832195551	-0.711310509
19019	-1.098162366	-1.23315087
19020	-0.981756561	-0.998858623
19021	-0.851080749	-0.552551443
19022	-1.159405528	-1.291710844
19023	-1.123372219	-1.327396039
19024	-0.929137291	-0.91437434
19025	-1.037654636	-1.211734703
19026	-1.130231943	-1.371461179
19027	-1.068913573	-1.196679111
19028	-0.975978969	-1.027663319
19029	-0.775004914	-0.748296398
19030	-1.009039179	-1.113474283
19031	-1.294704507	-1.50458414
19032	-1.14162584	-1.321552854
19033	-1.171569026	-1.269982419
19034	-0.757256717	-0.662243925
19035	-0.933998906	-0.924876367
19036	-1.150154644	-1.443822087
19037	-1.082666117	-1.213175635
19038	-0.544225525	-0.392204863
19039	-1.14085377	-1.35534088
19040	-1.225947355	-1.486726345
19041	-0.815291038	-0.545163103
19042	-0.547919799	-0.349984991
19043	-0.662850944	-0.57114605
19044	-0.883358026	-0.91069223
19045	-0.926444415	-0.992774104
19046	-0.993897946	-1.142403416
19047	-0.842408366	-0.861151042
19048	-1.141053308	-1.407163852
19049	-1.004684206	-1.080579852
19050	-0.957948596	-1.067237687
19051	-1.113653984	-1.493374425
19052	-1.183963714	-1.59579404
19053	-1.06230221	-1.384112417
19054	-1.023722521	-1.144066189
19055	-1.035692087	-1.17496358
19056	-0.999795814	-1.094449241
19057	-1.085067558	-1.255137555
19058	-1.008077592	-1.077778093
19059	-0.576328044	-0.435803812
19060	-0.808591838	-0.807319984
19061	-0.959590034	-0.950024593
19062	-0.979148447	-1.030772248
19063	-1.050754767	-1.401088054
19064	-1.246273383	-1.552963577
19065	-1.085513608	-1.236484046
19066	-1.010003762	-1.039422986
19067	-0.816420862	-0.650819449
19068	-0.932063136	-0.791021494
19069	-0.91292187	-0.987888957
19070	-0.664666879	-0.503946841
19071	-1.326717886	-1.582260452
19072	-0.540639254	-0.310336141
19073	-1.123062488	-1.26262219
19074	-0.838304206	-0.963885303
19075	-0.908320821	-0.704511895
19076	-1.002699099	-1.029768563
19077	-1.056810971	-1.132395023
19078	-1.113476667	-1.250629224
19079	-1.157306059	-1.397277745
19080	-0.936212356	-1.007506412
19081	-1.065566378	-1.175599103
19082	-1.038198435	-1.438389741
19083	-1.061487043	-1.193616321
19084	-1.077502931	-1.179913365
19085	-1.08444538	-1.440209071
19086	-0.80908827	-0.548039439
19087	-1.174778588	-1.410249006
19088	-1.136561036	-1.333421838
19089	-0.90276651	-0.969144945
19090	-0.966829691	-1.090554329
19091	-0.723352092	-0.68622849
19092	-1.189712938	-1.501893527
19093	-0.814702319	-0.683674018
19094	-0.850530507	-0.720067228
19095	-1.102719914	-1.306646462
19096	-0.948653725	-0.848692918
19097	-1.044682259	-1.107585495
19098	-0.912660679	-0.950877301
19099	-0.934392384	-0.894958173
19100	-1.070024899	-1.21550362
19101	-1.049975493	-1.219482302
19102	-0.96711468	-1.009683218
19103	-0.885703854	-0.871096627
19104	-0.996108738	-1.073352002
19105	-1.13810582	-1.396941179
19106	-1.028311319	-1.141223206
19107	-1.017843753	-1.098515573
19108	-1.15427206	-1.362278454
19109	-0.981999403	-1.069221793
19110	-1.061727248	-1.275948332
19111	-1.021348315	-1.118314892
19112	-1.08667815	-1.326854477
19113	-0.942873893	-0.963129095
19114	-1.009928874	-1.185310278
19115	-1.101455005	-1.340202894
19116	-0.965902627	-0.917515832
19117	-1.042917462	-1.187649529
19118	-0.685179455	-0.555177129
19119	-0.676589265	-0.293492114
19120	-1.031536708	-1.001939498
19121	-0.997185625	-1.14050721
19122	-0.83403003	-0.849721009
19123	-1.04861706	-1.216823075
19124	-1.173743996	-1.371957184
19125	-0.670061725	-0.552944024
19126	-1.002936926	-1.075745447
19127	-1.016889936	-1.127566194
19128	-1.084617574	-1.188011516
19129	-1.123916661	-1.190460881
19130	-0.878691474	-0.840069143
19131	-1.116467436	-1.159245473
19132	-1.188004642	-1.371722827
19133	-1.006507019	-1.229689837
19134	-0.888099646	-0.937650739
19135	-1.063103244	-1.280917281
19136	-0.811725495	-0.751596559
19137	-0.791195405	-0.747382641
19138	-0.795026296	-0.691907822
19139	-1.020129928	-1.053805285
19140	-0.996048274	-1.118303298
19141	-0.613457124	-0.506917899
19142	-1.153333934	-1.346997582
19143	-0.877172897	-0.939562892
19144	-0.726183283	-0.67370624
19145	-0.917971606	-0.923662919
19146	-0.933222311	-0.905878607
19147	-0.925180813	-0.916580794
19148	-0.887452619	-0.928314038
19149	-1.069895793	-1.208743954
19150	-0.866364114	-0.842919932
19151	-0.969680522	-0.962816981
19152	-0.671595356	-0.588761377
19153	-0.808174021	-0.618552522
19154	-1.010651472	-1.022854855
19155	-1.108633159	-1.228733986
19156	-1.04573226	-1.333651898
19157	-1.242482592	-1.46964555
19158	-1.241149492	-1.354684747
19159	-1.050508719	-1.463131993
19160	-1.151637975	-1.450497755
19161	-0.988670554	-0.95449005
19162	-0.918402166	-0.855949513
19163	-0.781726001	-0.687687545
19164	-1.096565213	-1.307364012
19165	-1.076991273	-1.333449082
19166	-0.986445412	-0.980730425
19167	-0.852191816	-0.888842745
19168	-0.716258713	-0.689027837
19169	-0.95440223	-0.965686797
19170	-1.087273733	-1.213683635
19171	-1.089748235	-1.242406908
19172	-0.772129448	-0.786918269
19173	-0.951482264	-1.024256244
19174	-1.125892054	-1.393222584
19175	-1.165840197	-1.488075591
19176	-1.023705339	-1.301138694
19177	-1.092173826	-1.296798167
19178	-1.065740561	-1.350574276
19179	-0.965640957	-1.08877431
19180	-0.904031183	-0.935700251
19181	-0.813496234	-0.713069716
19182	-0.474255119	-0.195535178
19183	-0.910402869	-0.987603468
19184	-0.800540066	-0.805342488
19185	-0.830724834	-0.843052155
19186	-0.908516863	-1.002125376
19187	-0.957840143	-1.060779814
19188	-1.06677091	-1.200699114
19189	-1.096526702	-1.223140379
19190	-1.052115916	-1.50685147
19191	-0.924973071	-0.814685197
19192	-1.14360539	-1.323583029
19193	-1.16990862	-1.396669094
19194	-0.950628895	-1.092697698
19195	-1.014578902	-1.253723475
19196	-0.911021604	-1.107108381
19197	-1.205632846	-1.324283866
19198	-1.109670464	-1.29164217
19199	-0.619459804	-0.483796734
19200	-1.162790909	-1.381343576
19201	-0.988941895	-1.072344941
19202	-1.062812188	-1.236885685
19203	-0.956074345	-0.959884198
19204	-0.729492607	-0.649343649
19205	-0.883896794	-0.870595542
19206	-1.212487136	-1.523871506
19207	-0.994795446	-1.08207997
19208	-0.981520698	-1.040952237
19209	-0.933372998	-1.025661822
19210	-0.889897396	-1.044488808
19211	-0.943743208	-0.964355113
19212	-0.997987641	-1.149160271
19213	-0.857105474	-0.955579097
19214	-1.25682197	-1.508363915
19215	-1.196094501	-1.350124538
19216	-0.965312695	-1.118180385
19217	-1.074534965	-1.314656787
19218	-1.043996087	-1.266106699
19219	-1.067033987	-1.169967066
19220	-1.168062881	-1.423976148
19221	-1.094909384	-1.272630408
19222	-1.095548984	-1.311942978
19223	-1.248105671	-1.433888205
19224	-1.333502112	-1.602721426
19225	-1.297258756	-1.606286522
19226	-0.695489652	-0.433516425
19227	-1.230066063	-1.502924407
19228	-0.791174365	-0.538915467
19229	-0.663268719	-0.564053867
19230	-0.862217994	-0.952289151
19231	-1.100931967	-1.233024222
19232	-0.810311463	-0.494926463
19233	-0.920846544	-0.936855852
19234	-1.095765702	-1.36650476
19235	-1.007708778	-1.172045491
19236	-1.190287308	-1.454890468
19237	-0.908979852	-1.116741203
19238	-0.600969408	-0.427517518
19239	-1.043825879	-1.204708529
19240	-0.976549752	-1.056392276
19241	-0.959158769	-1.044299417
19242	-0.916222509	-0.963096474
19243	-0.944474545	-1.088839777
19244	-0.843697126	-0.840178569
19245	-1.049019282	-1.40784945
19246	-1.036591149	-1.069402892
19247	-0.810844454	-0.755197406
19248	-0.869051088	-0.894740285
19249	-0.697153277	-0.496981829
19250	-1.150545628	-1.382033932
19251	-0.857620912	-0.699622707
19252	-0.944986598	-0.978171879
19253	-0.7032776	-0.583071648
19254	-0.847359618	-0.691494508
19255	-0.951381776	-0.97825299
19256	-1.076463969	-1.178529324
19257	-1.013109027	-1.092771965
19258	-1.218173969	-1.61429778
19259	-0.839660564	-0.851868228
19260	-1.037566234	-1.217024489
19261	-1.015079649	-1.181596552
19262	-0.990208291	-1.094179768
19263	-1.095454596	-1.16083345
19264	-0.926923199	-0.946706474
19265	-0.915593288	-0.90636326
19266	-1.127827705	-1.23761073
19267	-0.985204913	-1.339399058
19268	-0.895783417	-0.877572949
19269	-0.871769443	-0.819681783
19270	-1.072859758	-1.394472821
19271	-1.067919269	-1.265259342
19272	-1.100962415	-1.267933314
19273	-1.301437176	-1.587784181
19274	-0.992182742	-1.075990302
19275	-1.054746592	-1.145866577
19276	-0.988462256	-0.947186274
19277	-1.247241028	-1.550944085
19278	-0.553467187	-0.368447231
19279	-0.994747587	-1.157152508
19280	-0.954248518	-1.174247374
19281	-1.072706865	-1.295833589
19282	-1.118911188	-1.28639288
19283	-0.650311873	-0.493757595
19284	-1.038408717	-1.168309758
19285	-0.929367806	-0.822226184
19286	-1.229008488	-1.542001794
19287	-1.029923331	-1.169028632
19288	-1.13279081	-1.225656153
19289	-1.046261261	-1.191351983
19290	-1.085921218	-1.301671225
19291	-1.203886399	-1.433953699
19292	-1.10441124	-1.261372628
19293	-1.083076062	-1.266774367
19294	-0.916806828	-0.853979485
19295	-0.71687733	-0.645371768
19296	-0.906069477	-1.00970623
19297	-1.087778399	-1.333614322
19298	-1.006125546	-1.18214714
19299	-0.942003725	-1.090357822
19300	-1.071018991	-1.147530441
19301	-1.113740246	-1.1319313
19302	-0.609468042	-0.477081206
19303	-0.914520763	-1.022342575
19304	-0.6646587	-0.551043933
19305	-0.973633591	-0.843476139
19306	-0.991286333	-1.066156306
19307	-1.033460635	-1.132526202
19308	-1.111062972	-1.341192209
19309	-1.171947709	-1.488546663
19310	-1.083559488	-1.333794267
19311	-1.033323852	-1.08686585
19312	-1.018583698	-1.102365688
19313	-0.903834281	-1.056669312
19314	-1.098168261	-1.252706947
19315	-0.836059068	-0.889396165
19316	-1.197466634	-1.381402907
19317	-1.170447765	-1.447928126
19318	-0.848535478	-0.647854374
19319	-0.810001055	-0.778814166
19320	-1.163545292	-1.420651826
19321	-0.89197656	-0.93989677
19322	-0.809893246	-0.823528618
19323	-1.059483417	-1.230464761
19324	-0.888700076	-0.732591958
19325	-1.08022624	-1.285657275
19326	-0.883994936	-0.915246968
19327	-0.890981612	-0.983635363
19328	-0.877787439	-0.822713974
19329	-0.95185502	-1.031724965
19330	-1.114835738	-1.165776179
19331	-1.118786947	-1.44271375
19332	-1.167000389	-1.376769889
19333	-0.966699006	-1.163595025
19334	-1.044026731	-1.131627752
19335	-1.206754597	-1.467232092
19336	-0.997499608	-1.087276911
19337	-0.945665127	-1.031861412
19338	-1.187000075	-1.435744758
19339	-1.220461774	-1.515065113
19340	-0.949487427	-1.038325649
19341	-0.985258986	-1.209213762
19342	-0.807559126	-0.844858453
19343	-0.884458936	-0.739052823
19344	-0.868404071	-0.917768801
19345	-1.110877422	-1.276876142
19346	-0.994675148	-1.056048184
19347	-1.032221121	-1.239705567
19348	-0.673965898	-0.431613762
19349	-0.925397465	-0.920439443
19350	-0.853738202	-0.74788853
19351	-1.097805704	-1.199006074
19352	-1.06929986	-1.259400905
19353	-0.946181823	-1.065087961
19354	-0.953080851	-1.010729886
19355	-1.053348732	-1.239703424
19356	-1.05119106	-1.47579659
19357	-0.90832545	-0.901899897
19358	-0.935746967	-0.961572909
19359	-0.960864218	-1.097405987
19360	-0.910828039	-0.955902119
19361	-0.791141871	-0.871770641
19362	-0.875455246	-0.892640274
19363	-0.733540329	-0.700925534
19364	-1.092791543	-1.29379981
19365	-0.699528549	-0.64199352
19366	-1.128095864	-1.331511217
19367	-1.117136582	-1.239449169
19368	-1.19110229	-1.379202995
19369	-0.802001734	-0.773245829
19370	-1.148226389	-1.30138205
19371	-1.014346445	-1.145908545
19372	-1.028228485	-1.219382117
19373	-1.064643105	-1.215763451
19374	-0.879635895	-0.970721611
19375	-0.931329748	-1.079420048
19376	-1.149284395	-1.294086091
19377	-0.930624137	-1.068899656
19378	-1.213329948	-1.393287706
19379	-1.073016235	-1.198396729
19380	-1.008286667	-1.21447567
19381	-1.062913195	-1.297768604
19382	-0.953265371	-0.813343004
19383	-1.014268255	-1.076827296
19384	-0.870938094	-1.009122415
19385	-1.214172409	-1.429305517
19386	-1.064486239	-1.083685694
19387	-1.002894187	-0.995093575
19388	-0.933922858	-1.069418819
19389	-0.91270966	-0.932518898
19390	-0.61778071	-0.405083722
19391	-1.06396572	-1.258357204
19392	-1.089332128	-1.125005427
19393	-1.074462746	-1.239913501
19394	-0.924490582	-0.936022287
19395	-1.131014601	-1.315339165
19396	-1.070855956	-1.268302588
19397	-0.930688262	-0.921064195
19398	-1.200196072	-1.402824403
19399	-1.019987354	-1.066944992
19400	-1.015701375	-1.131321159
19401	-0.834701501	-0.662989642
19402	-1.263585169	-1.504360023
19403	-1.018456031	-1.178668414
19404	-0.873905775	-0.953639603
19405	-1.004840134	-1.171979962
19406	-1.020734167	-1.140933579
19407	-1.131019749	-1.309274854
19408	-1.07654433	-1.395164962
19409	-1.063136062	-1.260586754
19410	-0.956769828	-0.932964243
19411	-0.622291976	-0.490519833
19412	-1.144675691	-1.416724973
19413	-1.185397867	-1.396608776
19414	-0.894087299	-1.006045573
19415	-1.254598849	-1.538058311
19416	-1.061079014	-1.114708209
19417	-1.174655868	-1.423481292
19418	-1.124900944	-1.425807036
19419	-0.840909875	-0.868458374
19420	-0.974151668	-1.062039674
19421	-1.204751186	-1.466838318
19422	-0.962072803	-0.903970454
19423	-1.056836457	-1.31544401
19424	-1.010281376	-1.21361013
19425	-1.128737038	-1.285207655
19426	-1.026622289	-1.094939345
19427	-1.176662403	-1.469508668
19428	-1.10605332	-1.255588999
19429	-1.011124756	-1.087903555
19430	-1.193248998	-1.509855244
19431	-1.059583653	-1.126328424
19432	-0.989004296	-1.037389577
19433	-0.592650532	-0.463015555
19434	-1.139253446	-1.404265025
19435	-1.044025681	-1.208945454
19436	-1.040481503	-1.256844409
19437	-0.505470293	-0.278941785
19438	-1.194226642	-1.509555179
19439	-0.765871234	-0.433216575
19440	-1.165753629	-1.315080152
19441	-1.009836016	-1.225342903
19442	-0.798955756	-0.765769572
19443	-1.023404558	-1.23210744
19444	-0.915859244	-0.891509951
19445	-1.084156815	-1.316019367
19446	-1.115241034	-1.304103166
19447	-1.071730165	-1.194370907
19448	-1.059599928	-1.343408515
19449	-1.054816767	-1.334235265
19450	-0.786424304	-0.777194433
19451	-0.860941807	-0.910352794
19452	-0.829554718	-0.811930226
19453	-0.815055711	-0.535966334
19454	-1.045021359	-1.080160784
19455	-0.813718839	-0.785636839
19456	-1.039580391	-1.092898876
19457	-1.1006022	-1.223343864
19458	-0.931494629	-0.905680693
19459	-0.987761563	-1.143064409
19460	-1.007281102	-1.217476381
19461	-1.105550715	-1.224445078
19462	-0.762446855	-0.731106522
19463	-1.013347622	-1.082539305
19464	-0.80623206	-0.700214305
19465	-0.95431377	-1.040419526
19466	-0.793158899	-0.742350525
19467	-1.087811234	-1.349808335
19468	-0.831610173	-0.676115986
19469	-1.041135164	-1.28131932
19470	-1.086176779	-1.147728849
19471	-0.834605119	-0.821995511
19472	-1.06552016	-1.207600641
19473	-0.83498623	-0.888565734
19474	-0.671482161	-0.431142828
19475	-0.975699985	-0.94686665
19476	-1.057360763	-1.235480474
19477	-0.927495185	-1.003115331
19478	-0.913545759	-0.904994638
19479	-0.850613835	-0.648340842
19480	-1.091085972	-1.247013812
19481	-0.921825751	-0.892182374
19482	-1.20524466	-1.538105142
19483	-1.097808301	-1.281058294
19484	-1.009311722	-1.170976023
19485	-1.197606908	-1.395108539
19486	-0.886774434	-0.915728959
19487	-1.011940974	-1.069479763
19488	-0.971081849	-1.006894054
19489	-1.139397246	-1.188864743
19490	-0.989283378	-1.141065217
19491	-0.929262356	-1.030305697
19492	-0.8969381	-0.864690875
19493	-1.010013036	-1.380534759
19494	-1.068851885	-1.16448653
19495	-1.211156899	-1.48150308
19496	-0.804423386	-0.75768725
19497	-1.0581484	-1.208823997
19498	-1.023797695	-1.236999446
19499	-1.004816023	-1.274203433
19500	-0.864612936	-1.032796111
19501	-1.028685664	-1.147410004
19502	-1.197572726	-1.465351698
19503	-1.025032228	-1.157457321
19504	-1.051423702	-1.143415328
19505	-0.912643807	-1.023863866
19506	-1.090175082	-1.324792513
19507	-0.843535428	-0.902099017
19508	-1.005518089	-1.156378769
19509	-0.835053799	-0.819207905
19510	-0.959594003	-1.039746173
19511	-0.92419197	-0.930050547
19512	-1.215711075	-1.457561022
19513	-1.079536047	-1.230959193
19514	-1.0091554	-1.03739026
19515	-1.184425846	-1.50515004
19516	-1.278207904	-1.529805052
19517	-0.941077214	-0.822440539
19518	-1.00556305	-1.03407356
19519	-1.038246967	-1.17519836
19520	-0.874168203	-0.852472621
19521	-1.047946825	-1.109587567
19522	-1.174570973	-1.376387849
19523	-1.096021762	-1.290963963
19524	-1.043832726	-1.253895264
19525	-1.235755708	-1.468926378
19526	-0.820056364	-0.789202927
19527	-0.914726544	-0.958410737
19528	-1.253258217	-1.541399261
19529	-1.056831451	-1.134345656
19530	-1.152625459	-1.367769597
19531	-1.040194294	-1.200818953
19532	-0.975865279	-1.036119369
19533	-1.161726169	-1.47016141
19534	-0.918342668	-1.020765479
19535	-0.849441108	-0.752939057
19536	-1.048317881	-1.006022388
19537	-1.048532748	-1.318172387
19538	-1.079920062	-1.20921453
19539	-0.909342986	-0.92686869
19540	-0.770269272	-0.567090827
19541	-1.185395773	-1.431866143
19542	-1.154011954	-1.387386045
19543	-1.085055263	-1.331338139
19544	-0.662559406	-0.327479761
19545	-0.846858677	-0.651488041
19546	-1.03501966	-1.096294846
19547	-0.922266315	-1.03454242
19548	-0.754200776	-0.626781234
19549	-1.017768382	-1.232936752
19550	-1.048534913	-1.511608395
19551	-0.997584351	-1.342250876
19552	-0.850821762	-0.803612011
19553	-1.017397212	-1.112285733
19554	-0.775105943	-0.630972235
19555	-0.935310577	-0.946898247
19556	-0.907598015	-1.000577164
19557	-0.92621465	-0.919066123
19558	-1.010353774	-1.123598272
19559	-1.100991201	-1.468752762
19560	-1.119058821	-1.462085086
19561	-1.206124941	-1.42164046
19562	-1.163945473	-1.322443517
19563	-0.941830342	-1.088327748
19564	-1.259388359	-1.595275059
19565	-0.845522034	-0.832251928
19566	-1.048652604	-1.20066936
19567	-0.997073864	-1.166598018
19568	-0.945943025	-0.849894848
19569	-1.119442713	-1.27898318
19570	-0.90692558	-0.957357156
19571	-0.876691937	-0.682861222
19572	-1.112049034	-1.286775235
19573	-0.87213435	-0.775768897
19574	-0.745691989	-0.684992679
19575	-1.232482022	-1.415403639
19576	-1.164516912	-1.416615115
19577	-0.963524037	-1.095293596
19578	-0.845658263	-0.869745817
19579	-0.881255022	-0.971718165
19580	-1.102531768	-1.217830525
19581	-1.07167093	-1.16553543
19582	-1.015712903	-1.013291917
19583	-1.130402009	-1.320186596
19584	-0.938911397	-0.967576944
19585	-0.987661477	-1.032565577
19586	-1.079920808	-1.399636505
19587	-1.029809076	-1.155799605
19588	-1.154944824	-1.404358829
19589	-0.698255718	-0.602816521
19590	-1.353329092	-1.652899106
19591	-1.051027607	-1.217765504
19592	-0.965028018	-0.988092056
19593	-0.94753477	-0.996613154
19594	-1.214003993	-1.509650883
19595	-0.930657303	-0.838052883
19596	-1.074056915	-1.221772549
19597	-1.120981733	-1.355716866
19598	-1.142076277	-1.373296614
19599	-0.989567053	-1.033862444
19600	-0.997286731	-1.103230451
19601	-1.059510697	-1.254867197
19602	-1.05440222	-1.157923401
19603	-0.820924538	-0.864269245
19604	-1.105470908	-1.320763899
19605	-0.827539064	-0.577586519
19606	-1.114788213	-1.32330215
19607	-0.777487992	-0.726895409
19608	-0.857748897	-0.789819038
19609	-1.026175215	-1.162688057
19610	-1.010387531	-1.107002923
19611	-0.768226485	-0.760876896
19612	-0.675049689	-0.603061121
19613	-1.053725299	-1.177878332
19614	-1.016967031	-1.129885098
19615	-0.836364968	-0.845105488
19616	-0.903239552	-0.950648769
19617	-0.904872894	-0.823288254
19618	-1.080516307	-1.397701266
19619	-1.026512158	-1.323367095
19620	-0.732567718	-0.658685506
19621	-0.973175651	-1.077633409
19622	-0.78884769	-0.557378261
19623	-1.166251111	-1.313549995
19624	-1.051376382	-1.110174308
19625	-1.056177167	-1.153955006
19626	-0.81417306	-0.629863615
19627	-1.004182986	-1.313618785
19628	-1.276799781	-1.417201459
19629	-0.60483254	-0.44735079
19630	-1.0075258	-1.128014133
19631	-1.024097634	-1.414287454
19632	-0.902033734	-1.002769325
19633	-1.158618318	-1.318598733
19634	-1.007081989	-1.008936139
19635	-1.020005395	-1.187364458
19636	-0.844004766	-0.810500678
19637	-1.141858034	-1.344618675
19638	-0.948759225	-1.034208524
19639	-1.188690174	-1.451685806
19640	-1.095342303	-1.244789256
19641	-0.829127404	-0.707039191
19642	-1.08007369	-1.249438967
19643	-0.774777239	-0.693992071
19644	-0.958598094	-0.963654374
19645	-1.043380237	-1.202863017
19646	-0.812853924	-0.843232749
19647	-1.16076956	-1.32535791
19648	-1.087797084	-1.541579518
19649	-0.910749212	-1.011411122
19650	-0.857727511	-0.941449405
19651	-1.122629325	-1.392087667
19652	-0.876567524	-0.72281684
19653	-1.048256242	-1.218232495
19654	-1.169203516	-1.418750507
19655	-0.779028393	-0.554792656
19656	-1.010145236	-1.120943268
19657	-0.859641137	-0.907965859
19658	-1.133682914	-1.362846914
19659	-1.025616059	-1.051663718
19660	-1.096712329	-1.216962484
19661	-1.162362868	-1.319136667
19662	-0.773738158	-0.681223217
19663	-0.896141692	-0.894263261
19664	-0.916683565	-1.000224431
19665	-1.100371519	-1.256977559
19666	-1.150732863	-1.501360427
19667	-1.151884093	-1.225538066
19668	-1.175477602	-1.485755205
19669	-1.074196747	-1.329169509
19670	-0.967864576	-1.063713206
19671	-0.992911586	-1.077631729
19672	-1.036295193	-1.412887412
19673	-1.064647523	-1.198713212
19674	-1.015068778	-1.31586127
19675	-1.045642469	-1.41756162
19676	-0.92271796	-1.091048294
19677	-0.937520538	-1.06206702
19678	-1.160473816	-1.455632462
19679	-0.76276416	-0.710311092
19680	-0.778138195	-0.771034079
19681	-1.087710218	-1.476508311
19682	-0.975353915	-0.925004127
19683	-0.9184147	-1.002517257
19684	-0.926680889	-0.977064326
19685	-1.174878183	-1.469824364
19686	-1.066838227	-1.328511789
19687	-1.076905175	-1.301566243
19688	-0.929975118	-1.04583877
19689	-1.021901244	-1.085061937
19690	-1.005610639	-1.149960203
19691	-0.63602459	-0.547122072
19692	-1.147403747	-1.417225802
19693	-1.031130661	-1.074042273
19694	-1.226438602	-1.537972889
19695	-0.792035714	-0.760411843
19696	-1.047793553	-1.335734183
19697	-1.008395892	-1.208478467
19698	-1.067571824	-1.5689515
19699	-1.178023957	-1.403882766
19700	-1.118315792	-1.327759945
19701	-0.957639441	-1.043155924
19702	-1.049578166	-1.226689044
19703	-0.572348259	-0.375695837
19704	-1.033991075	-1.171134225
19705	-0.74091039	-0.474210354
19706	-1.050038397	-1.13213518
19707	-0.717212293	-0.650231666
19708	-0.993842031	-1.227381122
19709	-0.897361436	-0.99103734
19710	-0.858719989	-0.888383586
19711	-1.090954085	-1.284957345
19712	-1.000319365	-1.071248978
19713	-0.809124075	-0.594749313
19714	-0.79521626	-0.541558676
19715	-1.092657968	-1.422470905
19716	-1.120116688	-1.243805801
19717	-1.018832951	-1.276899263
19718	-0.945066841	-1.034411723
19719	-1.146847034	-1.308146636
19720	-0.789930143	-0.79191451
19721	-1.197300173	-1.439019681
19722	-0.667089446	-0.597424713
19723	-1.085209466	-1.18040299
19724	-1.170074826	-1.386223002
19725	-1.176023324	-1.480068813
19726	-0.86061599	-0.829694957
19727	-1.095872926	-1.209231593
19728	-1.135007073	-1.237796201
19729	-0.88591298	-0.975454664
19730	-0.818780706	-0.571798006
19731	-0.926366738	-1.049559215
19732	-1.17733921	-1.370316229
19733	-0.986400874	-1.135022132
19734	-1.043966105	-1.118334775
19735	-1.046961554	-1.226619563
19736	-0.986201904	-1.049250253
19737	-1.10218542	-1.245601076
19738	-0.983563568	-1.185471313
19739	-1.103246151	-1.377780777
19740	-0.947677498	-1.090213517
19741	-0.939898499	-1.188043353
19742	-0.982349777	-1.085333853
19743	-1.28542777	-1.564891883
19744	-1.045845678	-1.202936772
19745	-0.998925442	-1.154850763
19746	-1.176145276	-1.393587479
19747	-1.052247734	-1.258050713
19748	-1.034387425	-1.187727067
19749	-1.119455034	-1.241425627
19750	-1.104229099	-1.21600965
19751	-1.053690987	-1.087249671
19752	-1.214886975	-1.488952231
19753	-1.024284601	-1.288682115
19754	-1.125040428	-1.268487661
19755	-0.902276275	-0.982438871
19756	-1.123815619	-1.265808766
19757	-0.927531382	-0.988741797
19758	-0.9078081	-0.963548564
19759	-1.035777027	-1.227963167
19760	-0.987125275	-1.151451147
19761	-1.009628333	-1.201657992
19762	-1.154050031	-1.409874043
19763	-0.989846469	-1.165645583
19764	-1.063847443	-1.205462878
19765	-0.864040213	-1.002249838
19766	-0.964045054	-1.018159434
19767	-0.796115823	-0.744368515
19768	-1.018061858	-1.16764669
19769	-1.094694852	-1.412879259
19770	-0.938023384	-1.100582002
19771	-0.746923468	-0.595229889
19772	-0.788128648	-0.80721154
19773	-0.773977302	-0.668927714
19774	-0.814063156	-0.838811372
19775	-1.037249948	-1.180186797
19776	-0.899986446	-1.002954505
19777	-0.619134375	-0.506436697
19778	-1.10329652	-1.343091872
19779	-0.599804461	-0.461710508
19780	-0.969189684	-1.068693902
19781	-0.785042494	-0.610190855
19782	-0.946661439	-1.148393127
19783	-0.969965584	-1.102940452
19784	-0.852958802	-0.634284216
19785	-1.096384203	-1.418494643
19786	-0.933347361	-1.030458329
19787	-0.858408535	-0.866904663
19788	-1.033204744	-1.217532733
19789	-1.116695637	-1.364501392
19790	-1.183230448	-1.330617465
19791	-0.7711105	-0.557782282
19792	-0.818499316	-0.795177744
19793	-1.050462001	-1.161386066
19794	-1.155322229	-1.397240073
19795	-1.046768381	-1.131939269
19796	-1.071799776	-1.25293589
19797	-0.805285388	-0.821658425
19798	-1.062090558	-1.236761854
19799	-0.760096159	-0.570824434
19800	-1.011720208	-1.138601174
19801	-1.202984994	-1.505635272
19802	-1.037896836	-1.141722929
19803	-1.156437994	-1.345777891
19804	-0.816068851	-0.773457365
19805	-0.912176715	-0.963291668
19806	-0.966451892	-1.033718389
19807	-1.074138548	-1.204253619
19808	-0.728472626	-0.72706531
19809	-1.127894601	-1.451048601
19810	-1.200589201	-1.456830246
19811	-0.770202259	-0.701618326
19812	-0.954645753	-1.051966837
19813	-1.001511565	-1.162623614
19814	-1.065142688	-1.229207948
19815	-0.977398016	-1.141369431
19816	-0.979112727	-1.023515586
19817	-0.89381891	-0.978058855
19818	-0.866110126	-0.89822754
19819	-1.025979871	-1.086439707
19820	-1.07889363	-1.380433223
19821	-1.208218241	-1.386678777
19822	-1.120513283	-1.471672868
19823	-0.993836062	-1.030600816
19824	-0.729411318	-0.700452475
19825	-0.822875622	-0.594724059
19826	-1.090390562	-1.227646475
19827	-1.205992201	-1.375235089
19828	-0.949855592	-1.024169497
19829	-0.79126743	-0.527055585
19830	-1.167557379	-1.546305588
19831	-0.770836886	-0.760228764
19832	-1.032133624	-1.160476807
19833	-0.991946384	-1.077417359
19834	-1.192219585	-1.323173716
19835	-1.108720292	-1.367520436
19836	-1.177909889	-1.379774397
19837	-0.913630296	-0.882262228
19838	-1.118736277	-1.274465547
19839	-0.9156323	-0.876900602
19840	-1.055425574	-1.255855958
19841	-1.095364025	-1.2920548
19842	-0.873354515	-0.688470726
19843	-0.977886633	-1.011337418
19844	-1.004018331	-1.036130886
19845	-1.082928333	-1.277165724
19846	-1.057929147	-1.204353209
19847	-1.124419654	-1.291113296
19848	-0.969512013	-1.159430493
19849	-0.973232853	-0.894601247
19850	-1.179711607	-1.528968453
19851	-0.9428708	-1.140164511
19852	-0.93085828	-0.990104403
19853	-1.276555827	-1.560852616
19854	-1.15430092	-1.427750336
19855	-0.791350938	-0.707155914
19856	-0.984818571	-0.965254791
19857	-1.031375092	-1.196732555
19858	-1.181145792	-1.291998308
19859	-1.14379221	-1.357135834
19860	-1.136808076	-1.542878376
19861	-1.045146848	-1.224124085
19862	-0.99935048	-1.070250737
19863	-0.825085771	-0.884851228
19864	-0.961725588	-1.086898135
19865	-1.11073043	-1.431324378
19866	-1.082974244	-1.31041383
19867	-1.139877413	-1.435310267
19868	-1.226887271	-1.486530269
19869	-0.726695097	-0.373119209
19870	-0.876900798	-0.943435783
19871	-1.001136505	-1.130067581
19872	-0.919745908	-0.841357658
19873	-1.002862421	-1.317136892
19874	-1.081951052	-1.195505732
19875	-0.514741045	-0.280039261
19876	-0.900729049	-0.889471334
19877	-1.049499997	-1.161326122
19878	-1.287104556	-1.546206861
19879	-0.860679946	-0.907285533
19880	-0.98524561	-1.077036681
19881	-0.959987553	-0.970377141
19882	-1.048989369	-1.194941071
19883	-1.068162299	-1.274617861
19884	-1.086725289	-1.296464522
19885	-1.118817104	-1.251241606
19886	-0.957752742	-1.163272596
19887	-0.737067219	-0.738933782
19888	-1.161028252	-1.4502407
19889	-0.969645085	-1.050914854
19890	-1.035302506	-1.115082042
19891	-0.627071112	-0.541877217
19892	-1.269950356	-1.594139477
19893	-0.870734952	-0.946466183
19894	-1.012767818	-1.186341411
19895	-1.209752067	-1.452832378
19896	-0.929150498	-0.966817298
19897	-0.967954299	-1.238575158
19898	-1.059531943	-1.159567267
19899	-0.866405093	-0.784048714
19900	-1.011017462	-1.190431626
19901	-1.020177517	-1.21805343
19902	-0.719994057	-0.645779741
19903	-0.936079166	-0.999318953
19904	-1.16807429	-1.53202601
19905	-0.968321339	-1.061416481
19906	-0.923564141	-1.128105341
19907	-0.84367836	-0.958949327
19908	-0.956137373	-0.892965635
19909	-0.847585514	-0.728862452
19910	-0.795653734	-0.650363969
19911	-0.920070226	-0.803952427
19912	-1.161818151	-1.561233215
19913	-0.709421468	-0.633966952
19914	-1.080724003	-1.417484481
19915	-1.060076865	-1.151514255
19916	-1.067562232	-1.378521855
19917	-1.156179742	-1.557177634
19918	-0.937991734	-0.89907001
19919	-0.966102037	-0.948333125
19920	-1.132465476	-1.363011267
19921	-0.662286647	-0.566388424
19922	-1.174988137	-1.425895397
19923	-1.152638943	-1.377497916
19924	-0.900711426	-0.912801968
19925	-0.920152383	-1.055416971
19926	-0.990558848	-1.107452395
19927	-0.859483537	-0.932806892
19928	-1.022947493	-1.208286361
19929	-0.764528894	-0.592686476
19930	-1.085437743	-1.568539363
19931	-0.983142905	-0.99291792
19932	-1.12269859	-1.316237416
19933	-1.060199776	-1.263371885
19934	-1.08197954	-1.227045116
19935	-1.109071262	-1.39509881
19936	-1.138125025	-1.226941442
19937	-0.882641523	-0.919082731
19938	-1.064731498	-1.288353016
19939	-0.816349608	-0.816732891
19940	-0.969995433	-1.028138837
19941	-1.059609877	-1.148509758
19942	-0.969066396	-1.03225849
19943	-1.083319376	-1.216653858
19944	-0.9508388	-1.082185905
19945	-1.060959006	-1.085941566
19946	-1.067919269	-1.265259342
19947	-1.008977064	-1.06733893
19948	-0.897965412	-1.044056818
19949	-1.036561898	-1.253281751
19950	-1.081615789	-1.107746777
19951	-1.169321483	-1.376801061
19952	-0.93801481	-0.951147464
19953	-0.983292133	-1.013462849
19954	-1.025030018	-1.202812504
19955	-1.057193887	-1.213278106
19956	-0.534064458	-0.319729254
19957	-0.886392848	-0.987563657
19958	-1.000465625	-1.055046807
19959	-0.897227474	-0.842292789
19960	-0.637470017	-0.547560414
19961	-1.070315378	-1.173974604
19962	-0.813668139	-0.810804847
19963	-1.05918195	-1.222735643
19964	-1.273750998	-1.590764903
19965	-1.023464905	-1.302594966
19966	-1.109919633	-1.216993846
19967	-1.131342317	-1.222359983
19968	-1.00248199	-1.14815939
19969	-1.033344858	-1.186907853
19970	-1.211263201	-1.477370935
19971	-1.117916942	-1.289989084
19972	-1.140772781	-1.317237291
19973	-1.049341047	-1.091640289
19974	-1.014992202	-1.116224647
19975	-1.04002997	-1.196619634
19976	-0.82953323	-0.848490879
19977	-1.118445881	-1.268343737
19978	-1.114822832	-1.385433513
19979	-1.270306422	-1.527286096
19980	-1.055357181	-1.221772264
19981	-0.984605093	-1.105999245
19982	-0.845555304	-0.885474229
19983	-0.974411803	-1.110177705
19984	-0.859167518	-0.812390394
19985	-1.206593487	-1.535521148
19986	-0.913025778	-0.841415262
19987	-0.955075485	-1.040795293
19988	-1.059425729	-1.17109129
19989	-0.827690897	-0.762044323
19990	-0.92091038	-0.974097573
19991	-1.079675491	-1.362645348
19992	-0.627843302	-0.480528827
19993	-1.159638362	-1.360958452
19994	-1.145481963	-1.301049143
19995	-1.052818141	-1.253162558
19996	-0.874343994	-0.916111535
19997	-1.07703055	-1.359442149
19998	-1.154800813	-1.21156003
19999	-1.1350877	-1.474413681
20000	-1.044381867	-1.236157618