2001	-1.086135037	-1.330288421
2002	-0.964136988	-0.96634848
2003	-0.716257075	-0.655879637
2004	-0.706021706	-0.638399504
2005	-1.142330754	-1.443332645
2006	-1.148175345	-1.400135816
2007	-0.926353689	-0.944598352
2008	-0.655040201	-0.576919633
2009	-1.104593341	-1.244972434
2010	-0.856966812	-0.977472551
2011	-1.038607669	-1.394577831
2012	-1.15389624	-1.337874492
2013	-0.795002827	-0.815044479
2014	-0.879445364	-0.906522944
2015	-0.966884666	-1.282087243
2016	-0.748964721	-0.705175117
2017	-0.889798324	-0.978476154
2018	-0.952412537	-0.93501103
2019	-0.823498095	-0.777512099
2020	-0.990667754	-1.22034536
2021	-1.050274355	-1.198029278
2022	-1.264940523	-1.561597592
2023	-0.947601151	-0.987799539
2024	-1.049287162	-1.225457624
2025	-1.028345311	-1.1442871
2026	-1.107705855	-1.244918501
2027	-0.947825015	-1.024862015
2028	-1.045208659	-1.199732751
2029	-1.093628096	-1.200621114
2030	-0.89700502	-0.967555529
2031	-1.119658981	-1.288874571
2032	-1.136842276	-1.330941821
2033	-1.056043407	-1.240021539
2034	-0.643922443	-0.532443632
2035	-1.050734425	-1.319413919
2036	-1.320677027	-1.589545066
2037	-1.238032354	-1.414577625
2038	-1.107984322	-1.268489342
2039	-0.690298974	-0.630098798
2040	-0.749857844	-0.727029553
2041	-0.891971032	-0.848539214
2042	-0.853079536	-0.960250648
2043	-0.650604434	-0.509095474
2044	-1.082708068	-1.244088729
2045	-1.004295606	-1.186615635
2046	-0.895441576	-0.972195055
2047	-0.888146321	-1.012336553
2048	-0.765757471	-0.680658462
2049	-1.167736447	-1.366277593
2050	-0.831774642	-0.928342724
2051	-1.174210443	-1.404616768
2052	-0.865694983	-0.919718839
2053	-0.943251805	-1.022025848
2054	-0.975927686	-1.086216263
2055	-1.117054903	-1.312715624
2056	-1.095555259	-1.258352006
2057	-1.126970293	-1.376566502
2058	-1.124474887	-1.27914472
2059	-1.097477715	-1.26590782
2060	-1.125360373	-1.15640188
2061	-1.070863667	-1.124586368
2062	-1.23092606	-1.452743591
2063	-1.133777064	-1.576225823
2064	-1.120508898	-1.374707065
2065	-0.982430593	-1.025317788
2066	-1.008063467	-1.064762565
2067	-1.056326744	-1.084740456
2068	-0.93359506	-0.985086333
2069	-1.048356741	-1.188000908
2070	-1.214302734	-1.389568706
2071	-1.058224964	-1.05031078
2072	-0.948140277	-0.966745026
2073	-0.931293112	-1.057054576
2074	-0.885205785	-0.833289891
2075	-1.290007859	-1.578255655
2076	-0.917583078	-0.850746883
2077	-1.01105664	-1.202726711
2078	-0.983808514	-1.142844673
2079	-1.034457435	-1.190098618
2080	-0.82581363	-0.840399022
2081	-1.139470422	-1.420316429
2082	-1.013078352	-1.223580665
2083	-0.921654618	-0.96802489
2084	-0.802044866	-0.828739973
2085	-0.964448257	-1.1006322
2086	-1.20915956	-1.325573155
2087	-1.267318312	-1.506337282
2088	-0.936252217	-1.091620804
2089	-1.040107495	-1.315498203
2090	-1.052672605	-1.360295429
2091	-0.645206537	-0.539805914
2092	-0.82027934	-0.876007206
2093	-1.043827563	-1.477927697
2094	-0.8156036	-0.796952504
2095	-1.063518106	-1.206751248
2096	-1.00907733	-1.174246527
2097	-0.941083462	-1.045800849
2098	-0.892082447	-0.900787556
2099	-1.09721411	-1.246387093
2100	-0.976475259	-1.143867306
2101	-1.042262984	-1.292176939
2102	-0.992288747	-1.116635455
2103	-1.001554041	-1.144609196
2104	-0.790018944	-0.656803942
2105	-1.135013143	-1.327471494
2106	-0.900879845	-1.089752803
2107	-0.993360916	-1.126456986
2108	-0.913286925	-0.793310668
2109	-1.046448683	-1.17531138
2110	-1.171242587	-1.382444442
2111	-1.083746511	-1.376918737
2112	-1.054375828	-1.205861719
2113	-1.07378877	-1.252794471
2114	-1.222909091	-1.326643882
2115	-1.20457618	-1.435598463
2116	-0.685053924	-0.646571971
2117	-1.170868136	-1.379724657
2118	-1.113987542	-1.47425863
2119	-1.064041031	-1.182965344
2120	-0.856248926	-0.845121075
2121	-0.890154495	-0.870790983
2122	-0.881203606	-0.859866928
2123	-1.038113635	-1.104432865
2124	-0.93589185	-0.840042086
2125	-0.662258989	-0.617083768
2126	-0.870166687	-0.842172272
2127	-0.815049058	-0.882861796
2128	-1.178435764	-1.302438952
2129	-1.261167923	-1.53540048
2130	-0.847420422	-0.633705591
2131	-1.112024389	-1.25549421
2132	-0.95748704	-0.965848231
2133	-0.917005895	-0.87620451
2134	-1.085395053	-1.124780046
2135	-1.019733333	-1.19873746
2136	-0.766231546	-0.638842413
2137	-1.087743336	-1.292995905
2138	-1.155566735	-1.384313459
2139	-0.868179277	-0.741415192
2140	-1.020717776	-1.185768112
2141	-0.950750268	-1.139243196
2142	-1.028566101	-1.006582127
2143	-1.08622154	-1.353601633
2144	-1.120464181	-1.315235671
2145	-1.119954606	-1.191650379
2146	-1.149697602	-1.401570735
2147	-1.113280812	-1.349049207
2148	-0.753923537	-0.724534174
2149	-0.908964557	-0.970004568
2150	-0.466254503	-0.185968736
2151	-1.005095261	-1.059760727
2152	-1.062953027	-1.184313855
2153	-1.303370726	-1.551614718
2154	-1.082430213	-1.355050759
2155	-1.185599801	-1.460608351
2156	-0.884840319	-0.893745853
2157	-0.849232567	-0.939947104
2158	-1.06222277	-1.218845653
2159	-1.122770775	-1.252302439
2160	-0.904090118	-1.066435297
2161	-1.041913513	-1.18678921
2162	-1.030626849	-1.309309334
2163	-0.614619476	-0.318786214
2164	-1.100124346	-1.225068271
2165	-0.89021301	-0.938745124
2166	-1.156672128	-1.433777571
2167	-0.988311437	-1.130388593
2168	-1.055581715	-1.117609266
2169	-0.895516246	-0.959325221
2170	-0.821204738	-0.906959625
2171	-1.140639714	-1.536045627
2172	-1.100265828	-1.421424399
2173	-1.028334445	-1.160820466
2174	-1.001667476	-1.165804304
2175	-1.105658594	-1.243652162
2176	-1.06234836	-1.215132826
2177	-1.072093294	-1.105210113
2178	-1.193573773	-1.288012778
2179	-0.853172943	-0.787978053
2180	-1.026934824	-1.096855878
2181	-1.098216324	-1.150200567
2182	-0.629638879	-0.544618272
2183	-0.915911081	-1.006016343
2184	-0.978045707	-1.0735168
2185	-1.190142783	-1.346749106
2186	-1.248272403	-1.48093989
2187	-1.025256298	-1.141026138
2188	-0.863517035	-0.88234252
2189	-1.068193261	-1.178805751
2190	-0.463666445	-0.191268892
2191	-1.256676133	-1.573959354
2192	-0.582948121	-0.411017873
2193	-0.630317704	-0.497851681
2194	-1.011792011	-1.169660027
2195	-1.143945181	-1.410552154
2196	-1.228324058	-1.468145905
2197	-0.794209399	-0.854494536
2198	-1.164326718	-1.456118533
2199	-0.982666087	-1.096284426
2200	-1.18883183	-1.456478215
2201	-1.066375126	-1.494550239
2202	-1.060908038	-1.189307239
2203	-0.571915332	-0.365964771
2204	-1.046690593	-1.200329895
2205	-0.975422641	-0.973977025
2206	-1.029169362	-1.137806742
2207	-0.939053785	-0.957017073
2208	-1.234852769	-1.523227041
2209	-0.971138065	-1.145548537
2210	-1.13049176	-1.271796593
2211	-0.663115073	-0.529434155
2212	-1.161802173	-1.373959814
2213	-1.018533785	-1.17497785
2214	-0.977407207	-1.133958136
2215	-1.109957465	-1.328815968
2216	-0.947859671	-1.02643629
2217	-0.905627783	-0.969830177
2218	-0.83374018	-0.863392873
2219	-0.98904165	-1.088217268
2220	-0.790563439	-0.593006947
2221	-1.068149212	-1.05308189
2222	-0.848195612	-0.895150878
2223	-1.032664405	-1.27528346
2224	-1.159524201	-1.362325334
2225	-1.140236887	-1.317834704
2226	-1.081653207	-1.145882933
2227	-0.815185673	-0.793606164
2228	-1.039431074	-1.201033711
2229	-1.100990502	-1.31562752
2230	-0.983926466	-1.060447768
2231	-1.06561499	-1.511953545
2232	-0.919081143	-0.889430341
2233	-0.958459173	-1.058191622
2234	-0.791574952	-0.694647412
2235	-0.998492566	-1.265695574
2236	-1.181287803	-1.50745163
2237	-1.016925551	-1.359747843
2238	-0.669825315	-0.602615324
2239	-1.27169218	-1.555913673
2240	-1.086790981	-1.125469881
2241	-0.878464795	-0.972826668
2242	-0.91351117	-0.981060584
2243	-1.325837482	-1.518841002
2244	-0.973539869	-1.054161761
2245	-1.057688711	-1.092897884
2246	-0.687533529	-0.605085548
2247	-1.062402294	-1.19502969
2248	-0.909096403	-0.813537674
2249	-1.129191647	-1.244925206
2250	-0.711303552	-0.661783594
2251	-1.210340225	-1.472153024
2252	-1.168170751	-1.44182891
2253	-0.853756609	-0.872983282
2254	-1.180876436	-1.430243118
2255	-0.963091125	-1.053934829
2256	-1.083957184	-1.18123334
2257	-0.73486874	-0.624934419
2258	-0.692115302	-0.629046076
2259	-1.062827444	-1.263954834
2260	-0.960343417	-1.160835109
2261	-1.239948124	-1.532865384
2262	-1.087472419	-1.230358573
2263	-1.07629181	-1.207069889
2264	-1.127343168	-1.291479831
2265	-1.02254721	-1.11723322
2266	-1.056363917	-1.385791134
2267	-1.189234001	-1.452054569
2268	-0.90483278	-1.038491353
2269	-1.06264619	-1.401590478
2270	-1.033816204	-1.097309482
2271	-0.970730194	-1.098283396
2272	-1.009421032	-1.214493859
2273	-0.79741972	-0.788614447
2274	-1.153844688	-1.342103321
2275	-0.929549751	-0.921560835
2276	-1.203083915	-1.563831708
2277	-0.760654154	-0.698834823
2278	-0.897233166	-0.973866486
2279	-1.158122214	-1.202489672
2280	-0.93439388	-1.056050658
2281	-1.257192464	-1.475704878
2282	-1.091427443	-1.259031835
2283	-1.125307759	-1.569251207
2284	-0.969381189	-1.064124673
2285	-1.054896222	-1.21046432
2286	-1.099124137	-1.36404412
2287	-0.714247666	-0.680465545
2288	-1.050426446	-1.176348654
2289	-1.222442394	-1.476458628
2290	-0.854402776	-0.824545761
2291	-1.17206801	-1.387385755
2292	-0.945918691	-0.937149726
2293	-0.822251872	-0.558637554
2294	-0.978466581	-1.002336165
2295	-0.756079421	-0.772416583
2296	-1.219871721	-1.493311089
2297	-1.126969095	-1.340570217
2298	-1.136792059	-1.466869284
2299	-0.773840332	-0.775802765
2300	-1.001852142	-1.141628734
2301	-0.812428223	-0.793608591
2302	-1.137211998	-1.325686633
2303	-1.025644144	-1.046597742
2304	-1.022143547	-1.15452516
2305	-0.899827135	-0.811265042
2306	-1.008843326	-1.234579901
2307	-0.937873205	-0.867356605
2308	-1.149565599	-1.379055611
2309	-1.028358362	-1.107658926
2310	-1.190681741	-1.431789872
2311	-0.944211334	-0.866875737
2312	-0.850318929	-0.84147127
2313	-1.061822798	-1.146336928
2314	-0.826199993	-0.685594504
2315	-0.867661032	-0.920054047
2316	-0.970970008	-1.159003931
2317	-1.162790909	-1.381343576
2318	-0.891566085	-0.744782351
2319	-1.109078266	-1.275459025
2320	-1.136023808	-1.271485807
2321	-1.126292765	-1.244115621
2322	-0.983661601	-1.095299122
2323	-1.138660744	-1.333649677
2324	-0.766080849	-0.712333729
2325	-0.717948062	-0.662189201
2326	-1.1037339	-1.522755316
2327	-0.956891334	-1.057468983
2328	-1.003888503	-1.12502053
2329	-0.961111104	-1.035962151
2330	-1.013665555	-1.051578948
2331	-1.131817664	-1.249103652
2332	-1.140746664	-1.312413395
2333	-1.158458521	-1.327848611
2334	-1.127373224	-1.375057719
2335	-0.73479076	-0.588660839
2336	-0.977184053	-1.076776209
2337	-0.8609903	-0.879845031
2338	-1.02977858	-1.168251305
2339	-1.055996804	-1.089646072
2340	-0.856917504	-0.884911672
2341	-1.052915994	-1.096886146
2342	-0.769635549	-0.62410905
2343	-1.012702581	-1.13598418
2344	-1.187251412	-1.326700002
2345	-1.102993694	-1.248326279
2346	-0.978491136	-1.036551853
2347	-1.079270761	-1.212466736
2348	-1.061363465	-1.211452193
2349	-0.743000553	-0.479387192
2350	-1.097790594	-1.330136324
2351	-1.148177026	-1.380718503
2352	-1.093843273	-1.272797977
2353	-1.037226356	-1.346707848
2354	-0.924428361	-1.082240545
2355	-1.165016471	-1.374791622
2356	-1.072129826	-1.216358953
2357	-1.109197242	-1.218709967
2358	-1.122151376	-1.254216031
2359	-1.141403554	-1.387345901
2360	-1.116204262	-1.447663898
2361	-1.059057941	-1.10082859
2362	-1.270270204	-1.614638967
2363	-1.115142745	-1.186122283
2364	-0.815384556	-0.855851934
2365	-1.030877413	-1.19029402
2366	-0.94533812	-1.082748358
2367	-1.111105266	-1.259941069
2368	-0.993444562	-1.108325683
2369	-1.065528856	-1.172831682
2370	-0.838269089	-0.866884289
2371	-1.140775277	-1.382719066
2372	-0.824387851	-0.929606304
2373	-0.702968264	-0.651522562
2374	-0.880046529	-0.970973527
2375	-1.192239717	-1.332784656
2376	-0.963859659	-1.09002037
2377	-0.774555315	-0.790945458
2378	-0.894859843	-0.96842835
2379	-1.11199183	-1.448518784
2380	-1.19441588	-1.44193376
2381	-0.627354799	-0.548444661
2382	-1.163117141	-1.352695277
2383	-1.222228601	-1.476879765
2384	-1.025183534	-1.216907851
2385	-1.13245495	-1.195481558
2386	-0.965783797	-1.165216928
2387	-0.920495744	-0.983418772
2388	-1.12868842	-1.226946468
2389	-0.890642356	-0.692241699
2390	-0.906419511	-0.974125834
2391	-1.012702872	-1.381429922
2392	-1.134944593	-1.307275016
2393	-1.154005361	-1.183949393
2394	-0.990184697	-0.967598714
2395	-1.087041972	-1.359107173
2396	-1.018575732	-1.140414632
2397	-1.065794913	-1.277819779
2398	-0.706582729	-0.638375643
2399	-1.046468356	-1.256814398
2400	-0.843865917	-0.78726633
2401	-1.225337654	-1.491829205
2402	-1.320252492	-1.575470807
2403	-1.021087116	-1.115543147
2404	-1.162014483	-1.316168977
2405	-1.038839059	-1.14977112
2406	-0.973872672	-1.080349344
2407	-0.94870333	-1.0635675
2408	-1.09951734	-1.322777078
2409	-0.977436419	-0.974980625
2410	-1.256166165	-1.469409781
2411	-0.495282485	-0.272323888
2412	-1.134497946	-1.31435257
2413	-0.819748182	-0.866160751
2414	-0.877589597	-0.823132894
2415	-1.164683318	-1.401999378
2416	-1.056126253	-1.476755132
2417	-1.243484808	-1.518098482
2418	-0.810736691	-0.887698756
2419	-1.09580566	-1.330021829
2420	-1.174414498	-1.448444064
2421	-1.146441672	-1.244765603
2422	-1.011518498	-1.160238742
2423	-0.85530225	-0.663311992
2424	-1.114461081	-1.408101334
2425	-1.192939192	-1.484625758
2426	-1.176489117	-1.3836494
2427	-1.056053265	-1.165349701
2428	-1.040537798	-1.184069754
2429	-0.908508475	-0.977430088
2430	-0.671736502	-0.598158978
2431	-1.023744559	-1.186512814
2432	-0.656965288	-0.53196512
2433	-0.989176387	-1.190469876
2434	-0.958163098	-1.111290075
2435	-1.263649812	-1.444665136
2436	-1.010741978	-1.169347427
2437	-0.774872885	-0.734862165
2438	-0.979929083	-1.116339704
2439	-1.053109631	-1.12234823
2440	-0.895719597	-1.046840532
2441	-0.977322716	-1.084676481
2442	-0.787794882	-0.721379302
2443	-0.743452415	-0.728779021
2444	-0.990596013	-1.108436731
2445	-1.105731687	-1.310498398
2446	-1.123735294	-1.299536289
2447	-0.989089768	-1.042413862
2448	-0.952745522	-1.148642304
2449	-1.037497661	-1.175255675
2450	-0.77888196	-0.795593906
2451	-1.034065449	-1.062102208
2452	-1.026861775	-1.073938526
2453	-1.235333084	-1.509579521
2454	-1.051100559	-1.111793959
2455	-0.92474932	-0.96212578
2456	-0.788769287	-0.833171652
2457	-1.155553118	-1.363764291
2458	-1.050723985	-1.348710315
2459	-0.884500302	-1.004882825
2460	-0.597620459	-0.441750634
2461	-0.89586125	-0.943581666
2462	-1.115399625	-1.230415699
2463	-0.869845606	-0.886278837
2464	-1.16655865	-1.431363675
2465	-1.054769772	-1.193883989
2466	-1.210080701	-1.420106155
2467	-1.273090822	-1.574400304
2468	-0.835148517	-0.668809924
2469	-0.680601697	-0.606966839
2470	-0.994370913	-1.20378822
2471	-1.073991788	-1.26013011
2472	-1.116789683	-1.401381339
2473	-0.629886533	-0.470578591
2474	-1.164517457	-1.336670459
2475	-0.763875063	-0.565394416
2476	-1.000639602	-1.113423021
2477	-1.126237447	-1.2861691
2478	-0.926560945	-0.986848766
2479	-1.105152136	-1.383990313
2480	-1.151649436	-1.391549258
2481	-0.834419399	-0.838363912
2482	-0.770255089	-0.711221694
2483	-1.063926552	-1.346557239
2484	-0.785493996	-0.693372561
2485	-1.105945505	-1.256700816
2486	-0.986185139	-0.994331542
2487	-0.907743007	-0.886614342
2488	-0.908167843	-1.119331169
2489	-0.719249487	-0.724304603
2490	-0.985219257	-0.89095398
2491	-0.928884525	-0.999911486
2492	-1.064692564	-1.324371974
2493	-0.907566192	-1.045396114
2494	-1.150490981	-1.512967886
2495	-0.673345115	-0.542033616
2496	-0.948765238	-1.031316436
2497	-0.930981552	-0.893472341
2498	-1.043689435	-1.166258698
2499	-1.014729095	-1.049932498
2500	-1.212324062	-1.407140587
2501	-1.189352423	-1.404273432
2502	-1.078171205	-1.126900423
2503	-1.114388021	-1.28563862
2504	-1.200623604	-1.5517196
2505	-1.181116805	-1.44538137
2506	-1.121926058	-1.203646593
2507	-1.177991939	-1.379001548
2508	-1.340307022	-1.580611079
2509	-0.869099136	-0.946193256
2510	-0.985809303	-0.972282487
2511	-1.022769544	-1.516852144
2512	-1.093619667	-1.276775963
2513	-0.863312362	-0.945611145
2514	-1.046695285	-1.014377631
2515	-0.800740814	-0.624025757
2516	-1.082398217	-1.359475065
2517	-1.121782102	-1.524630046
2518	-1.110603952	-1.285331189
2519	-1.092474526	-1.275603792
2520	-1.053208949	-1.315244368
2521	-0.975034653	-1.104938129
2522	-1.147903131	-1.45892899
2523	-0.991195379	-1.229574404
2524	-1.034014396	-1.173161602
2525	-1.275932743	-1.524576003
2526	-1.051318195	-1.234985427
2527	-0.969766482	-1.037997664
2528	-1.028561087	-1.164498185
2529	-0.853063658	-0.816585035
2530	-0.783803334	-0.772799087
2531	-1.22527717	-1.482083296
2532	-0.736854541	-0.711375557
2533	-1.074844254	-1.131531764
2534	-1.032100163	-1.215494599
2535	-0.791119774	-0.767268486
2536	-0.903561788	-0.930812369
2537	-0.886122975	-0.979053181
2538	-1.325274153	-1.583855737
2539	-0.816740058	-0.81034453
2540	-1.061038906	-1.049501533
2541	-1.015355572	-1.18733213
2542	-1.105108709	-1.153802884
2543	-1.056337654	-1.212542327
2544	-0.743295846	-0.666875093
2545	-1.174353611	-1.568160956
2546	-1.130940363	-1.325243851
2547	-1.038418241	-1.05387495
2548	-1.105639883	-1.227628304
2549	-0.997626473	-1.031344867
2550	-0.879976012	-0.960124885
2551	-0.87818026	-0.921606107
2552	-1.188004642	-1.371722827
2553	-1.158253309	-1.53956789
2554	-0.935510409	-1.132852201
2555	-0.983689005	-1.09039076
2556	-0.999598092	-1.075397854
2557	-0.852522457	-0.912431748
2558	-1.119739896	-1.231013841
2559	-0.990872645	-1.036307382
2560	-1.000102383	-1.181962057
2561	-0.972801439	-1.18691536
2562	-0.862505125	-0.916842337
2563	-1.176915246	-1.457933795
2564	-1.062455315	-1.153718087
2565	-1.13224598	-1.417222232
2566	-1.143091529	-1.296985089
2567	-1.012912003	-1.180631999
2568	-0.986651937	-1.188278883
2569	-1.189758665	-1.416963224
2570	-1.17884824	-1.487504504
2571	-1.350067348	-1.544638089
2572	-0.995565022	-1.0443747
2573	-1.186335391	-1.428802965
2574	-1.113559248	-1.317326803
2575	-0.865847751	-0.835561833
2576	-1.159832191	-1.406669458
2577	-1.066011761	-1.242115898
2578	-1.193101886	-1.458943647
2579	-0.940625133	-1.000300059
2580	-1.190186124	-1.487662129
2581	-0.904554356	-0.737515005
2582	-0.805908908	-0.778475938
2583	-0.69172396	-0.70298034
2584	-0.827784795	-0.77646607
2585	-1.020081771	-1.248317199
2586	-0.800238101	-0.797140268
2587	-0.891846175	-0.923917842
2588	-0.892042364	-1.014560218
2589	-1.103294029	-1.33082651
2590	-0.984792434	-0.959905854
2591	-0.956813075	-1.10363202
2592	-1.150898396	-1.607133392
2593	-1.029003183	-1.199624934
2594	-1.15851733	-1.517005494
2595	-1.026434054	-1.225231182
2596	-0.779912067	-0.738272705
2597	-0.868600266	-0.904352653
2598	-0.848713913	-0.871083012
2599	-1.0447716	-1.076463633
2600	-0.932567529	-0.993211726
2601	-0.936452957	-0.823170437
2602	-1.092046084	-1.209149904
2603	-0.94583749	-1.105966036
2604	-0.927669253	-0.910676352
2605	-0.976316905	-0.986321947
2606	-0.912415959	-0.90032423
2607	-0.726030076	-0.490059565
2608	-1.068623313	-1.196539901
2609	-0.955227992	-0.997963795
2610	-1.025597996	-1.172078231
2611	-0.597631731	-0.399185852
2612	-1.034798756	-1.20349372
2613	-0.913474048	-0.927241502
2614	-1.179872342	-1.374865436
2615	-1.188524828	-1.358307937
2616	-1.250561102	-1.507763264
2617	-1.125159172	-1.338658684
2618	-0.971254044	-0.90171482
2619	-1.126913694	-1.294048946
2620	-0.71677767	-0.643668527
2621	-0.921345247	-1.00095943
2622	-1.140138254	-1.508300174
2623	-0.797789547	-0.596839353
2624	-1.105951431	-1.258964128
2625	-1.102818985	-1.326790931
2626	-0.855757223	-0.811470058
2627	-1.003006938	-1.225400785
2628	-0.711430466	-0.653995103
2629	-1.011585083	-1.11238814
2630	-1.077515572	-1.175576477
2631	-0.97052458	-0.926605889
2632	-0.948248356	-0.899031151
2633	-0.9856258	-1.029104109
2634	-1.061294263	-1.124248507
2635	-0.864148744	-0.866360679
2636	-1.006224749	-1.06482188
2637	-1.014739463	-1.145028694
2638	-1.061289833	-1.358914314
2639	-1.111944177	-1.231243062
2640	-1.117918824	-1.306133291
2641	-1.027642345	-1.27402207
2642	-0.87276144	-0.944766562
2643	-0.683803509	-0.634330952
2644	-0.913449695	-0.910329282
2645	-0.817419515	-0.710100463
2646	-0.635369167	-0.536825006
2647	-0.897848758	-0.873266551
2648	-0.776889437	-0.704307796
2649	-0.860120863	-0.839954639
2650	-1.195539572	-1.480600898
2651	-0.997373557	-1.205892717
2652	-0.856319501	-0.791926732
2653	-0.941991439	-1.047212015
2654	-1.015084443	-1.24285198
2655	-1.124070995	-1.309729678
2656	-1.085179388	-1.374326338
2657	-0.900819413	-0.969048695
2658	-1.124551632	-1.33602842
2659	-1.020215275	-1.128559884
2660	-0.909120119	-0.948617216
2661	-1.002080315	-1.035049185
2662	-1.162093387	-1.368455658
2663	-0.879230219	-0.778982588
2664	-0.935756879	-0.885905316
2665	-0.995111389	-1.156480553
2666	-0.932883928	-0.951321905
2667	-1.101983083	-1.468974241
2668	-1.086258277	-1.24557038
2669	-1.013002256	-1.226659933
2670	-1.081347667	-1.234914403
2671	-1.233870027	-1.449287583
2672	-0.83302363	-0.77834322
2673	-1.178020669	-1.507861631
2674	-0.937598088	-0.969932516
2675	-0.795822065	-0.747466808
2676	-1.014546006	-1.167980279
2677	-1.100672978	-1.339861257
2678	-1.208106943	-1.482534612
2679	-1.238686772	-1.498861887
2680	-1.092199635	-1.279108003
2681	-1.113541957	-1.230228048
2682	-0.876033448	-0.992551299
2683	-1.129960359	-1.345764659
2684	-1.210242781	-1.380107489
2685	-0.906228855	-0.781970114
2686	-1.083348128	-1.318705749
2687	-1.029323114	-1.122676273
2688	-0.969083479	-1.046483847
2689	-1.205212164	-1.585768064
2690	-1.124930458	-1.439950583
2691	-0.949973921	-0.920683403
2692	-1.142698847	-1.312419961
2693	-1.041126641	-1.016536719
2694	-1.006436441	-1.098305581
2695	-0.837527797	-0.834711563
2696	-0.865739644	-0.887061971
2697	-1.035784282	-1.394763469
2698	-0.697232741	-0.60371184
2699	-0.992514477	-0.954248297
2700	-1.07045212	-1.239508363
2701	-1.187382273	-1.479121728
2702	-1.07895984	-1.236897134
2703	-1.166744407	-1.349447799
2704	-1.144901662	-1.615735584
2705	-1.011208568	-1.151906817
2706	-0.884424624	-0.9164216
2707	-0.849978981	-0.794172433
2708	-0.972558749	-1.203926361
2709	-0.860832418	-0.896868341
2710	-1.05772298	-1.157605419
2711	-0.86847504	-0.866780033
2712	-0.713767624	-0.681245371
2713	-1.01863775	-1.22929002
2714	-1.095603309	-1.290444637
2715	-0.576014487	-0.43992238
2716	-0.85783403	-0.809768468
2717	-1.056568972	-1.38771922
2718	-0.974164483	-1.082667761
2719	-1.006276269	-1.143818759
2720	-0.84588956	-0.813302569
2721	-0.916166318	-0.998728381
2722	-1.156160705	-1.326835765
2723	-0.922099291	-1.047871479
2724	-0.947510797	-0.947622735
2725	-1.021488924	-1.240258773
2726	-0.92522158	-0.996763196
2727	-0.882346181	-0.981516734
2728	-0.799066861	-0.796960807
2729	-1.193861408	-1.381734463
2730	-1.17330462	-1.449371738
2731	-1.245588454	-1.466588403
2732	-1.205220125	-1.431900255
2733	-0.989687766	-1.061219298
2734	-0.93214403	-0.938504789
2735	-1.295926299	-1.57935646
2736	-1.156410216	-1.451005858
2737	-0.775345724	-0.628987107
2738	-1.030885081	-1.30929166
2739	-1.015769599	-1.056292279
2740	-0.813331915	-0.854121208
2741	-0.992856619	-1.133669958
2742	-0.961694047	-1.058450147
2743	-1.235360744	-1.464404869
2744	-1.181945962	-1.457232838
2745	-0.822316518	-0.769562973
2746	-1.003573304	-1.245835306
2747	-0.994566017	-0.932881826
2748	-1.105917512	-1.322512059
2749	-1.100194292	-1.229916086
2750	-1.156787451	-1.312780662
2751	-1.089404531	-1.300712814
2752	-0.801958888	-0.813751213
2753	-1.105979161	-1.409633837
2754	-0.750084957	-0.742741565
2755	-0.879189694	-0.655431329
2756	-1.206090203	-1.508215947
2757	-0.907408827	-0.999277553
2758	-0.801940947	-0.844400392
2759	-1.12665812	-1.319608659
2760	-1.125757409	-1.288055363
2761	-1.242803741	-1.521560761
2762	-0.899560127	-0.769934627
2763	-0.796064774	-0.540956536
2764	-1.141371759	-1.305326168
2765	-1.165934608	-1.315560572
2766	-0.737144708	-0.68390457
2767	-0.815763689	-0.847856864
2768	-1.273636346	-1.475534043
2769	-1.02301801	-1.257758818
2770	-1.141474987	-1.442262895
2771	-0.814481004	-0.755198098
2772	-0.995068238	-1.014680431
2773	-1.138098002	-1.371840763
2774	-1.18950584	-1.48806757
2775	-1.193095602	-1.348056281
2776	-1.160159953	-1.443952985
2777	-1.108180795	-1.249714256
2778	-0.932700325	-1.051218642
2779	-0.962239738	-1.170363894
2780	-1.339561686	-1.648438622
2781	-0.90976653	-0.796887367
2782	-0.805005676	-0.78799157
2783	-1.211408568	-1.459426631
2784	-0.708277382	-0.455455517
2785	-0.970853975	-1.001268394
2786	-1.113537152	-1.224091317
2787	-0.994867029	-1.254562231
2788	-0.686072402	-0.615660776
2789	-1.04088199	-1.20445638
2790	-0.73340382	-0.625308001
2791	-1.272004202	-1.462884677
2792	-0.823934347	-0.721841969
2793	-1.145862522	-1.260971279
2794	-1.061075075	-1.338221729
2795	-0.990701666	-1.164520064
2796	-0.864260284	-0.935105619
2797	-0.698366572	-0.611468286
2798	-0.977415642	-0.985094308
2799	-0.987507912	-0.97538189
2800	-0.962722838	-1.274074813
2801	-0.693597595	-0.62425333
2802	-1.113950237	-1.290363287
2803	-0.942449981	-1.004742469
2804	-1.067253082	-1.272093873
2805	-0.85635541	-0.668214863
2806	-1.067517845	-1.226856099
2807	-1.124237126	-1.504176623
2808	-1.123746989	-1.28501761
2809	-1.102013159	-1.330261928
2810	-1.124900218	-1.372298557
2811	-0.872402137	-0.939686516
2812	-1.105247751	-1.338797302
2813	-0.82432634	-0.754376473
2814	-1.135253218	-1.169420783
2815	-0.914455286	-1.006792364
2816	-1.013813566	-1.07209678
2817	-1.09194767	-1.257905665
2818	-1.091192022	-1.210365673
2819	-0.918803605	-0.775179016
2820	-1.157108178	-1.346353854
2821	-0.91079514	-0.870492496
2822	-1.03441835	-1.361115485
2823	-1.094870017	-1.284650011
2824	-0.992661133	-1.035386374
2825	-0.648126236	-0.546472419
2826	-1.283118683	-1.641486057
2827	-1.042314479	-1.1490715
2828	-1.063932033	-1.237686417
2829	-0.861103841	-0.87112184
2830	-0.488262312	-0.194492509
2831	-0.769791953	-0.566969547
2832	-1.062014277	-1.148901501
2833	-1.218845366	-1.491054516
2834	-1.014661214	-1.192152054
2835	-0.860992459	-0.813144613
2836	-1.273337023	-1.552745934
2837	-0.774502756	-0.458823434
2838	-0.985301462	-1.094152056
2839	-0.946716439	-0.883187421
2840	-1.049739702	-1.140711273
2841	-1.061286899	-1.186512749
2842	-1.222304685	-1.464418928
2843	-1.098845045	-1.299774802
2844	-0.598566114	-0.479427355
2845	-0.789828685	-0.74779951
2846	-0.923184101	-1.103842616
2847	-1.042110322	-1.143996346
2848	-0.945994188	-0.948195328
2849	-1.138989855	-1.222656268
2850	-1.012077564	-1.338271964
2851	-0.80849636	-0.761897763
2852	-0.860183871	-0.889152749
2853	-1.023884313	-1.163154648
2854	-1.143965234	-1.343116891
2855	-1.01420696	-1.113310112
2856	-0.853922658	-0.889219078
2857	-0.899879807	-0.794372537
2858	-0.975611005	-1.07418408
2859	-0.92149967	-0.977536955
2860	-0.926106205	-0.976889926
2861	-1.21523522	-1.470731608
2862	-0.929304992	-0.885609406
2863	-1.04531722	-1.187729043
2864	-0.785599236	-0.79545289
2865	-1.162031878	-1.353166149
2866	-0.927033286	-0.888466515
2867	-0.782794093	-0.765934218
2868	-1.132596581	-1.385249146
2869	-0.932113477	-0.979788146
2870	-1.185325074	-1.400632458
2871	-1.042590133	-1.466926295
2872	-1.174011937	-1.307247636
2873	-0.539888951	-0.384008551
2874	-0.966256537	-1.006184061
2875	-1.032978267	-1.275707334
2876	-1.007441096	-1.122572144
2877	-1.031737448	-1.204607754
2878	-1.044215194	-1.134153476
2879	-0.576635035	-0.400253154
2880	-0.926217137	-0.905087454
2881	-1.048181159	-1.106766182
2882	-0.852066989	-0.87153995
2883	-0.900978198	-0.849835367
2884	-0.780713638	-0.776587271
2885	-1.090539958	-1.25038681
2886	-0.635426234	-0.57330299
2887	-1.260576049	-1.571709428
2888	-1.133140506	-1.414366202
2889	-1.029262063	-1.171243134
2890	-0.904403067	-0.848505515
2891	-1.047896071	-1.151250285
2892	-0.93582156	-0.787405459
2893	-1.178198052	-1.423101504
2894	-1.16776299	-1.346209141
2895	-0.960852871	-0.881569063
2896	-0.82834217	-0.829183935
2897	-1.044958675	-1.262382617
2898	-0.691343077	-0.618278127
2899	-1.111374942	-1.393515869
2900	-0.965608277	-0.994310199
2901	-0.890795244	-0.882663744
2902	-0.820128694	-0.869637249
2903	-0.863195979	-0.77489654
2904	-0.538156357	-0.340132428
2905	-0.942234891	-1.168415004
2906	-1.03678556	-1.381567871
2907	-1.050566892	-1.436308203
2908	-0.843716842	-0.931264344
2909	-1.048373022	-1.175883161
2910	-0.983764027	-1.100148987
2911	-0.815645934	-0.893949318
2912	-0.946288317	-1.024429062
2913	-0.866840614	-0.981998709
2914	-0.933356755	-0.925253172
2915	-1.101386618	-1.329255643
2916	-0.939968524	-1.217009948
2917	-1.011666598	-1.261204062
2918	-0.979860349	-1.057396212
2919	-0.896365983	-0.987335876
2920	-1.053876261	-1.249459445
2921	-0.595044627	-0.453003809
2922	-1.02414231	-1.100526686
2923	-1.081126053	-1.253739837
2924	-0.816322537	-0.837457114
2925	-0.887570671	-0.9472957
2926	-0.929254994	-0.888411584
2927	-1.10555359	-1.326899784
2928	-1.101896463	-1.341156074
2929	-1.14780629	-1.394802778
2930	-1.155018559	-1.337688722
2931	-0.741947845	-0.739979888
2932	-1.045401086	-1.291776557
2933	-1.159378257	-1.479657033
2934	-0.711888426	-0.605760665
2935	-1.244563668	-1.385595581
2936	-1.040951725	-1.068960039
2937	-1.087782035	-1.372641457
2938	-1.174569671	-1.458623555
2939	-1.025589663	-0.967352254
2940	-1.059353351	-1.335249347
2941	-0.894909366	-0.867988961
2942	-1.103166484	-1.457994856
2943	-0.99358763	-1.03621795
2944	-1.117411916	-1.325172278
2945	-1.075933822	-1.308184327
2946	-1.193750975	-1.465652012
2947	-1.063361487	-1.213306796
2948	-1.027159729	-1.245544463
2949	-1.148335072	-1.489750101
2950	-1.067351842	-1.2264624
2951	-0.975807883	-1.022559298
2952	-0.978089259	-0.98059295
2953	-0.873510431	-0.910944372
2954	-0.753562003	-0.775878099
2955	-1.111167917	-1.304318319
2956	-0.998563114	-1.11082942
2957	-0.90507099	-1.036166805
2958	-1.198172707	-1.394723442
2959	-0.981386781	-1.114800018
2960	-0.923623178	-0.902252946
2961	-0.972135584	-1.000056285
2962	-1.104961309	-1.298555443
2963	-1.065639687	-1.383660324
2964	-1.08003211	-1.294066761
2965	-1.001911842	-1.088311402
2966	-0.736366121	-0.532447462
2967	-1.070994798	-1.299603876
2968	-1.101608873	-1.25408538
2969	-1.22873703	-1.436662128
2970	-1.06444529	-1.098214235
2971	-0.728899666	-0.685334841
2972	-1.328096181	-1.604458755
2973	-0.877023352	-0.768686732
2974	-0.949322108	-0.968848014
2975	-1.138879541	-1.310971399
2976	-0.791985576	-0.725876872
2977	-0.929519307	-1.087381474
2978	-1.124173591	-1.468577006
2979	-0.938638052	-1.05373491
2980	-1.126534363	-1.328560125
2981	-1.090753264	-1.371885854
2982	-1.118609419	-1.289668384
2983	-0.617954185	-0.44868676
2984	-1.108607377	-1.335165783
2985	-1.080092967	-1.157496319
2986	-1.124433818	-1.274786583
2987	-0.739534853	-0.690626079
2988	-1.171146616	-1.447027799
2989	-1.190342548	-1.530285303
2990	-0.839107578	-0.776626681
2991	-1.175052876	-1.484034209
2992	-1.148261414	-1.342674949
2993	-0.947044934	-0.977729078
2994	-0.997276278	-1.045876486
2995	-0.783318066	-0.627220987
2996	-0.932022871	-0.799682962
2997	-1.139762745	-1.36866902
2998	-0.966307465	-1.128772997
2999	-1.171414917	-1.40921064
3000	-0.99115207	-1.044216156