3001	-1.207409093	-1.442138159
3002	-1.156322217	-1.380511811
3003	-0.972968632	-1.219866612
3004	-1.050544293	-1.316453972
3005	-0.928668506	-1.11355564
3006	-0.964758751	-1.096424921
3007	-0.48212805	-0.241235343
3008	-1.026777603	-1.268164453
3009	-1.012880539	-1.045905563
3010	-1.243116893	-1.455993913
3011	-1.000453938	-1.005471536
3012	-1.217263254	-1.363837021
3013	-0.817121805	-0.811066524
3014	-1.026295261	-1.364966054
3015	-0.953254026	-0.925002187
3016	-0.8505473	-0.867913295
3017	-1.261146129	-1.574804921
3018	-1.002929585	-1.086072976
3019	-1.018393047	-1.219707831
3020	-0.97890079	-1.089254147
3021	-0.781662972	-0.780950571
3022	-0.922485932	-0.878119699
3023	-1.063675607	-1.143557439
3024	-0.82774569	-0.744078878
3025	-0.99191681	-1.090802439
3026	-1.243363986	-1.394814543
3027	-1.135605603	-1.298070083
3028	-0.949834558	-1.118291953
3029	-1.016473174	-1.135146677
3030	-1.163499856	-1.499938529
3031	-0.847861788	-0.904202008
3032	-1.161529875	-1.250861394
3033	-0.828856853	-0.852080063
3034	-1.134598749	-1.536623496
3035	-0.99989632	-1.019520889
3036	-1.174373785	-1.392679493
3037	-0.970204604	-0.966318874
3038	-0.954782036	-1.044121654
3039	-0.801104468	-0.672008127
3040	-0.925959581	-0.925444606
3041	-1.241284441	-1.403049888
3042	-1.261681171	-1.551679599
3043	-1.002626283	-1.135067213
3044	-1.076466212	-1.216509887
3045	-0.806732309	-0.816358726
3046	-1.147808791	-1.363384424
3047	-0.999341311	-1.016172819
3048	-0.887356477	-0.920400149
3049	-0.703467112	-0.540758172
3050	-1.185090118	-1.415770032
3051	-1.176615935	-1.317070184
3052	-0.687141154	-0.514691767
3053	-0.640968472	-0.476523022
3054	-0.68537102	-0.590129957
3055	-1.271914895	-1.44809612
3056	-0.83498623	-0.888565734
3057	-1.028571164	-1.006329761
3058	-0.935140326	-0.932092724
3059	-1.155041594	-1.416869098
3060	-1.241701732	-1.576338117
3061	-1.064445528	-1.26354118
3062	-0.91445466	-0.897188326
3063	-1.081941943	-1.067702373
3064	-1.044611287	-1.174901909
3065	-1.083456579	-1.4023968
3066	-0.926551882	-0.973869776
3067	-0.977377614	-1.113294046
3068	-0.88115339	-0.942326705
3069	-0.838188371	-0.816638695
3070	-0.903588761	-0.893663719
3071	-1.028164439	-1.18676976
3072	-0.960568021	-1.144181614
3073	-1.011260942	-1.029875966
3074	-1.142347157	-1.248976763
3075	-1.033396118	-1.229619667
3076	-0.846291838	-0.817275292
3077	-0.659166165	-0.547973264
3078	-0.910686987	-0.9659959
3079	-1.083866962	-1.177585583
3080	-0.576612654	-0.437326387
3081	-0.901018706	-0.960448057
3082	-0.851266215	-0.81331224
3083	-1.277775809	-1.59393874
3084	-0.859310122	-0.753523827
3085	-1.009473519	-1.228438498
3086	-0.816361354	-0.838161823
3087	-0.827140678	-0.699474524
3088	-1.05881541	-1.200562572
3089	-1.044233418	-1.474209765
3090	-0.979334486	-1.152335691
3091	-1.181956017	-1.505895838
3092	-1.076846473	-1.297947033
3093	-1.095318155	-1.305575611
3094	-0.845173059	-0.874142908
3095	-0.827715077	-0.828367396
3096	-1.180982505	-1.31643011
3097	-0.736751275	-0.701393158
3098	-0.674259288	-0.555701388
3099	-0.999443453	-1.141838063
3100	-1.056519548	-1.171960153
3101	-1.065521429	-1.298037303
3102	-1.144410495	-1.396097932
3103	-1.157999744	-1.436159695
3104	-0.826619921	-0.714402799
3105	-1.066691436	-1.242981672
3106	-0.819291584	-0.731643208
3107	-1.118853026	-1.497401133
3108	-0.739915186	-0.691541329
3109	-0.898132917	-0.921886968
3110	-0.981756979	-1.22799262
3111	-1.023557152	-1.134206125
3112	-0.848607529	-0.810754416
3113	-1.21813561	-1.477781656
3114	-0.786471945	-0.798444425
3115	-1.099123285	-1.25097942
3116	-1.054264077	-1.305457892
3117	-0.955560047	-0.886953748
3118	-0.951967668	-1.068374329
3119	-1.134732723	-1.428100276
3120	-1.023656251	-1.139324138
3121	-1.076539591	-1.22679075
3122	-1.019054417	-1.093329921
3123	-0.750489536	-0.772581189
3124	-0.96255082	-1.024049641
3125	-0.91911479	-1.012079028
3126	-1.045602001	-1.253988077
3127	-1.158583686	-1.386241737
3128	-1.144052827	-1.420061043
3129	-1.220451196	-1.454432435
3130	-1.016023734	-1.023267287
3131	-0.753942663	-0.644750687
3132	-0.942703879	-1.062602545
3133	-1.039519167	-1.091017361
3134	-1.170086629	-1.410485531
3135	-1.149947489	-1.366708395
3136	-1.069351929	-1.331640223
3137	-1.106489531	-1.166134123
3138	-1.094241188	-1.156715041
3139	-1.01416274	-1.082945127
3140	-0.955615505	-0.934568745
3141	-0.964741872	-1.030509676
3142	-1.222124224	-1.503175707
3143	-1.086095584	-1.57446085
3144	-0.989718577	-1.052475204
3145	-1.256428916	-1.401276366
3146	-1.079750799	-1.440041137
3147	-0.591144957	-0.472533453
3148	-0.822992376	-0.88666729
3149	-0.963214275	-0.925962271
3150	-1.113456449	-1.538361907
3151	-0.897432495	-0.865507028
3152	-0.916347216	-0.86554033
3153	-0.871587014	-0.659266978
3154	-0.813816443	-0.845653693
3155	-0.863723527	-0.716155402
3156	-1.240041775	-1.487199712
3157	-1.184044282	-1.388332249
3158	-0.882912909	-0.957142227
3159	-0.933556155	-0.940956392
3160	-1.024866377	-1.091598268
3161	-1.200083956	-1.506811702
3162	-0.836266397	-0.956467821
3163	-1.058194912	-1.16731867
3164	-1.071167481	-1.227548392
3165	-1.074131267	-1.13821004
3166	-0.864388052	-0.822726872
3167	-1.093463356	-1.333788866
3168	-1.205480955	-1.450055971
3169	-1.178048104	-1.344348385
3170	-0.702869892	-0.590702332
3171	-0.998784418	-1.071588963
3172	-1.09977458	-1.238081957
3173	-0.946236696	-0.962381674
3174	-0.919324157	-1.066385948
3175	-0.893197517	-0.89372848
3176	-1.081605635	-1.204971721
3177	-1.043114402	-1.172950025
3178	-1.254270993	-1.572259773
3179	-0.941294266	-1.013037361
3180	-1.113865336	-1.263641087
3181	-0.780809466	-0.75007536
3182	-0.988669095	-1.046006282
3183	-1.000286134	-1.00867423
3184	-0.942136121	-1.02310441
3185	-1.054830996	-1.150377627
3186	-1.090282924	-1.302661076
3187	-1.030753096	-1.142476117
3188	-1.084176364	-1.317588045
3189	-0.802455741	-0.874553886
3190	-0.797770732	-0.697593921
3191	-1.004580532	-1.079230538
3192	-0.836190694	-0.715117689
3193	-0.893763205	-0.967258973
3194	-1.146201968	-1.359824173
3195	-0.984133671	-0.941697559
3196	-1.015086257	-1.034079085
3197	-0.993574757	-1.049264318
3198	-0.869161075	-0.914846073
3199	-1.130628848	-1.320779837
3200	-1.178449076	-1.520929908
3201	-1.033615664	-1.121393792
3202	-0.886060005	-0.929667058
3203	-1.03568341	-1.181583283
3204	-1.078688269	-1.281652033
3205	-0.88943711	-0.875055141
3206	-1.067245197	-1.37874518
3207	-1.288471121	-1.463172349
3208	-1.155200945	-1.368792805
3209	-0.958098394	-1.139211329
3210	-1.147787297	-1.366715792
3211	-1.157051977	-1.450199964
3212	-1.010231388	-1.187822678
3213	-1.001715125	-1.14202227
3214	-1.175683555	-1.44774451
3215	-1.083834778	-1.419235445
3216	-1.096437006	-1.343589837
3217	-1.228234708	-1.533299576
3218	-1.170459553	-1.397407165
3219	-1.241658096	-1.481169718
3220	-1.164470881	-1.278837135
3221	-0.90405756	-0.957808215
3222	-0.891883953	-0.777450755
3223	-0.960005228	-1.076864964
3224	-1.281003455	-1.486981527
3225	-1.092859927	-1.203114107
3226	-1.202788411	-1.500075518
3227	-1.135397947	-1.526232708
3228	-0.939281556	-0.953406807
3229	-0.731446148	-0.652079173
3230	-1.334368547	-1.57930531
3231	-0.728317706	-0.63801171
3232	-0.691001804	-0.607623688
3233	-1.127704129	-1.298646484
3234	-1.024119127	-1.117186507
3235	-1.024643699	-1.222741388
3236	-0.997499125	-1.082514869
3237	-0.771802776	-0.740767217
3238	-0.956588632	-1.088701253
3239	-1.194286854	-1.399277444
3240	-0.919591675	-0.79114558
3241	-1.153264838	-1.262239296
3242	-0.746674902	-0.716943662
3243	-1.073036945	-1.369604337
3244	-0.667828625	-0.516047851
3245	-1.100717766	-1.225801563
3246	-1.111288562	-1.297673909
3247	-1.005908039	-1.022522764
3248	-1.016764598	-1.105705937
3249	-0.995775086	-1.20715687
3250	-1.075588687	-1.284694808
3251	-1.073529943	-1.402767426
3252	-0.970236891	-1.339814131
3253	-0.944558701	-1.134365414
3254	-1.120585435	-1.357910556
3255	-1.083597358	-1.276444629
3256	-0.799422188	-0.813768327
3257	-1.021561961	-1.115337037
3258	-0.983571952	-1.063392427
3259	-0.900802729	-0.963510996
3260	-1.082276799	-1.278001357
3261	-1.101733437	-1.514313994
3262	-0.930635902	-0.897180008
3263	-0.842535461	-0.836600049
3264	-1.024712222	-1.064716749
3265	-1.203152038	-1.315713493
3266	-1.22484478	-1.521605388
3267	-1.029640578	-1.241083494
3268	-0.872222185	-0.935222621
3269	-0.559738967	-0.425132997
3270	-0.826124026	-0.837662986
3271	-1.069965054	-1.195790244
3272	-1.01879919	-1.570526912
3273	-1.066432138	-1.330662824
3274	-0.926039656	-0.979555316
3275	-1.102632298	-1.585811575
3276	-1.072759545	-1.221842475
3277	-1.036890159	-1.222474012
3278	-1.15720638	-1.366468422
3279	-0.980983776	-1.078203543
3280	-0.818024414	-0.868910931
3281	-0.987025018	-1.062607369
3282	-1.040141003	-1.378964943
3283	-0.988483375	-1.243967228
3284	-0.936878804	-0.858931986
3285	-1.175826687	-1.467745295
3286	-1.054317929	-1.187462737
3287	-1.089392529	-1.232407994
3288	-1.140365253	-1.514767081
3289	-1.14781442	-1.335560451
3290	-1.086045256	-1.215414508
3291	-0.933766016	-1.156263703
3292	-0.857772957	-0.908359753
3293	-1.260469873	-1.468814603
3294	-0.990940543	-0.97848352
3295	-1.006568939	-1.040704575
3296	-0.61634258	-0.476124433
3297	-0.914137323	-0.994136155
3298	-1.188557299	-1.38433737
3299	-1.11210446	-1.235285578
3300	-0.939556663	-0.991235656
3301	-1.184572299	-1.529971565
3302	-1.032596187	-1.174821794
3303	-1.041826905	-1.115068568
3304	-1.079523503	-1.200165742
3305	-0.866057116	-0.714905788
3306	-1.036143047	-1.162353126
3307	-0.696103536	-0.628494815
3308	-0.914602144	-0.896517577
3309	-0.930367268	-1.038118995
3310	-0.666195078	-0.590142315
3311	-0.954982246	-1.181067054
3312	-0.833785862	-0.889292399
3313	-0.920830787	-1.080678951
3314	-0.714161935	-0.456224744
3315	-0.955565033	-1.079697353
3316	-0.810272481	-0.721741198
3317	-0.974465447	-1.032444133
3318	-0.915528141	-0.878518572
3319	-1.010384612	-1.188542451
3320	-1.205364195	-1.318187935
3321	-1.224529967	-1.48908999
3322	-1.092859927	-1.203114107
3323	-1.157490125	-1.367960605
3324	-0.733314579	-0.676297094
3325	-1.076955779	-1.363246235
3326	-0.876000136	-0.712526801
3327	-1.028454792	-1.076186832
3328	-1.065916656	-1.21328351
3329	-1.15100596	-1.337958353
3330	-1.011761021	-1.083065047
3331	-0.63222298	-0.534267459
3332	-0.93826636	-0.891708112
3333	-0.912037475	-0.947339468
3334	-0.846951126	-0.867107438
3335	-1.036732652	-1.286973097
3336	-1.153004541	-1.372214357
3337	-1.24214677	-1.459665976
3338	-1.126126553	-1.455908856
3339	-1.266091915	-1.439073828
3340	-0.990500882	-1.028249822
3341	-0.596551811	-0.454668687
3342	-1.040779569	-1.189837758
3343	-0.790705432	-0.753717278
3344	-0.717576267	-0.633949045
3345	-1.089863731	-1.188082284
3346	-0.838321399	-0.83494983
3347	-1.136726745	-1.238048422
3348	-1.111522141	-1.308587695
3349	-1.015466191	-1.213051246
3350	-0.820253612	-0.652511291
3351	-1.034908014	-1.103709911
3352	-0.976801559	-1.157071073
3353	-1.075485673	-1.169601313
3354	-0.891967572	-0.861132785
3355	-1.136529064	-1.375062488
3356	-0.943428163	-0.924541678
3357	-1.000891138	-1.385608384
3358	-0.956289415	-1.040084307
3359	-1.175563495	-1.358262145
3360	-1.108715844	-1.252152216
3361	-1.032177476	-1.295339953
3362	-0.920456599	-0.899564263
3363	-1.13879685	-1.386939968
3364	-0.793327213	-0.787938725
3365	-0.789074193	-0.691222916
3366	-0.878045749	-0.867585423
3367	-1.139412653	-1.436001953
3368	-0.928228931	-0.740749224
3369	-1.026969728	-1.281970519
3370	-0.771954272	-0.708339607
3371	-0.90735108	-0.926500129
3372	-1.034038467	-1.097888714
3373	-0.89407509	-0.773266475
3374	-0.938918522	-0.875914186
3375	-0.87316845	-0.760169945
3376	-1.081643081	-1.275807624
3377	-1.13013123	-1.404246821
3378	-0.983360083	-1.35437926
3379	-0.98436908	-1.088418768
3380	-1.117741693	-1.352808679
3381	-1.079406298	-1.315881694
3382	-0.894693336	-0.884241088
3383	-0.808721381	-0.851255081
3384	-0.983211327	-0.897348248
3385	-1.154233727	-1.490214339
3386	-1.100843765	-1.259620953
3387	-1.232704793	-1.40200501
3388	-1.07757014	-1.278888817
3389	-0.895297351	-0.947466853
3390	-1.042700744	-1.136616347
3391	-1.189929791	-1.598306832
3392	-1.104263688	-1.246853986
3393	-1.129219392	-1.259841703
3394	-1.009932547	-1.290443365
3395	-1.094762036	-1.281886181
3396	-1.102881655	-1.280459542
3397	-1.042136184	-1.202054987
3398	-1.19083169	-1.420045067
3399	-1.119185412	-1.511410087
3400	-0.918896425	-0.951458743
3401	-0.954157857	-1.015981403
3402	-0.841794694	-0.683973128
3403	-0.772612451	-0.751251787
3404	-1.047747428	-1.354066736
3405	-1.076026219	-1.205696821
3406	-0.823928607	-0.778413142
3407	-0.733716906	-0.569597028
3408	-0.990473987	-1.005730231
3409	-1.086568472	-1.221319697
3410	-0.985499283	-1.167288363
3411	-1.041593641	-1.356221434
3412	-0.983582964	-1.067430884
3413	-0.866443531	-0.949403208
3414	-0.816544862	-0.589283639
3415	-0.774786129	-0.772857035
3416	-1.15756038	-1.374129366
3417	-1.168502241	-1.366725317
3418	-0.734709935	-0.662605755
3419	-0.676641794	-0.532944652
3420	-0.986185139	-0.994331542
3421	-1.13110008	-1.28719646
3422	-0.970531662	-1.032999133
3423	-0.862859229	-0.869999423
3424	-0.880474176	-0.811277496
3425	-1.11857176	-1.490574452
3426	-0.959818974	-1.005620559
3427	-1.050197759	-1.367982881
3428	-1.077990628	-1.277315526
3429	-1.147131578	-1.404641685
3430	-1.007194483	-1.077938116
3431	-1.114048338	-1.308395583
3432	-1.130953285	-1.323121759
3433	-1.21688725	-1.530448543
3434	-0.86769347	-1.008321415
3435	-1.205622992	-1.50011577
3436	-1.244182426	-1.529593675
3437	-1.095354634	-1.31164321
3438	-0.903512269	-0.758718485
3439	-0.813207508	-0.862744212
3440	-0.704961536	-0.64788452
3441	-1.176510598	-1.497231929
3442	-0.991275206	-0.977141448
3443	-1.144711319	-1.368382811
3444	-0.851649627	-0.899331336
3445	-1.186861556	-1.489920036
3446	-1.026905219	-1.096051576
3447	-1.066681804	-1.276106241
3448	-1.168815611	-1.355632989
3449	-0.854597578	-0.799424007
3450	-0.934324026	-0.967629986
3451	-1.045618076	-1.12412282
3452	-1.084184858	-1.240494667
3453	-1.005903187	-1.156594837
3454	-0.841166186	-0.863169179
3455	-0.954616516	-1.078951752
3456	-1.132595658	-1.32859656
3457	-0.807792503	-0.779305439
3458	-1.148555859	-1.175760126
3459	-1.001037	-1.100510603
3460	-0.898979028	-0.804801874
3461	-0.59311585	-0.450752427
3462	-1.026039619	-1.140272054
3463	-1.084028535	-1.277671981
3464	-0.88440797	-0.930408217
3465	-0.796132853	-0.793192171
3466	-1.099162866	-1.30397849
3467	-1.126257146	-1.339317183
3468	-1.086477361	-1.204606672
3469	-0.886954913	-0.747104659
3470	-1.002384395	-1.133719655
3471	-1.202142393	-1.478568416
3472	-1.126985257	-1.416935352
3473	-1.091814805	-1.368810343
3474	-0.926610149	-0.830948364
3475	-1.153242912	-1.426375885
3476	-1.111921527	-1.218187625
3477	-1.065242457	-1.293033073
3478	-1.275194104	-1.586648253
3479	-1.11928064	-1.306396965
3480	-0.622950778	-0.463813327
3481	-0.900701835	-0.859236386
3482	-0.949717118	-1.051542907
3483	-1.097953699	-1.32118599
3484	-1.038016687	-1.159917784
3485	-1.012023746	-1.076165754
3486	-1.125883965	-1.35810827
3487	-1.036806591	-1.018943911
3488	-0.849399789	-0.906284244
3489	-0.59764358	-0.464558582
3490	-0.929114601	-1.045092462
3491	-0.642991321	-0.555893919
3492	-0.809701755	-0.835924607
3493	-0.920919399	-1.076422763
3494	-0.983676398	-0.916532725
3495	-0.909095684	-1.027808363
3496	-0.714361876	-0.645175404
3497	-1.026982161	-1.167396559
3498	-0.629048515	-0.482619587
3499	-0.983610201	-1.11072466
3500	-1.010673402	-1.409312296
3501	-0.949247988	-1.055838032
3502	-0.773744836	-0.7830949
3503	-0.966110816	-1.081058758
3504	-0.827419086	-0.692729622
3505	-1.238451553	-1.462743424
3506	-0.977733997	-1.09049501
3507	-1.232863734	-1.559624343
3508	-1.056602835	-1.224250732
3509	-0.949344177	-1.017763584
3510	-0.690851934	-0.413367471
3511	-1.059759945	-1.532333661
3512	-0.945272259	-1.090486407
3513	-0.918286167	-0.855877789
3514	-0.829956076	-0.629105017
3515	-0.674081581	-0.44487765
3516	-1.04149859	-1.184562127
3517	-1.151881313	-1.412731945
3518	-1.049257033	-1.257368869
3519	-0.935676908	-1.008017806
3520	-1.058322567	-1.172399715
3521	-1.106705761	-1.273529543
3522	-1.015215588	-1.109566814
3523	-1.040114796	-1.135904222
3524	-0.592766485	-0.476518704
3525	-0.588048126	-0.414013842
3526	-0.932811956	-1.059836292
3527	-1.063429586	-1.059715913
3528	-0.868509292	-0.868798896
3529	-1.252184948	-1.583139501
3530	-0.96304319	-1.068786282
3531	-0.859568916	-0.868515347
3532	-0.635102027	-0.51172769
3533	-0.874362703	-0.937755716
3534	-1.152606274	-1.276485497
3535	-1.1574365	-1.361642443
3536	-1.264109073	-1.497395679
3537	-1.115549762	-1.279996914
3538	-1.102026877	-1.174734854
3539	-1.000097561	-1.139135916
3540	-0.992444736	-1.083303196
3541	-1.145967769	-1.485822139
3542	-1.052111587	-1.064638237
3543	-0.995935987	-1.077198744
3544	-1.073576581	-1.298740317
3545	-1.016395795	-1.130168344
3546	-1.075856646	-1.223205444
3547	-0.851934273	-0.726737366
3548	-0.822484222	-0.676209215
3549	-0.524862029	-0.294636871
3550	-0.94209165	-0.986461025
3551	-1.05740785	-1.028858257
3552	-1.243044221	-1.431370229
3553	-1.013104045	-1.076294116
3554	-1.223028203	-1.500550337
3555	-1.082393746	-1.269124104
3556	-0.989495246	-1.047773592
3557	-0.936861006	-1.040405035
3558	-1.101047568	-1.210260415
3559	-1.168297836	-1.28591621
3560	-1.117497628	-1.307836181
3561	-1.284170767	-1.589189063
3562	-1.16844592	-1.41501784
3563	-0.805744312	-0.710072191
3564	-1.187945875	-1.4846019
3565	-1.202933271	-1.504429506
3566	-0.81106444	-0.631838524
3567	-1.060707191	-1.21826857
3568	-1.113091908	-1.294163559
3569	-0.928138065	-0.806456446
3570	-0.938888979	-0.95615086
3571	-0.651232498	-0.578540302
3572	-0.826545713	-0.720462091
3573	-1.00552115	-1.092163037
3574	-0.965718933	-0.998298238
3575	-0.981903106	-0.896500452
3576	-0.866179135	-0.794609226
3577	-0.835299319	-0.736319487
3578	-1.055887345	-1.205337651
3579	-1.04773848	-1.258053371
3580	-1.092620061	-1.484377281
3581	-0.975439986	-1.038382216
3582	-0.981657646	-0.969427073
3583	-0.731573527	-0.675391537
3584	-1.101674198	-1.186280902
3585	-0.896713944	-1.069103666
3586	-0.924600335	-0.883176554
3587	-0.871325476	-0.775288092
3588	-1.006027544	-1.093534856
3589	-0.638258931	-0.562269527
3590	-0.457466846	-0.124640589
3591	-0.856545421	-0.604935833
3592	-1.016043827	-1.028438755
3593	-0.728448717	-0.692798651
3594	-1.052360486	-1.219127059
3595	-0.681861415	-0.504009707
3596	-0.675942638	-0.598633115
3597	-1.078951678	-1.338813379
3598	-0.946336258	-0.990244608
3599	-1.018810511	-1.210392273
3600	-1.056143768	-1.273968881
3601	-0.876314978	-0.800839133
3602	-0.93923848	-1.06118642
3603	-0.818066355	-0.565118193
3604	-0.673651432	-0.339203193
3605	-1.117256973	-1.460569012
3606	-0.924016808	-0.979075262
3607	-0.858651842	-0.86539345
3608	-0.752867525	-0.745902258
3609	-1.112590564	-1.427780391
3610	-1.197550423	-1.397007095
3611	-1.120003929	-1.301294358
3612	-0.613281827	-0.5055287
3613	-1.023651635	-1.044137359
3614	-1.004792118	-1.033032831
3615	-0.735374882	-0.65413091
3616	-0.956376615	-1.184220731
3617	-0.763961662	-0.728047059
3618	-0.676133803	-0.577881163
3619	-1.205106154	-1.32541018
3620	-0.893543364	-0.896825401
3621	-0.828451951	-0.846314421
3622	-1.250660469	-1.434912536
3623	-0.915285615	-0.780437828
3624	-1.095763085	-1.284734057
3625	-1.075126053	-1.223443456
3626	-0.94333021	-1.034685744
3627	-1.162214054	-1.432834199
3628	-1.203072533	-1.343604519
3629	-0.833850786	-0.741657323
3630	-0.771224571	-0.788276963
3631	-1.193281847	-1.493497451
3632	-1.077525493	-1.187796015
3633	-0.955943558	-1.006281978
3634	-1.034877181	-1.066369761
3635	-1.069544784	-1.19790396
3636	-1.0728543	-1.239511801
3637	-0.780066392	-0.632867841
3638	-1.082144791	-1.218809743
3639	-1.119553254	-1.286283983
3640	-0.849356863	-0.926077627
3641	-0.838223007	-0.732576673
3642	-1.05630551	-1.222047288
3643	-1.169022359	-1.463902391
3644	-1.113903737	-1.34257198
3645	-0.722424956	-0.73353061
3646	-0.909639886	-0.795655265
3647	-0.630794025	-0.481135903
3648	-0.900442604	-0.930904217
3649	-0.878435878	-0.938438641
3650	-0.674894526	-0.586678457
3651	-1.07622044	-1.21826005
3652	-0.981665225	-1.195260669
3653	-0.914358739	-0.966978609
3654	-0.910671339	-0.777651735
3655	-0.894990213	-0.938557116
3656	-0.910817501	-0.933517366
3657	-1.075783992	-1.295652706
3658	-1.111734324	-1.267334241
3659	-1.009164148	-1.17577632
3660	-0.865742404	-0.911768237
3661	-1.051761282	-1.255637678
3662	-0.984195935	-1.067205897
3663	-1.014795083	-1.005891479
3664	-0.918126855	-0.996249944
3665	-0.677486573	-0.495914261
3666	-0.970216797	-0.977818389
3667	-0.469079659	-0.250112802
3668	-1.143546997	-1.297407425
3669	-0.801626983	-0.780239046
3670	-1.251404683	-1.565105411
3671	-0.742548224	-0.49376627
3672	-1.12380093	-1.338026244
3673	-0.727935803	-0.736917932
3674	-0.69168721	-0.644866594
3675	-0.555006613	-0.36657979
3676	-0.884791289	-0.925221203
3677	-1.103286985	-1.270739985
3678	-1.058312304	-1.380270122
3679	-1.110833706	-1.191680125
3680	-0.924474976	-0.925549408
3681	-1.093773954	-1.286373713
3682	-1.051324134	-1.20246978
3683	-1.107947637	-1.309469857
3684	-1.123251097	-1.342155184
3685	-1.08505454	-1.169777188
3686	-0.889243081	-0.927146016
3687	-0.942447298	-0.828606674
3688	-0.937216445	-1.035706402
3689	-1.042175141	-1.129557082
3690	-0.971414511	-1.094463278
3691	-0.74130262	-0.723389971
3692	-1.039514364	-1.147397917
3693	-0.749979849	-0.553943415
3694	-0.949030929	-1.034642763
3695	-0.848770544	-0.913043118
3696	-1.167171688	-1.498831538
3697	-1.226133873	-1.517220425
3698	-1.07768471	-1.378710907
3699	-1.082053267	-1.222814924
3700	-0.806340457	-0.830892039
3701	-0.89537475	-0.990152072
3702	-1.037804656	-1.227027432
3703	-1.063667647	-1.293072121
3704	-1.030745159	-1.160211394
3705	-1.06545948	-1.204767583
3706	-0.743652777	-0.750129431
3707	-0.926310287	-1.119391679
3708	-0.831080405	-0.841147194
3709	-0.933077533	-0.890383574
3710	-0.73952189	-0.710112648
3711	-1.067825736	-1.364651678
3712	-0.92641505	-1.039648445
3713	-1.048297323	-1.280512866
3714	-1.053917991	-1.080661324
3715	-1.102791115	-1.252213487
3716	-1.174127184	-1.410343275
3717	-1.171745351	-1.380965534
3718	-0.849908976	-0.839169711
3719	-0.863813105	-0.871267683
3720	-1.161365414	-1.465454287
3721	-1.194326152	-1.360550307
3722	-1.126958898	-1.257725968
3723	-0.934862913	-1.018768949
3724	-0.74711383	-0.738971538
3725	-1.040860262	-1.064266453
3726	-1.041086834	-1.225527761
3727	-0.851091312	-0.648363236
3728	-1.130667051	-1.37255198
3729	-0.849184561	-0.841995839
3730	-1.119159529	-1.277531274
3731	-1.173608488	-1.380691324
3732	-0.90914158	-0.852740445
3733	-1.037355433	-1.038473133
3734	-0.98557583	-0.965426962
3735	-1.082995468	-1.401411848
3736	-1.063871078	-1.201264504
3737	-0.770078764	-0.79136294
3738	-0.950540173	-1.188126959
3739	-1.138118005	-1.302987216
3740	-0.608421731	-0.456480617
3741	-0.998912561	-1.096075017
3742	-1.102609674	-1.259251987
3743	-1.128925215	-1.342063996
3744	-0.908682226	-0.864064486
3745	-1.133620503	-1.294410914
3746	-0.922387439	-1.035349256
3747	-0.984649586	-1.015837854
3748	-0.846759454	-0.897978409
3749	-0.733426436	-0.623555913
3750	-0.979869009	-1.22163364
3751	-0.981314476	-1.104450515
3752	-1.106391177	-1.195702136
3753	-0.774281039	-0.798554673
3754	-0.931965194	-1.137149284
3755	-1.027750647	-1.104110346
3756	-1.252449047	-1.525915971
3757	-0.926894555	-0.878428174
3758	-1.129772733	-1.315315189
3759	-1.096945873	-1.300817382
3760	-1.059497212	-1.162226728
3761	-0.803186843	-0.904625223
3762	-1.081827275	-1.15132167
3763	-1.169143431	-1.375250369
3764	-1.023809018	-1.233745713
3765	-0.984922045	-1.044217619
3766	-1.042983511	-1.165514231
3767	-0.701459403	-0.629334184
3768	-0.849489988	-0.914557359
3769	-1.115365677	-1.356833382
3770	-1.200151534	-1.359303853
3771	-1.06826154	-1.230483031
3772	-1.162342975	-1.443585548
3773	-0.900346929	-1.030082902
3774	-0.982446549	-0.991231144
3775	-1.120830961	-1.243737767
3776	-1.159401872	-1.35933047
3777	-0.83924075	-0.907739744
3778	-1.05303161	-1.161389418
3779	-0.866939645	-0.85733108
3780	-1.10700482	-1.315475232
3781	-0.965180699	-1.043884651
3782	-1.018188647	-1.09785726
3783	-1.023002608	-1.293886246
3784	-0.823414217	-0.844748774
3785	-0.81341933	-0.871034886
3786	-0.936909352	-1.042394688
3787	-1.175240162	-1.327048799
3788	-1.043710139	-1.159416246
3789	-1.124442027	-1.294556451
3790	-0.797572838	-0.739983358
3791	-0.959892292	-0.917037859
3792	-1.0456367	-1.171418038
3793	-1.067015212	-1.159380148
3794	-0.881656817	-0.908795439
3795	-0.945090353	-0.961672889
3796	-0.799304633	-0.842570174
3797	-0.856976849	-0.684026019
3798	-0.944226869	-1.065266728
3799	-0.996184405	-1.186862063
3800	-0.916917877	-0.979661447
3801	-1.091749965	-1.181130066
3802	-0.895980107	-0.891190989
3803	-1.076646622	-1.215206895
3804	-0.995628232	-1.288213254
3805	-1.082440956	-1.090299054
3806	-1.19780875	-1.445077756
3807	-1.178619621	-1.475012281
3808	-1.070469614	-1.177023771
3809	-1.082523565	-1.247139082
3810	-0.67725905	-0.58770252
3811	-1.171038764	-1.34970129
3812	-0.820443138	-0.900097878
3813	-0.728187354	-0.545261982
3814	-1.12483357	-1.462919494
3815	-1.036238349	-1.109147766
3816	-1.008967896	-1.210736069
3817	-0.969482526	-1.002111721
3818	-0.997854528	-1.151828719
3819	-0.875678537	-0.868164218
3820	-0.755817352	-0.516242583
3821	-1.035040369	-1.185218246
3822	-1.003578394	-1.079309042
3823	-0.813620134	-0.826706733
3824	-0.841792883	-0.784150965
3825	-0.775987622	-0.647879885
3826	-0.609057898	-0.481666956
3827	-0.873632549	-0.938457324
3828	-1.207332696	-1.367713922
3829	-0.827129766	-0.832364549
3830	-1.128674993	-1.275365536
3831	-1.088789779	-1.135772987
3832	-0.919713576	-0.972542045
3833	-1.122767502	-1.304716152
3834	-0.981272926	-1.020696507
3835	-1.173663304	-1.40283452
3836	-1.114243136	-1.376826618
3837	-1.121008934	-1.365599757
3838	-1.039937603	-1.148292003
3839	-0.521243978	-0.268855971
3840	-1.168333778	-1.318220003
3841	-1.319254452	-1.585001204
3842	-0.838064468	-0.763662642
3843	-0.966275529	-0.93228369
3844	-0.951752081	-1.068333551
3845	-1.053671269	-1.154952999
3846	-1.022771131	-1.116337517
3847	-0.740235535	-0.679033861
3848	-1.054730706	-1.092771213
3849	-1.051372234	-1.218055142
3850	-1.264802822	-1.399231947
3851	-1.043524763	-1.129412773
3852	-1.067774451	-1.219602784
3853	-1.15151094	-1.390919593
3854	-0.769803691	-0.734051962
3855	-1.103086433	-1.276880834
3856	-0.876578976	-0.947421059
3857	-1.063230226	-1.300411423
3858	-1.119090232	-1.237453961
3859	-1.008476154	-1.118805738
3860	-1.125795054	-1.288736859
3861	-1.188480344	-1.494762128
3862	-1.19257398	-1.396785318
3863	-1.151338819	-1.347098239
3864	-0.834136388	-0.58940254
3865	-0.839063687	-0.804574647
3866	-1.062558194	-1.291654464
3867	-0.739664327	-0.719631122
3868	-1.103312662	-1.291997912
3869	-0.983252906	-1.076745604
3870	-1.00460474	-1.176594609
3871	-0.525279056	-0.329411472
3872	-0.970434816	-0.923658712
3873	-1.058819163	-1.208471584
3874	-1.029390309	-1.0033965
3875	-1.224634101	-1.387668395
3876	-0.877703442	-0.762207674
3877	-0.915840323	-0.93965503
3878	-1.222375861	-1.399949284
3879	-1.184962308	-1.364042032
3880	-0.992202127	-1.053160418
3881	-1.223241024	-1.439492844
3882	-0.800157317	-0.742117963
3883	-0.924358537	-1.161734188
3884	-1.136605094	-1.351950895
3885	-0.953717283	-1.218661263
3886	-0.87339377	-0.931890702
3887	-0.776086234	-0.766739854
3888	-1.025558419	-0.992388618
3889	-0.650340458	-0.539187901
3890	-0.821417034	-0.602949088
3891	-0.871451623	-0.912524672
3892	-0.951285084	-0.91455616
3893	-1.071084992	-1.319503964
3894	-0.628727442	-0.3786913
3895	-1.104221308	-1.273305053
3896	-0.976883867	-1.251749585
3897	-1.026307439	-1.151391262
3898	-0.635491361	-0.42851494
3899	-0.662757136	-0.534082912
3900	-1.010193428	-1.069039815
3901	-1.123949276	-1.364698576
3902	-0.891746274	-0.987568414
3903	-1.297948958	-1.570252496
3904	-0.682266355	-0.642982523
3905	-0.918365224	-1.004649931
3906	-1.055951811	-1.175591908
3907	-1.066368028	-1.190750614
3908	-1.058349282	-1.236216295
3909	-1.019378149	-1.028641321
3910	-1.012135192	-0.974840949
3911	-0.95401589	-0.969098983
3912	-1.076640603	-1.103675021
3913	-1.157881318	-1.33368696
3914	-1.097779045	-1.254831387
3915	-1.05648244	-1.220924978
3916	-1.195589178	-1.494243685
3917	-0.822931373	-0.863364823
3918	-1.004770668	-1.305494592
3919	-0.923518541	-0.798586779
3920	-0.794246908	-0.623984038
3921	-0.733516353	-0.713741384
3922	-1.090150304	-1.483706375
3923	-0.586990189	-0.424066933
3924	-0.942513588	-0.953030798
3925	-0.816588647	-0.783841417
3926	-1.13410613	-1.293086984
3927	-0.975713817	-1.042202643
3928	-0.992164902	-1.00006561
3929	-1.134644275	-1.240723307
3930	-0.901930103	-0.767637029
3931	-0.94331339	-1.06909958
3932	-1.036252489	-1.045858524
3933	-0.765032493	-0.743267858
3934	-1.03971455	-1.215493225
3935	-0.635507048	-0.515362993
3936	-1.115645953	-1.292370736
3937	-1.246100642	-1.374560946
3938	-1.061123732	-1.188953672
3939	-0.925173987	-0.901783319
3940	-0.85567006	-0.85891948
3941	-1.12061856	-1.302805987
3942	-0.911986571	-0.92510869
3943	-0.820842644	-0.693245641
3944	-0.919836035	-0.961863596
3945	-1.08896949	-1.154474046
3946	-1.059826509	-1.128931257
3947	-0.823914904	-0.554246279
3948	-0.813432688	-0.673592593
3949	-1.137645872	-1.347532158
3950	-0.638568032	-0.567954526
3951	-1.024806015	-1.160897205
3952	-0.96719068	-0.968931384
3953	-1.03374522	-1.196981577
3954	-1.002940979	-1.122098843
3955	-1.112715855	-1.371413092
3956	-0.950746266	-0.869158426
3957	-1.012618878	-1.092479045
3958	-1.118472033	-1.304004897
3959	-0.986499137	-1.076557274
3960	-1.176063346	-1.403144878
3961	-0.886262919	-0.839498269
3962	-1.030902342	-1.269547987
3963	-0.792506333	-0.741576564
3964	-1.010964926	-1.060410152
3965	-0.460860156	-0.114250191
3966	-0.904286637	-0.790256082
3967	-1.182423897	-1.394562002
3968	-1.084213373	-1.266759489
3969	-0.931316083	-1.017868222
3970	-1.190794619	-1.406035795
3971	-1.219143996	-1.421231313
3972	-1.097730402	-1.229158989
3973	-1.161690716	-1.392721618
3974	-1.138990598	-1.308676207
3975	-1.004366157	-1.376075289
3976	-0.851505671	-0.91625917
3977	-1.261592478	-1.460477605
3978	-1.09403922	-1.229123056
3979	-0.819790723	-0.868868326
3980	-0.795434118	-0.508691497
3981	-1.074880996	-1.177943862
3982	-0.691621436	-0.622746204
3983	-0.94067991	-1.050009083
3984	-0.92237319	-0.984768378
3985	-0.801574925	-0.790489797
3986	-0.814661235	-0.832994506
3987	-1.022511368	-1.264036187
3988	-0.74679947	-0.663746947
3989	-0.63641177	-0.555387525
3990	-0.72954636	-0.538611835
3991	-1.084300803	-1.389243242
3992	-1.073413247	-1.254376362
3993	-0.922307245	-0.948726515
3994	-1.012153859	-1.301511754
3995	-1.133343609	-1.366422538
3996	-1.195540291	-1.277799095
3997	-0.992014532	-1.015671607
3998	-1.079330569	-1.264460682
3999	-1.053141334	-1.350812585
4000	-1.14484961	-1.317309156