5001	-1.102257201	-1.472667021
5002	-1.352949831	-1.519837237
5003	-0.892717235	-0.91962154
5004	-1.042175793	-1.197629472
5005	-1.063499025	-1.302924817
5006	-1.005298873	-1.057321495
5007	-0.993334719	-1.36137157
5008	-1.134711894	-1.291601387
5009	-1.159501303	-1.409447097
5010	-1.261570593	-1.434590449
5011	-1.028581511	-1.31443499
5012	-0.953845789	-0.774465879
5013	-1.00192682	-1.178832137
5014	-0.966560791	-1.201764185
5015	-1.057220062	-1.163970131
5016	-1.121168666	-1.376793712
5017	-0.877314528	-0.729379939
5018	-1.078776114	-1.54402102
5019	-0.794055579	-0.726099009
5020	-0.969114802	-1.109689657
5021	-1.156894792	-1.271360552
5022	-1.057278419	-1.20300288
5023	-0.981722152	-1.062197813
5024	-0.544785023	-0.349572194
5025	-1.088742684	-1.280249375
5026	-1.038094471	-1.0855223
5027	-1.150214282	-1.325416454
5028	-1.05284848	-1.210811631
5029	-0.767450598	-0.72422902
5030	-1.045268293	-1.144442902
5031	-1.099555519	-1.456965835
5032	-0.932903805	-0.871171891
5033	-1.298976462	-1.562979551
5034	-0.872294936	-0.775449023
5035	-1.154421721	-1.498876758
5036	-1.030479813	-1.110831053
5037	-1.010873045	-1.061040409
5038	-1.22984493	-1.515123068
5039	-1.037788993	-1.197386019
5040	-1.024582704	-1.07167007
5041	-0.931689805	-1.072307356
5042	-0.903523866	-1.06381235
5043	-0.756542371	-0.590487979
5044	-1.124581939	-1.293371742
5045	-1.111622954	-1.311428544
5046	-1.152650479	-1.317290959
5047	-0.91103104	-0.906736847
5048	-0.819302351	-0.789115339
5049	-1.076293796	-1.309629356
5050	-0.817037927	-0.832987558
5051	-0.592944652	-0.470929669
5052	-0.867255793	-0.948106835
5053	-1.010920403	-1.251772406
5054	-0.930344163	-1.119101254
5055	-1.242272661	-1.401520844
5056	-0.90294767	-0.867286916
5057	-0.798550355	-0.74865026
5058	-0.847024398	-0.727236648
5059	-0.994495306	-1.040089709
5060	-1.22836758	-1.495691113
5061	-0.856334306	-0.863350709
5062	-1.238462747	-1.431931511
5063	-0.969556669	-1.188411635
5064	-1.034071168	-1.069586273
5065	-1.176765985	-1.396592217
5066	-0.962721905	-0.878122515
5067	-1.011461255	-1.074280645
5068	-0.75001612	-0.734473175
5069	-0.818417969	-0.647150372
5070	-0.878343426	-0.992527942
5071	-1.021097264	-1.20317576
5072	-1.084744727	-1.450202305
5073	-0.601062354	-0.439698106
5074	-1.098633995	-1.291632935
5075	-1.176831857	-1.412082837
5076	-0.964069302	-1.184166741
5077	-0.94125381	-1.17132305
5078	-1.118940754	-1.364162855
5079	-0.682892011	-0.616279462
5080	-1.105674029	-1.221536051
5081	-0.985961789	-1.180212853
5082	-1.112927876	-1.235866991
5083	-0.990782087	-1.15999174
5084	-1.022698346	-1.224275643
5085	-1.166240413	-1.463421589
5086	-1.188701951	-1.476757112
5087	-1.015236997	-1.236210947
5088	-1.047428652	-1.25722789
5089	-0.755489198	-0.720575029
5090	-1.008676333	-1.340771347
5091	-0.991623116	-1.223872119
5092	-1.058888521	-1.331500424
5093	-1.235509217	-1.496751851
5094	-0.898341781	-0.745208351
5095	-0.688424997	-0.667939906
5096	-0.873890044	-0.780157193
5097	-0.917252262	-0.82463048
5098	-1.087255668	-1.199871761
5099	-1.037941348	-1.040152983
5100	-1.119535504	-1.287033731
5101	-1.048510128	-1.153557324
5102	-1.084772526	-1.155424827
5103	-1.144248888	-1.468827387
5104	-0.670734086	-0.579038375
5105	-0.526795028	-0.37247668
5106	-1.09587524	-1.355730616
5107	-1.019064435	-1.050353997
5108	-1.145760965	-1.386906058
5109	-0.911515588	-0.840670146
5110	-0.815454141	-0.84590775
5111	-1.110936561	-1.270376278
5112	-1.038791113	-1.164755899
5113	-0.803458872	-0.848349584
5114	-0.90203276	-0.894309948
5115	-1.068714546	-1.439100392
5116	-0.962904485	-0.882100494
5117	-1.112356786	-1.491334873
5118	-0.750232662	-0.679329614
5119	-0.886495167	-0.875847421
5120	-0.969746133	-1.117450211
5121	-0.965664205	-1.027873566
5122	-1.160578381	-1.38150735
5123	-1.072751006	-1.303317058
5124	-1.102988908	-1.399956112
5125	-1.083950349	-1.125798451
5126	-1.020255744	-1.209154855
5127	-0.918254392	-0.873551035
5128	-1.175216546	-1.392601334
5129	-1.189547013	-1.255964378
5130	-0.996695397	-1.186320395
5131	-0.942040974	-0.979261309
5132	-0.916512742	-0.911560905
5133	-0.985282713	-1.119644234
5134	-1.077584017	-1.25664416
5135	-0.942816369	-1.006291586
5136	-0.982722514	-1.102957074
5137	-1.130897908	-1.276502369
5138	-0.842371087	-0.915173778
5139	-1.105248865	-1.268050987
5140	-1.043479109	-1.141977029
5141	-1.215605754	-1.498133207
5142	-1.132507186	-1.348208729
5143	-0.896943772	-0.9144411
5144	-1.092377826	-1.251273967
5145	-0.98360469	-1.034721587
5146	-1.030790097	-1.155503959
5147	-1.173535333	-1.316804581
5148	-0.965975197	-1.330994261
5149	-1.186456858	-1.449490239
5150	-0.879589952	-0.750895758
5151	-0.824179976	-0.660425814
5152	-1.16747367	-1.391129753
5153	-0.99160533	-1.32336312
5154	-1.246113529	-1.576641607
5155	-1.180870752	-1.530255485
5156	-1.184718892	-1.44547744
5157	-0.735446109	-0.593847852
5158	-0.90507423	-0.964842353
5159	-0.939449181	-0.945446657
5160	-0.877119033	-0.891424864
5161	-1.073742235	-1.360774229
5162	-0.770580065	-0.707928797
5163	-1.025376455	-1.100925609
5164	-1.125575307	-1.236294494
5165	-0.940378628	-0.983765072
5166	-1.047778701	-1.148638231
5167	-1.212907033	-1.316673361
5168	-1.178410473	-1.382996986
5169	-1.099865793	-1.471901474
5170	-1.095015744	-1.289538341
5171	-1.060059965	-1.164716212
5172	-0.995930343	-1.011376756
5173	-0.861474448	-0.921747604
5174	-1.131595929	-1.223216675
5175	-0.817802723	-0.855818846
5176	-1.160400479	-1.39727039
5177	-1.250227089	-1.526558183
5178	-0.960117158	-0.950675829
5179	-1.199699703	-1.391341242
5180	-0.966703177	-1.01458144
5181	-1.297040692	-1.561544188
5182	-0.884460736	-0.925846509
5183	-0.787470683	-0.824431583
5184	-1.092133381	-1.481939319
5185	-1.060499935	-1.031815594
5186	-0.954271646	-0.939435888
5187	-0.800110474	-0.71564942
5188	-0.972155167	-1.205233987
5189	-1.108000703	-1.293949086
5190	-1.118963531	-1.381696157
5191	-1.126024286	-1.331760983
5192	-0.936457813	-1.016064407
5193	-0.89643985	-0.882767234
5194	-0.798428582	-0.532789998
5195	-1.023722521	-1.144066189
5196	-0.97832664	-0.995325945
5197	-0.985753138	-1.083596912
5198	-1.137674806	-1.412994321
5199	-1.031967957	-1.287880025
5200	-0.895955123	-0.98140098
5201	-1.016502972	-1.119532355
5202	-0.790110233	-0.668573665
5203	-1.036272789	-1.072706616
5204	-0.773657037	-0.724991027
5205	-1.164942034	-1.350475121
5206	-1.028363379	-1.23877326
5207	-0.499301586	-0.271244143
5208	-0.920386526	-1.149490605
5209	-1.001768549	-1.163021175
5210	-0.880382047	-0.702202551
5211	-0.796870511	-0.782853053
5212	-1.160071828	-1.443867592
5213	-0.852692639	-0.938686315
5214	-1.22685646	-1.470996954
5215	-1.068795584	-1.255150632
5216	-1.077986685	-1.243171457
5217	-1.108346384	-1.259551784
5218	-0.964677886	-0.934803183
5219	-0.930067497	-0.967609055
5220	-1.021849322	-1.205339742
5221	-1.119241539	-1.341750148
5222	-1.02232039	-1.02757851
5223	-0.888428997	-0.786996373
5224	-0.992251706	-1.166169673
5225	-1.252694927	-1.51531634
5226	-0.922462286	-1.008087872
5227	-0.999917491	-1.073595432
5228	-1.17490083	-1.406214935
5229	-1.063408184	-1.175921019
5230	-0.976516877	-1.115282433
5231	-1.107747324	-1.492743352
5232	-0.622485572	-0.511905373
5233	-1.151974822	-1.382451767
5234	-1.016605022	-1.104149962
5235	-0.884558375	-0.663657152
5236	-0.886526014	-0.913283209
5237	-1.033530734	-1.478767503
5238	-1.209454515	-1.485604478
5239	-0.944678912	-1.055720206
5240	-1.111415878	-1.307871949
5241	-0.892903437	-0.871919574
5242	-1.064117715	-1.207250872
5243	-0.701771801	-0.656547374
5244	-1.240035316	-1.567427674
5245	-1.012442762	-1.216239833
5246	-1.082620965	-1.206917044
5247	-0.977349711	-0.965723482
5248	-1.132105247	-1.331396447
5249	-1.190172238	-1.485271631
5250	-0.783835839	-0.673816128
5251	-1.001973058	-1.059770354
5252	-0.854076766	-0.915193361
5253	-1.048318172	-1.245355162
5254	-0.885157006	-0.858064464
5255	-0.738634486	-0.688699202
5256	-1.207796747	-1.478694559
5257	-0.813860029	-0.853560449
5258	-1.13493019	-1.514796428
5259	-1.00755027	-1.08041602
5260	-1.178943485	-1.42803999
5261	-1.192735784	-1.416290512
5262	-0.991462083	-0.928460492
5263	-1.104951462	-1.169051793
5264	-0.985288798	-1.103595155
5265	-1.178129176	-1.409308255
5266	-1.126579634	-1.270867608
5267	-1.065382718	-1.268561897
5268	-1.047627584	-1.529985616
5269	-0.901169154	-0.961988487
5270	-1.214653296	-1.420481679
5271	-1.188847423	-1.399132083
5272	-1.246480632	-1.546582242
5273	-0.895250736	-0.709869472
5274	-0.979791323	-0.993017866
5275	-0.953248485	-0.936187327
5276	-1.203000553	-1.283473876
5277	-0.902409946	-0.916200263
5278	-1.030051399	-1.146612485
5279	-0.862357072	-0.811276255
5280	-0.955306436	-0.994159643
5281	-1.14817589	-1.375687578
5282	-0.992591611	-1.156642127
5283	-0.953969048	-1.087090703
5284	-0.895250736	-0.709869472
5285	-1.103200619	-1.564759227
5286	-1.195838922	-1.27140725
5287	-0.99935048	-1.070250737
5288	-1.045203919	-1.151759528
5289	-1.134030204	-1.334665924
5290	-0.6852576	-0.585509631
5291	-1.05135002	-1.155952353
5292	-1.09454071	-1.337009008
5293	-0.730206952	-0.529481114
5294	-0.784453092	-0.784500115
5295	-0.938524875	-0.958914388
5296	-1.077177335	-1.230794263
5297	-1.044909812	-1.219231245
5298	-1.143618279	-1.289847814
5299	-1.039254572	-1.133927168
5300	-1.014885231	-1.253908944
5301	-0.918592419	-0.736563898
5302	-0.913583258	-0.915497019
5303	-1.045985124	-1.053170208
5304	-1.269587515	-1.449334243
5305	-1.159227617	-1.336180209
5306	-1.236858668	-1.523306119
5307	-0.9332444	-0.968414252
5308	-1.159337435	-1.397272269
5309	-1.0294593	-1.148667312
5310	-1.070758133	-1.180541743
5311	-1.106563685	-1.264179187
5312	-0.718964827	-0.668743038
5313	-1.027358296	-1.215631608
5314	-1.146583945	-1.359581538
5315	-0.867398658	-0.874882147
5316	-0.495963697	-0.1945257
5317	-1.214967037	-1.489366728
5318	-1.07961276	-1.167902457
5319	-0.541396068	-0.33529944
5320	-1.169425375	-1.432143271
5321	-1.017794286	-1.103487961
5322	-1.26414596	-1.52055337
5323	-1.203491771	-1.430697511
5324	-0.990912446	-1.091230278
5325	-1.173392801	-1.42748572
5326	-0.70798722	-0.544749531
5327	-1.090318432	-1.540402701
5328	-0.659747596	-0.507899486
5329	-1.11847366	-1.438223724
5330	-1.202655744	-1.542957447
5331	-0.883765498	-0.875755708
5332	-1.031931632	-0.992233661
5333	-1.208687318	-1.50882644
5334	-1.042864505	-1.136587172
5335	-0.76892881	-0.726708994
5336	-1.276849875	-1.470842465
5337	-0.878063058	-0.957851121
5338	-0.956570904	-1.224220278
5339	-1.19546954	-1.409220031
5340	-0.872827976	-0.867537915
5341	-1.210136831	-1.459168546
5342	-1.016852989	-1.096241602
5343	-1.109074942	-1.288761079
5344	-1.041262309	-1.092712664
5345	-0.715790667	-0.652916355
5346	-1.184648925	-1.369764249
5347	-0.999828205	-1.20918185
5348	-1.040620366	-1.140511059
5349	-1.114820084	-1.511102725
5350	-1.088597515	-1.167412695
5351	-1.26705067	-1.437921416
5352	-1.301414215	-1.574509891
5353	-1.099217308	-1.308471023
5354	-1.145021266	-1.388102002
5355	-0.880179628	-0.685232461
5356	-1.103524544	-1.125235204
5357	-0.719233528	-0.642253362
5358	-1.077786327	-1.429824328
5359	-1.026016319	-1.04293418
5360	-1.078586757	-1.07286349
5361	-0.862797802	-0.703669809
5362	-1.036779733	-1.104804997
5363	-0.647342963	-0.510885174
5364	-1.019976172	-1.112084118
5365	-0.800958422	-0.738597609
5366	-0.975207478	-1.09399923
5367	-1.213223035	-1.460644291
5368	-1.21658977	-1.466025165
5369	-0.881919578	-0.869442231
5370	-1.144270515	-1.303768557
5371	-0.84962713	-0.626009284
5372	-1.221419877	-1.406170672
5373	-1.131574793	-1.313155197
5374	-0.89618644	-0.870715464
5375	-0.940417777	-1.073700529
5376	-1.112711334	-1.204895581
5377	-0.895161875	-0.915126876
5378	-0.769681101	-0.767347604
5379	-1.007854054	-1.161915981
5380	-0.939962959	-0.87983366
5381	-1.023173537	-1.061104688
5382	-1.16527025	-1.550645637
5383	-1.00465222	-1.233368369
5384	-0.812611866	-0.763631487
5385	-0.9495341	-1.17962523
5386	-1.242893001	-1.495786791
5387	-1.103617899	-1.495082383
5388	-1.121578378	-1.288545555
5389	-1.051135868	-1.224406994
5390	-0.928806767	-0.936940239
5391	-0.989053778	-0.975946138
5392	-0.96180801	-1.319657924
5393	-0.974401899	-0.983045375
5394	-1.132711359	-1.27712852
5395	-1.205176742	-1.426016973
5396	-0.846763649	-0.859919139
5397	-0.739079113	-0.716911746
5398	-0.988773417	-1.080771064
5399	-1.060986256	-1.195039672
5400	-1.033379437	-1.187119539
5401	-1.06588794	-1.275624502
5402	-0.849563102	-0.852689285
5403	-1.127620731	-1.392647718
5404	-1.099781725	-1.284420378
5405	-1.210481855	-1.527391799
5406	-0.974940278	-1.059418668
5407	-1.028023108	-1.148151358
5408	-0.83137743	-0.958664812
5409	-0.909296702	-1.01275805
5410	-1.046359588	-1.148433858
5411	-1.015272165	-1.035090104
5412	-0.56702229	-0.423697902
5413	-0.869422144	-0.876932155
5414	-1.120577204	-1.46662996
5415	-1.107567568	-1.366000431
5416	-1.008926258	-0.988854494
5417	-0.974648733	-1.035264423
5418	-1.025328264	-1.080266831
5419	-0.973293933	-1.217177986
5420	-0.830915956	-0.691393461
5421	-0.810880828	-0.797907131
5422	-0.846415844	-0.846410599
5423	-1.090287776	-1.108084468
5424	-0.985778652	-0.8748967
5425	-0.812449263	-0.740221902
5426	-1.103425255	-1.348646781
5427	-0.884556574	-0.884085157
5428	-0.830875338	-0.872240629
5429	-0.869536257	-0.805948962
5430	-1.010723493	-1.014918228
5431	-1.116988604	-1.411680902
5432	-1.124643859	-1.247028834
5433	-1.020665483	-1.058084959
5434	-1.106264763	-1.255104517
5435	-1.224877318	-1.326093346
5436	-1.250852932	-1.485183942
5437	-1.056695017	-1.125314336
5438	-0.941323954	-0.834790972
5439	-0.862347549	-0.780463379
5440	-1.216441219	-1.466135918
5441	-1.011035033	-1.075713505
5442	-1.120130373	-1.486122958
5443	-0.996035159	-1.062190883
5444	-1.060747732	-1.177057381
5445	-0.859953378	-0.936329783
5446	-1.010471493	-1.443890371
5447	-1.070443729	-1.296240719
5448	-1.181061149	-1.420884841
5449	-0.736057738	-0.593793567
5450	-1.063627279	-1.088079717
5451	-0.748683524	-0.710901392
5452	-0.997959902	-1.169132566
5453	-1.143210421	-1.340618635
5454	-1.155266524	-1.438054681
5455	-1.083945509	-1.241497714
5456	-1.026301978	-1.138061431
5457	-1.107318679	-1.323897911
5458	-0.95758027	-1.081429047
5459	-1.105388892	-1.437670603
5460	-0.941326023	-0.995511175
5461	-1.08293673	-1.33640103
5462	-1.013456027	-1.076392192
5463	-1.059858071	-1.189061809
5464	-1.181107471	-1.297675683
5465	-1.050741455	-1.250389092
5466	-0.785726609	-0.752165258
5467	-0.855498884	-0.861227586
5468	-0.919471973	-0.79018288
5469	-1.045087924	-1.240163778
5470	-1.201170073	-1.406729705
5471	-1.211762239	-1.410895754
5472	-1.091757348	-1.311327495
5473	-0.777736215	-0.576997411
5474	-0.956744227	-0.950481327
5475	-1.020129928	-1.053805285
5476	-0.815297447	-0.794634197
5477	-0.910408769	-0.901805976
5478	-0.739857608	-0.606599553
5479	-1.024200659	-1.152430706
5480	-1.094636498	-1.272920189
5481	-1.258431027	-1.43016768
5482	-1.145887458	-1.400798599
5483	-1.157487317	-1.462045422
5484	-0.655600389	-0.553330295
5485	-0.80277618	-0.563014833
5486	-0.80607555	-0.613811291
5487	-1.164167886	-1.35049201
5488	-1.180120261	-1.379287779
5489	-1.131731854	-1.248660727
5490	-1.213448811	-1.511964643
5491	-1.118247196	-1.278685515
5492	-1.093278681	-1.368490579
5493	-0.97830164	-1.12709287
5494	-1.068246549	-1.30332816
5495	-0.997233574	-1.202200032
5496	-0.835388125	-0.652631315
5497	-1.229283228	-1.449206786
5498	-1.307293333	-1.561963177
5499	-0.639751114	-0.510159687
5500	-1.182638532	-1.352588218
5501	-0.925977591	-1.015027646
5502	-1.098287947	-1.367005472
5503	-0.907162355	-1.03875995
5504	-1.070310496	-1.246343374
5505	-1.004530959	-1.271320413
5506	-0.771505194	-0.685369642
5507	-1.064569282	-1.23940306
5508	-0.899328981	-0.985594827
5509	-0.755993635	-0.562453613
5510	-1.152662495	-1.276235978
5511	-1.164031758	-1.395271698
5512	-1.05244881	-1.14914395
5513	-0.949715352	-0.966262261
5514	-1.064344707	-1.156764582
5515	-0.957135532	-1.141917496
5516	-1.062175937	-1.437322327
5517	-0.924878868	-0.996503036
5518	-0.979911787	-0.998857319
5519	-0.602831207	-0.500724782
5520	-1.04950377	-1.173633223
5521	-1.135494322	-1.377209621
5522	-1.058986136	-1.210133042
5523	-1.115561469	-1.271480586
5524	-1.027750647	-1.104110346
5525	-1.061122684	-1.300774999
5526	-1.130722236	-1.479244189
5527	-1.036943877	-1.151336296
5528	-0.939972889	-1.009569643
5529	-1.047840525	-1.484010031
5530	-0.997070173	-1.146599523
5531	-1.211052686	-1.42242888
5532	-0.827082902	-0.848628954
5533	-1.162349623	-1.33544276
5534	-0.847266118	-0.77122918
5535	-0.949410633	-0.910599165
5536	-0.974044535	-1.123144167
5537	-1.07590485	-1.234181225
5538	-1.046467567	-1.057403284
5539	-0.559750082	-0.376620817
5540	-0.848120449	-0.933047807
5541	-1.07002572	-1.209720082
5542	-0.970574624	-1.187869505
5543	-0.601266702	-0.472754223
5544	-1.18302516	-1.314561763
5545	-0.973630918	-1.116266263
5546	-1.159875617	-1.423954251
5547	-1.050738477	-1.231790145
5548	-1.027359549	-1.208634073
5549	-0.72197834	-0.691440379
5550	-0.807097386	-0.788236815
5551	-0.975672504	-0.914522526
5552	-0.913024887	-0.859499827
5553	-0.963758414	-0.912055935
5554	-1.029009364	-1.13254524
5555	-0.889094184	-0.848347674
5556	-0.86100218	-0.854578726
5557	-1.005475133	-1.339330868
5558	-0.945252151	-1.131314719
5559	-1.065970629	-1.176236816
5560	-1.156089064	-1.365212177
5561	-1.08378281	-1.313358721
5562	-1.017290741	-1.405205323
5563	-1.165176884	-1.366372056
5564	-1.115250833	-1.26855707
5565	-1.067186286	-1.196959786
5566	-0.953024273	-0.884428082
5567	-1.070917897	-1.066707672
5568	-1.043930536	-1.2927821
5569	-0.685274019	-0.612532729
5570	-1.020754917	-1.138094705
5571	-1.03861043	-1.156953139
5572	-1.143821367	-1.214808351
5573	-1.153407269	-1.318803199
5574	-1.142945634	-1.289191996
5575	-1.162893117	-1.352770325
5576	-1.213267792	-1.438948572
5577	-0.889513466	-0.968390588
5578	-0.866240308	-0.889952477
5579	-1.106032435	-1.470578365
5580	-0.7296332	-0.670213762
5581	-0.988639214	-1.056423882
5582	-0.66984797	-0.51851956
5583	-1.044179064	-1.175239626
5584	-1.088249362	-1.317776386
5585	-1.055724408	-1.26588431
5586	-1.277520642	-1.427307974
5587	-1.064288594	-1.282873739
5588	-1.124419202	-1.281618846
5589	-1.074716921	-1.279035743
5590	-1.035997684	-1.353375408
5591	-0.937783478	-0.987893769
5592	-0.972663347	-0.966889855
5593	-1.101399103	-1.359476009
5594	-1.115982114	-1.244309822
5595	-1.114474217	-1.286544847
5596	-0.998813711	-1.091916916
5597	-1.119989697	-1.354151259
5598	-1.000330169	-1.258523139
5599	-1.051796163	-1.214450694
5600	-0.962307414	-0.987747376
5601	-1.013207824	-1.213582061
5602	-0.698516618	-0.614713701
5603	-1.029297425	-1.080544579
5604	-1.34230304	-1.584533987
5605	-1.038087349	-1.302940957
5606	-1.013578917	-1.151432339
5607	-1.044661503	-1.153617871
5608	-1.267311356	-1.454170076
5609	-0.938180734	-0.972937699
5610	-0.915865368	-1.037930594
5611	-0.79122325	-0.811412648
5612	-1.249974389	-1.523020403
5613	-1.082824298	-1.206924991
5614	-0.986600277	-1.032463268
5615	-1.167936763	-1.287215021
5616	-0.969474636	-1.038171163
5617	-0.731398291	-0.718222292
5618	-0.926118596	-0.857621958
5619	-0.99003694	-1.224711646
5620	-1.057135581	-1.203657727
5621	-1.12314758	-1.379479353
5622	-0.925987621	-1.049516669
5623	-1.099404624	-1.301963708
5624	-1.128475899	-1.399164828
5625	-0.801703339	-0.792023128
5626	-1.252479472	-1.470092583
5627	-0.845469016	-0.799902274
5628	-0.954750581	-1.191348655
5629	-0.879396916	-0.803672697
5630	-0.872042816	-0.801199758
5631	-1.143905873	-1.407015847
5632	-0.679192974	-0.536280179
5633	-0.869087877	-0.742137532
5634	-0.958801646	-1.155678149
5635	-1.002608504	-1.255639821
5636	-0.867052716	-0.928461991
5637	-0.859331217	-1.019363983
5638	-1.11899223	-1.345545023
5639	-1.234141415	-1.419501384
5640	-0.836094851	-0.834020408
5641	-1.059336216	-1.170824441
5642	-0.968114671	-1.108564453
5643	-1.051511253	-1.254657668
5644	-1.133229283	-1.279139509
5645	-0.998185421	-1.035232921
5646	-1.072029619	-1.242231447
5647	-0.868313312	-0.937468932
5648	-1.091557993	-1.340332073
5649	-0.811531428	-0.581055848
5650	-0.682039965	-0.626891066
5651	-1.04079515	-1.224980477
5652	-0.887456169	-0.886881164
5653	-1.020501219	-1.389024697
5654	-0.933874656	-0.98594457
5655	-0.737868781	-0.776897295
5656	-0.804300974	-0.766596284
5657	-1.041796087	-1.212028732
5658	-0.962518522	-0.917102706
5659	-1.099322506	-1.377463151
5660	-1.063861482	-1.189397681
5661	-0.941838637	-1.030862973
5662	-1.117031751	-1.309491011
5663	-0.642284347	-0.524551628
5664	-0.983830815	-1.062506599
5665	-0.995393145	-1.089762031
5666	-1.136185862	-1.318935366
5667	-1.059000644	-1.41452645
5668	-1.299701147	-1.580165297
5669	-1.130834631	-1.287351679
5670	-1.137635788	-1.356946466
5671	-1.015113688	-1.227869036
5672	-0.901251004	-0.849256183
5673	-0.983499824	-1.101636233
5674	-1.164416728	-1.314208693
5675	-1.044776278	-1.352592545
5676	-1.181463761	-1.489392402
5677	-0.929713333	-0.947206905
5678	-1.057593411	-1.13761441
5679	-1.009652109	-1.097597426
5680	-1.20842553	-1.466029196
5681	-0.944432079	-1.053006921
5682	-0.989179445	-1.175561014
5683	-0.755186594	-0.664954558
5684	-1.099655448	-1.257854613
5685	-1.051475041	-1.242154366
5686	-0.887272802	-0.89695601
5687	-1.162553068	-1.332881132
5688	-0.999308716	-1.194769787
5689	-0.798077516	-0.846854941
5690	-0.889353025	-0.84603528
5691	-0.905392874	-0.896682172
5692	-0.943761822	-0.970546766
5693	-1.030410486	-1.224632421
5694	-1.108809683	-1.339533651
5695	-0.944413066	-1.015653763
5696	-0.996201975	-1.097996109
5697	-1.160463618	-1.464502965
5698	-0.972231867	-1.054339091
5699	-1.114108072	-1.362186792
5700	-0.960183134	-1.127705431
5701	-1.282672716	-1.579101522
5702	-0.926119413	-1.01973921
5703	-1.063365456	-1.177901376
5704	-1.026232989	-1.12403832
5705	-0.956738565	-1.084295772
5706	-0.604913165	-0.44472971
5707	-0.860067599	-0.894376318
5708	-1.124812613	-1.25875454
5709	-0.771282315	-0.78596488
5710	-1.105869325	-1.228761029
5711	-0.742394215	-0.708685085
5712	-1.181190722	-1.455983707
5713	-1.216395126	-1.444686172
5714	-0.938231773	-1.106080468
5715	-1.001159901	-1.032103708
5716	-0.745561231	-0.75710958
5717	-1.047075876	-1.099596051
5718	-0.913364241	-1.091269742
5719	-0.999560132	-1.370868122
5720	-0.757696901	-0.586045118
5721	-1.162382076	-1.355544212
5722	-0.934665001	-0.894843867
5723	-1.160083907	-1.442023463
5724	-0.685478318	-0.599285064
5725	-1.058757042	-1.233976469
5726	-1.155939172	-1.482873477
5727	-0.786344637	-0.725175934
5728	-1.094553366	-1.455896162
5729	-1.060322816	-1.322467914
5730	-0.718754468	-0.690180003
5731	-1.090238541	-1.276399894
5732	-1.042028186	-1.261283925
5733	-0.823638641	-0.849660906
5734	-1.076646622	-1.215206895
5735	-1.195350769	-1.410853173
5736	-0.956532961	-1.083545956
5737	-1.198503487	-1.629313113
5738	-0.822516485	-0.732400057
5739	-0.727816704	-0.64919907
5740	-1.134694833	-1.439632469
5741	-1.183711777	-1.398834905
5742	-0.897002845	-0.958112673
5743	-0.943188246	-0.936461031
5744	-0.579078289	-0.404622466
5745	-1.123338926	-1.369630492
5746	-1.008426364	-1.172683381
5747	-1.025734087	-1.201489855
5748	-1.092514789	-1.216794402
5749	-1.196596367	-1.340385882
5750	-0.908316025	-1.068440345
5751	-1.17710941	-1.277066583
5752	-0.997680532	-1.102175006
5753	-1.109805894	-1.287038435
5754	-0.896099811	-0.785722908
5755	-1.048202444	-1.161772893
5756	-1.132049087	-1.340748154
5757	-0.80130033	-0.629880596
5758	-0.949055752	-0.969700938
5759	-0.913222636	-1.047240989
5760	-1.152425519	-1.403438295
5761	-1.02835095	-1.545117575
5762	-0.898053701	-0.822216821
5763	-0.896275943	-1.039106927
5764	-1.148089964	-1.317702588
5765	-1.250317021	-1.554231581
5766	-0.958069262	-0.992203499
5767	-1.1308063	-1.319276527
5768	-0.965285604	-0.919719058
5769	-0.846861052	-0.883030268
5770	-1.200717207	-1.342390599
5771	-0.824770843	-0.748271382
5772	-0.905049477	-1.096659003
5773	-0.83926975	-0.874658574
5774	-1.063910113	-1.282903495
5775	-1.022480048	-1.384331176
5776	-0.98136331	-1.094640209
5777	-1.016724425	-1.063877613
5778	-0.754122841	-0.737468545
5779	-1.248998969	-1.545087048
5780	-1.047151499	-1.196388508
5781	-0.886189031	-0.856122335
5782	-1.016603157	-1.034315397
5783	-1.155313954	-1.240074099
5784	-1.042635555	-1.168172416
5785	-1.098104935	-1.321284842
5786	-1.131765612	-1.272569167
5787	-0.765972929	-0.782185937
5788	-1.200581004	-1.33901567
5789	-0.814585947	-0.665702698
5790	-0.76742023	-0.759494134
5791	-1.214119677	-1.353915397
5792	-1.012624979	-1.130940753
5793	-0.889005156	-0.994954308
5794	-1.033297047	-1.157590384
5795	-1.009165446	-0.875372552
5796	-0.995260563	-1.040083237
5797	-0.994613798	-0.97526308
5798	-1.140580661	-1.488866904
5799	-1.317923848	-1.54937414
5800	-0.962580899	-1.054074161
5801	-1.112183811	-1.316153275
5802	-1.113701695	-1.273963731
5803	-0.91191776	-0.957319007
5804	-1.061410175	-1.174431005
5805	-0.915747785	-1.035898995
5806	-0.899311662	-0.920922183
5807	-1.020430849	-1.212134496
5808	-1.020691977	-1.084374091
5809	-1.01605436	-0.945083733
5810	-1.089320127	-1.320998888
5811	-0.903710569	-0.804453117
5812	-0.859098648	-0.790003975
5813	-1.041202682	-1.259573718
5814	-0.713413402	-0.623040355
5815	-0.839073538	-0.863510651
5816	-0.822111975	-0.937444691
5817	-0.762961013	-0.627911
5818	-1.157968216	-1.366526222
5819	-0.583860749	-0.400289618
5820	-0.928680951	-0.984447216
5821	-1.026278144	-1.3646206
5822	-1.133811062	-1.25622653
5823	-0.871230529	-0.882080848
5824	-1.143743595	-1.387272479
5825	-1.133041916	-1.445525814
5826	-0.985233751	-0.980968383
5827	-0.60629004	-0.453772236
5828	-0.581341261	-0.434205924
5829	-1.138590666	-1.317068852
5830	-1.0118615	-1.088660947
5831	-0.934389387	-1.066673744
5832	-1.107916207	-1.251232576
5833	-0.987326168	-1.090265517
5834	-0.814792032	-0.608299201
5835	-1.037460463	-1.060518735
5836	-1.082926651	-1.180182097
5837	-0.846063116	-0.777334662
5838	-1.13186264	-1.316532872
5839	-0.853450244	-0.762348895
5840	-0.999509209	-1.12860557
5841	-0.998889385	-1.035489645
5842	-1.163882742	-1.366864004
5843	-1.177317032	-1.413520035
5844	-0.796247918	-0.802218052
5845	-0.913956491	-0.968361779
5846	-1.085302915	-1.257160955
5847	-1.306300485	-1.613345067
5848	-0.825720892	-0.581419233
5849	-0.866934718	-0.864031387
5850	-1.106489471	-1.190759808
5851	-0.738546034	-0.512571097
5852	-0.819768872	-0.78548817
5853	-0.941340182	-0.914217109
5854	-0.944713316	-1.027965827
5855	-0.905346191	-0.991490405
5856	-1.080809808	-1.405025208
5857	-0.94648006	-0.943719787
5858	-0.73135215	-0.504538217
5859	-0.955947586	-1.02385253
5860	-1.038894038	-1.239974078
5861	-1.027844579	-1.178169974
5862	-1.039408713	-1.168356486
5863	-1.185097343	-1.353896875
5864	-1.046105604	-1.193239442
5865	-1.213280741	-1.523811646
5866	-0.900165299	-1.030071977
5867	-1.213634494	-1.418559914
5868	-1.004997856	-1.143661506
5869	-1.114503483	-1.295161267
5870	-0.694681012	-0.569900484
5871	-0.661092612	-0.468969512
5872	-1.067481472	-1.209209882
5873	-0.931593234	-1.105517153
5874	-1.050340215	-1.194943236
5875	-0.990952212	-1.052889778
5876	-0.9852768	-1.097594736
5877	-1.054308485	-1.151408111
5878	-1.015204903	-1.118800328
5879	-0.911938746	-0.989226066
5880	-1.044073697	-1.244476238
5881	-0.804520651	-0.809295516
5882	-1.039108936	-1.33159422
5883	-0.907204816	-0.812095688
5884	-0.654339681	-0.50813012
5885	-1.110267572	-1.339275264
5886	-1.138048965	-1.425800495
5887	-0.719271697	-0.635765281
5888	-0.991762908	-1.101280268
5889	-1.055445636	-1.084489894
5890	-1.137357535	-1.28973147
5891	-1.086096223	-1.283394096
5892	-0.970143104	-1.047052047
5893	-1.186287606	-1.296682553
5894	-1.104022604	-1.432609903
5895	-0.849784164	-0.906149899
5896	-0.928525266	-1.105056931
5897	-0.846157893	-0.787146974
5898	-1.244199198	-1.515109384
5899	-0.763256068	-0.66049605
5900	-1.109469369	-1.38197016
5901	-0.967402884	-1.080757631
5902	-1.211517821	-1.345971738
5903	-0.908709845	-0.837846437
5904	-1.196205488	-1.46579222
5905	-1.06432088	-1.475997326
5906	-1.065491939	-1.136961723
5907	-1.222693926	-1.384762372
5908	-1.107362097	-1.272710014
5909	-1.060215904	-1.302458248
5910	-1.069936742	-1.196009129
5911	-0.639521993	-0.524910319
5912	-0.964989349	-0.825395635
5913	-1.0638143	-1.150465407
5914	-0.937590259	-0.817016784
5915	-1.186100476	-1.373664301
5916	-0.780946279	-0.775952053
5917	-1.030281117	-1.264417816
5918	-1.083682015	-1.378906807
5919	-0.84912625	-0.608447614
5920	-1.130462315	-1.285591118
5921	-1.103228077	-1.50294383
5922	-1.102651586	-1.124234922
5923	-0.827558895	-0.750295097
5924	-1.155675283	-1.414061745
5925	-0.919657375	-1.066029129
5926	-0.812492058	-0.79978087
5927	-1.264802822	-1.399231947
5928	-1.000422836	-1.050400597
5929	-1.229466465	-1.390370759
5930	-1.172623647	-1.513539319
5931	-1.202309865	-1.398772752
5932	-1.132787343	-1.326885945
5933	-0.945811929	-1.080887781
5934	-1.050385109	-1.256055224
5935	-0.835616544	-0.907033701
5936	-0.923192964	-1.024024836
5937	-1.237470978	-1.465409025
5938	-1.108109837	-1.314288596
5939	-1.095829159	-1.237913597
5940	-0.749402883	-0.422718201
5941	-0.894540259	-0.948862992
5942	-1.027796189	-1.22674702
5943	-0.7224408	-0.412986937
5944	-1.050716494	-1.265483005
5945	-1.064992336	-1.248929612
5946	-0.798507307	-0.745504233
5947	-1.022697526	-1.00309391
5948	-1.146979226	-1.334859084
5949	-1.111956256	-1.237921584
5950	-1.247997425	-1.571052616
5951	-0.809453022	-0.800377043
5952	-1.149313473	-1.299261199
5953	-1.087921241	-1.292855059
5954	-0.973323583	-1.093729778
5955	-0.990461308	-1.161901363
5956	-1.191074781	-1.361274752
5957	-0.596077935	-0.434355026
5958	-1.179207185	-1.507576707
5959	-0.982383048	-1.077235177
5960	-0.790980058	-0.798569447
5961	-0.841564379	-0.918484218
5962	-1.273406771	-1.536795093
5963	-0.867063376	-0.868749413
5964	-0.848396794	-0.900050669
5965	-0.825502658	-0.821341701
5966	-1.175351941	-1.342963799
5967	-0.921087975	-0.931747918
5968	-1.11946949	-1.334860098
5969	-0.913431584	-1.050484803
5970	-1.02888826	-1.134397852
5971	-1.027425894	-1.153278023
5972	-1.090738067	-1.258281948
5973	-1.040457408	-1.136831313
5974	-1.1036002	-1.346233672
5975	-0.97884812	-1.137197917
5976	-1.123180264	-1.285075401
5977	-1.052899852	-1.309912105
5978	-1.105420824	-1.211426065
5979	-0.923734576	-0.879187799
5980	-1.080017689	-1.260318102
5981	-0.973754068	-1.120745037
5982	-1.006864991	-1.073475507
5983	-1.058316317	-1.173821089
5984	-1.253618455	-1.477280827
5985	-1.083078634	-1.241062009
5986	-0.930434	-0.883659545
5987	-1.198472573	-1.390335246
5988	-1.308846433	-1.543958466
5989	-1.037423644	-1.188069552
5990	-1.12177853	-1.319730321
5991	-1.241849249	-1.467479336
5992	-0.915459764	-0.938389582
5993	-1.027204001	-1.070940473
5994	-1.205938147	-1.494995015
5995	-0.901344734	-0.816247521
5996	-1.140924226	-1.338149462
5997	-0.857848333	-0.843926411
5998	-0.922907294	-0.898481588
5999	-1.241920952	-1.438228328
6000	-1.110435448	-1.373667515