7001	-1.170207362	-1.387065654
7002	-0.861999987	-0.829983272
7003	-1.141913241	-1.327050054
7004	-0.741793209	-0.731566866
7005	-1.148508599	-1.350189241
7006	-1.141043956	-1.314122262
7007	-0.731965329	-0.570496315
7008	-1.036302633	-1.170650256
7009	-1.106941056	-1.271081463
7010	-1.058644936	-1.33205281
7011	-1.208221677	-1.307858868
7012	-1.116707383	-1.169288935
7013	-0.888196397	-0.823831059
7014	-0.996858507	-1.143976601
7015	-1.186324174	-1.341748769
7016	-1.013854202	-1.14310983
7017	-0.484878672	-0.264260014
7018	-0.806073811	-0.469202517
7019	-0.840677077	-0.808425762
7020	-1.078586164	-1.28176302
7021	-0.723267998	-0.701403633
7022	-0.765874088	-0.522341695
7023	-1.109062986	-1.282480241
7024	-0.931853521	-0.953846598
7025	-0.934954409	-1.078963714
7026	-0.990132919	-1.170162618
7027	-0.967054557	-1.057926563
7028	-0.938060264	-1.16672364
7029	-1.06986342	-1.153513996
7030	-0.983245283	-0.99767738
7031	-1.097899213	-1.187318508
7032	-1.066110548	-1.30546733
7033	-1.222507214	-1.506098551
7034	-1.089485096	-1.406551967
7035	-1.136912518	-1.539969725
7036	-1.008331032	-1.264545918
7037	-1.124911114	-1.222575837
7038	-1.183262077	-1.430605475
7039	-0.658907549	-0.547411003
7040	-0.993569387	-1.144686327
7041	-0.946169936	-0.997300196
7042	-1.081126053	-1.253739837
7043	-0.691201548	-0.640189168
7044	-1.237150667	-1.446988774
7045	-1.038955606	-1.285377889
7046	-0.887180439	-0.833820339
7047	-0.781485845	-0.729971598
7048	-1.076487841	-1.153505251
7049	-0.776162747	-0.724721776
7050	-0.908500251	-0.873998372
7051	-0.846270236	-0.742247338
7052	-0.968974243	-0.896356484
7053	-0.962651351	-0.993600932
7054	-1.147696302	-1.497088798
7055	-0.963767757	-1.058413171
7056	-1.067538731	-1.085237607
7057	-1.159701731	-1.417123692
7058	-0.592298271	-0.446788872
7059	-1.113564109	-1.310134695
7060	-0.997641236	-1.04253672
7061	-0.922927593	-0.944702692
7062	-1.116844286	-1.277668947
7063	-1.224271332	-1.515539534
7064	-0.910813069	-0.961123232
7065	-0.955748147	-0.993542458
7066	-1.199442561	-1.432789855
7067	-1.062025435	-1.557943909
7068	-1.080784861	-1.272092625
7069	-1.078208201	-1.268582813
7070	-0.702120219	-0.628731167
7071	-0.975163821	-1.155785928
7072	-0.836446109	-0.787249238
7073	-1.055091238	-1.288941633
7074	-1.136593052	-1.268448891
7075	-1.14239476	-1.435342189
7076	-1.125558429	-1.364130194
7077	-1.122041664	-1.231941832
7078	-1.065561381	-1.190389756
7079	-1.013148667	-1.202867078
7080	-1.115770193	-1.228696515
7081	-1.204536631	-1.38375743
7082	-1.046395115	-1.188624315
7083	-0.988130368	-1.063909525
7084	-1.171035061	-1.363914172
7085	-0.897759545	-0.914664224
7086	-0.898982761	-0.958609397
7087	-0.760459722	-0.695012164
7088	-0.980936505	-1.016069636
7089	-0.945306729	-1.079330546
7090	-0.880951768	-0.816003477
7091	-0.706757443	-0.617138568
7092	-1.099833648	-1.288173641
7093	-0.944778844	-0.9511448
7094	-1.198319601	-1.512246091
7095	-0.907528397	-0.872887799
7096	-1.120678344	-1.252438611
7097	-1.200460291	-1.496944323
7098	-0.925401186	-0.858343701
7099	-1.158719062	-1.302296843
7100	-0.984766636	-1.169727669
7101	-1.170047371	-1.381698598
7102	-0.641784592	-0.578525709
7103	-0.550326773	-0.399819893
7104	-0.811953398	-0.844841885
7105	-0.923471804	-1.031446669
7106	-0.867107484	-0.892207938
7107	-0.999957435	-1.078462233
7108	-0.866513648	-0.814742815
7109	-1.027497583	-1.138208419
7110	-0.904969147	-0.947111993
7111	-0.902616278	-0.930976102
7112	-0.848079718	-0.765469357
7113	-0.931853521	-0.953846598
7114	-0.82954305	-0.671237929
7115	-1.008369382	-1.168230096
7116	-1.201770503	-1.429527374
7117	-1.016254179	-1.189748503
7118	-1.071764298	-1.172313889
7119	-1.109620246	-1.343859877
7120	-1.009409602	-1.286193817
7121	-1.175121524	-1.396865535
7122	-1.148891548	-1.206321719
7123	-0.937401325	-1.099058566
7124	-1.149284721	-1.521013539
7125	-1.091991311	-1.183136179
7126	-0.826804181	-0.838039691
7127	-0.879385166	-0.927367241
7128	-0.848899845	-0.849576737
7129	-0.863676698	-0.896702227
7130	-0.952583935	-0.930738317
7131	-1.271257474	-1.456371241
7132	-0.916874925	-0.927730029
7133	-0.851589063	-0.87473984
7134	-1.174604021	-1.361133811
7135	-1.087939662	-1.30025034
7136	-1.052707792	-1.160102095
7137	-0.9023961	-0.793034346
7138	-0.936713807	-0.855425001
7139	-0.972482091	-1.125913433
7140	-0.89537475	-0.990152072
7141	-0.892987647	-0.964353329
7142	-1.081282232	-1.24633862
7143	-0.819465078	-0.82002581
7144	-1.152327299	-1.36186472
7145	-1.08146298	-1.29200879
7146	-0.910100645	-0.900130194
7147	-0.974508128	-1.055457744
7148	-1.054922525	-1.279895185
7149	-1.172290907	-1.386576033
7150	-1.155382596	-1.398434551
7151	-1.054486379	-1.179161323
7152	-1.060405384	-1.163691902
7153	-0.871387791	-0.882287464
7154	-1.156394367	-1.335836476
7155	-1.11334356	-1.397850612
7156	-0.981947338	-1.178254993
7157	-0.845343037	-0.929730287
7158	-1.198876212	-1.460648288
7159	-0.819345939	-0.854254922
7160	-1.013723908	-1.155943996
7161	-1.004619954	-1.123326063
7162	-1.040391347	-1.164139775
7163	-0.88636296	-1.074462444
7164	-0.976864519	-1.008483119
7165	-0.934586811	-0.920058895
7166	-0.940964055	-0.998495829
7167	-0.826633968	-0.750886487
7168	-0.895375292	-0.691499163
7169	-1.142037876	-1.504166276
7170	-1.101265553	-1.321649651
7171	-1.072979778	-1.166243245
7172	-0.994411171	-1.144151728
7173	-0.923474684	-0.96227875
7174	-1.153164329	-1.374977684
7175	-1.051075922	-1.138780459
7176	-1.130164408	-1.244086676
7177	-0.843022708	-0.870713495
7178	-0.999216525	-1.018576283
7179	-1.053100197	-1.118299757
7180	-1.204398207	-1.440394642
7181	-1.1364311	-1.339181498
7182	-1.099630269	-1.365419315
7183	-1.127025551	-1.247970481
7184	-1.040231895	-1.201255606
7185	-1.049776148	-1.269150203
7186	-0.976945898	-1.051250701
7187	-0.775439425	-0.678446954
7188	-0.851959141	-0.869458487
7189	-0.975521327	-1.004501229
7190	-1.07388132	-1.46574872
7191	-0.785547572	-0.742901284
7192	-0.988246595	-1.150174538
7193	-1.131269213	-1.252041212
7194	-0.990961341	-1.076627646
7195	-1.201283024	-1.503468754
7196	-1.107334681	-1.261471383
7197	-1.069229051	-1.389535462
7198	-1.047738801	-1.394746379
7199	-1.019307355	-1.057673839
7200	-0.749108955	-0.717364078
7201	-0.966629989	-1.170346765
7202	-1.04270203	-1.517217202
7203	-0.892082447	-0.900787556
7204	-0.628061896	-0.531459194
7205	-1.067952023	-1.132691795
7206	-1.086777634	-1.182424212
7207	-1.14621927	-1.38822497
7208	-1.234254264	-1.45054203
7209	-1.024393889	-1.102554916
7210	-1.236455869	-1.405068215
7211	-1.020842072	-1.232428638
7212	-1.10835227	-1.289018998
7213	-0.728191936	-0.625250656
7214	-1.199410434	-1.542308531
7215	-1.005799887	-0.974188067
7216	-1.138750557	-1.384769527
7217	-0.58091487	-0.388463325
7218	-1.087278465	-1.234482523
7219	-1.002486066	-1.116402469
7220	-0.986220006	-1.106680937
7221	-0.99537177	-1.217452732
7222	-0.969096897	-1.08916846
7223	-0.790561587	-0.717649393
7224	-0.713943323	-0.641801529
7225	-1.164912217	-1.37376154
7226	-0.83972408	-0.801088151
7227	-1.032820817	-1.080267189
7228	-0.922080584	-0.91084147
7229	-1.047408046	-1.167596965
7230	-1.010337026	-1.246433482
7231	-0.919645549	-0.997208545
7232	-0.494087082	-0.238390174
7233	-1.079921981	-1.288456037
7234	-1.028001875	-1.148667929
7235	-1.157116381	-1.447803258
7236	-0.969979056	-1.12172919
7237	-1.199860484	-1.443675458
7238	-1.238161278	-1.355958386
7239	-1.115688275	-1.303247376
7240	-1.001364925	-1.356354882
7241	-0.613736205	-0.4328132
7242	-1.084408441	-1.35122004
7243	-1.003952161	-1.134299283
7244	-1.095724413	-1.23995521
7245	-1.06868178	-1.261228974
7246	-0.858969364	-0.591622355
7247	-0.999854183	-1.008896211
7248	-1.088760874	-1.365851984
7249	-0.86737152	-0.892534274
7250	-1.153000176	-1.336901698
7251	-1.260058625	-1.502308632
7252	-1.067859817	-1.092888514
7253	-1.00712596	-1.095957721
7254	-0.991048729	-1.319492792
7255	-1.005890872	-1.166720743
7256	-1.039513207	-1.227733401
7257	-1.078850724	-1.080154756
7258	-1.015290513	-1.154124307
7259	-1.055574668	-1.191391503
7260	-1.031737448	-1.204607754
7261	-1.223224824	-1.480293111
7262	-0.985177088	-0.967250047
7263	-1.078203414	-1.378617745
7264	-1.126229928	-1.535776741
7265	-0.958913772	-0.910051916
7266	-0.984712155	-1.115064003
7267	-1.114832782	-1.406393491
7268	-1.003914607	-1.112477213
7269	-1.035668662	-1.175456641
7270	-1.104338592	-1.260523916
7271	-0.968406892	-1.042997356
7272	-0.898658937	-0.87401315
7273	-0.712679003	-0.616566894
7274	-1.020007636	-1.321084088
7275	-0.900567601	-0.942428955
7276	-0.901748772	-0.982644096
7277	-0.949655547	-0.995234896
7278	-1.172148853	-1.413351235
7279	-0.917381313	-1.033993219
7280	-1.167441909	-1.347009214
7281	-1.010242773	-1.124735709
7282	-0.998152907	-1.060361738
7283	-1.084672306	-1.250458185
7284	-0.585509819	-0.446715787
7285	-0.694884439	-0.641913097
7286	-0.761299762	-0.712641261
7287	-1.080077387	-1.169414874
7288	-0.887194343	-0.915504123
7289	-0.952195517	-0.939866056
7290	-1.172075128	-1.481153818
7291	-0.99209874	-1.080016102
7292	-1.069614477	-1.183903506
7293	-1.090567875	-1.412660756
7294	-1.065309883	-1.143465769
7295	-1.072327607	-1.193137763
7296	-1.069359465	-1.343698515
7297	-0.666947233	-0.575502255
7298	-0.971626401	-1.070687064
7299	-1.163162957	-1.527120469
7300	-1.085259673	-1.23998635
7301	-0.967146524	-1.006492434
7302	-1.012435487	-1.184426353
7303	-1.080377085	-1.304237632
7304	-1.001615213	-1.079882728
7305	-0.926787614	-1.035525308
7306	-1.115335948	-1.273713526
7307	-0.789518023	-0.842463027
7308	-0.821811882	-0.836848486
7309	-1.037913361	-1.17205867
7310	-0.86697946	-0.695245953
7311	-0.978051456	-1.177640434
7312	-0.984361261	-1.074926995
7313	-1.152592383	-1.243997298
7314	-1.029373984	-1.024401959
7315	-0.965175739	-1.098047888
7316	-1.098050537	-1.183149651
7317	-0.96463625	-0.946323079
7318	-0.85188778	-0.900091455
7319	-0.858908966	-0.921763867
7320	-1.139950467	-1.328350495
7321	-1.248656452	-1.465169754
7322	-1.02398534	-1.178081126
7323	-1.046652067	-1.258870386
7324	-0.96163268	-1.154055405
7325	-0.85132832	-0.872395571
7326	-0.943132584	-1.099586162
7327	-0.771057806	-0.642638321
7328	-0.949089421	-1.016578135
7329	-0.488627201	-0.253065237
7330	-1.205819344	-1.360698697
7331	-1.160931604	-1.398085548
7332	-1.087941979	-1.239721556
7333	-0.926698722	-0.893133484
7334	-0.971757607	-1.117285818
7335	-1.018648977	-1.045313238
7336	-1.106839857	-1.524314648
7337	-1.15244076	-1.372914788
7338	-1.018741536	-1.153967461
7339	-1.146734887	-1.398957134
7340	-1.118143996	-1.336647483
7341	-1.169563463	-1.376171875
7342	-0.943624726	-1.046517944
7343	-0.522027651	-0.27088843
7344	-1.255936525	-1.504228995
7345	-0.756577811	-0.653425953
7346	-0.754311649	-0.770332756
7347	-1.081989292	-1.411302395
7348	-0.873659534	-0.693281663
7349	-0.906058178	-0.813841224
7350	-1.047689966	-1.222608797
7351	-1.046211015	-1.157830278
7352	-1.135596639	-1.343985819
7353	-1.181287247	-1.480835537
7354	-0.755874685	-0.636757242
7355	-0.807551198	-0.829189966
7356	-1.210675131	-1.496518184
7357	-0.95616728	-0.938569903
7358	-1.104242653	-1.275237153
7359	-0.937879971	-1.137541914
7360	-1.074010072	-1.304766886
7361	-1.140036122	-1.261344549
7362	-0.924959676	-0.987871232
7363	-0.792505483	-0.787833559
7364	-1.172525861	-1.363427912
7365	-1.127074467	-1.445790899
7366	-1.064793418	-1.196887598
7367	-0.878058131	-0.933316822
7368	-0.930417912	-1.065711791
7369	-0.880037215	-0.678643042
7370	-0.988820784	-0.932169008
7371	-1.264160324	-1.553020814
7372	-0.999874613	-1.014687531
7373	-0.840134499	-0.752161489
7374	-0.95447032	-0.927214996
7375	-0.957339055	-0.979470689
7376	-0.982631838	-1.078201273
7377	-1.081926679	-1.152830274
7378	-1.117416464	-1.386812627
7379	-1.041387653	-1.352715492
7380	-1.014476908	-1.165802561
7381	-1.022771131	-1.116337517
7382	-1.192358031	-1.579532003
7383	-0.984690484	-1.070224781
7384	-1.103412185	-1.2883994
7385	-0.846387448	-0.747413723
7386	-1.164054442	-1.3053113
7387	-1.121577518	-1.292967701
7388	-0.981265922	-1.013797779
7389	-1.183245641	-1.392156076
7390	-0.971591439	-1.077203989
7391	-0.995822097	-1.057098932
7392	-1.112717662	-1.369775806
7393	-0.983098351	-1.041653002
7394	-1.003498534	-1.282375267
7395	-0.967544491	-1.051614116
7396	-0.908701808	-1.059885205
7397	-0.880340415	-0.915748131
7398	-0.979513945	-1.090921865
7399	-0.962364433	-1.058333539
7400	-0.97404838	-0.990742657
7401	-1.174336464	-1.389249002
7402	-0.554634567	-0.33492207
7403	-1.334926753	-1.6172171
7404	-1.036074008	-1.534648746
7405	-0.881865638	-1.059622379
7406	-0.747010616	-0.626946106
7407	-1.110175518	-1.310241838
7408	-0.948195306	-1.04590322
7409	-1.067673397	-1.406812676
7410	-0.622554287	-0.531269301
7411	-0.92087277	-0.945990763
7412	-1.193472074	-1.381573512
7413	-1.153199034	-1.331650063
7414	-0.905481454	-0.900507971
7415	-0.820596807	-0.694740406
7416	-1.05386459	-1.185685717
7417	-1.17037336	-1.533435706
7418	-1.033040492	-1.104407674
7419	-0.922609782	-1.058330107
7420	-0.981627285	-1.04014593
7421	-1.048854446	-1.199283359
7422	-1.21840798	-1.564233503
7423	-1.097184738	-1.232812112
7424	-1.106379099	-1.305848963
7425	-1.108822135	-1.304487674
7426	-0.983165848	-1.022137969
7427	-0.86927413	-0.918170118
7428	-0.968664779	-0.988325856
7429	-1.214331118	-1.488184632
7430	-1.077019703	-1.217859483
7431	-1.120062332	-1.205889806
7432	-1.089107131	-1.335512201
7433	-1.018004083	-1.168062987
7434	-0.965498317	-1.048759195
7435	-0.89059091	-1.057463517
7436	-0.914194747	-0.954690289
7437	-0.537969582	-0.325314095
7438	-1.141094098	-1.460225227
7439	-0.993553225	-0.956588216
7440	-1.251302363	-1.54395044
7441	-1.173777307	-1.401104648
7442	-0.93919291	-1.08949111
7443	-1.092100086	-1.178940142
7444	-0.984064752	-1.145714747
7445	-1.172860733	-1.373760522
7446	-0.899569588	-0.902081269
7447	-0.957581518	-0.937208317
7448	-1.030980114	-1.169732143
7449	-1.026807243	-1.080628078
7450	-0.888984	-0.813778035
7451	-0.887606486	-0.883072564
7452	-1.003541866	-1.039330821
7453	-1.127753311	-1.381368935
7454	-1.172055143	-1.261656628
7455	-0.977240577	-1.169913638
7456	-1.058065887	-1.281215666
7457	-0.679893167	-0.563563228
7458	-1.086182079	-1.344278147
7459	-1.057161609	-1.395768957
7460	-0.925326397	-0.905093935
7461	-0.797764405	-0.604862115
7462	-0.99727179	-1.180894205
7463	-1.148984918	-1.511488397
7464	-0.957536784	-0.961074068
7465	-0.879708197	-0.891799528
7466	-0.864611415	-0.835832093
7467	-0.615751641	-0.472232572
7468	-1.088698741	-1.275935619
7469	-1.159133539	-1.447222836
7470	-1.106057679	-1.356336495
7471	-0.987730861	-1.15912583
7472	-0.941076199	-1.2715582
7473	-1.025493993	-1.142308758
7474	-0.886030196	-0.94377131
7475	-0.974258199	-1.130380487
7476	-1.054977012	-1.135865141
7477	-1.017244533	-1.222382208
7478	-1.080323439	-1.237878782
7479	-1.264786937	-1.483639495
7480	-0.97534846	-0.994774124
7481	-0.983099716	-1.070028405
7482	-0.928295095	-1.104843661
7483	-1.192094066	-1.540509102
7484	-1.128823746	-1.2868044
7485	-1.021625782	-1.133489507
7486	-1.161742496	-1.381700981
7487	-1.06953846	-1.060243523
7488	-1.036939124	-1.265241863
7489	-1.153078648	-1.291650664
7490	-0.671537806	-0.570287341
7491	-1.140558253	-1.42595444
7492	-0.99540113	-1.105095168
7493	-1.059636325	-1.262725057
7494	-1.127566268	-1.48975816
7495	-0.959832492	-1.038152418
7496	-1.093676	-1.249935949
7497	-0.693080713	-0.634779071
7498	-0.965635019	-1.005802632
7499	-1.000641728	-1.088608289
7500	-1.176145276	-1.393587479
7501	-1.068967117	-1.488459958
7502	-1.206734958	-1.359812513
7503	-0.547864205	-0.354063506
7504	-0.981399234	-0.995485506
7505	-0.855637195	-0.906828363
7506	-1.152226722	-1.404690922
7507	-0.705919366	-0.460175077
7508	-1.02180382	-1.096355825
7509	-0.949928487	-1.08689667
7510	-0.813839547	-0.826060629
7511	-1.048559831	-1.092570865
7512	-0.821215385	-0.836883099
7513	-0.872157483	-1.02088105
7514	-1.149767633	-1.381964523
7515	-1.085796779	-1.193753537
7516	-0.818491636	-0.587964032
7517	-1.073818903	-1.196821053
7518	-0.924882307	-1.057160053
7519	-1.186997816	-1.482009107
7520	-1.050539917	-1.139722417
7521	-1.219873812	-1.489707514
7522	-1.082415931	-1.272865168
7523	-0.634324894	-0.532078775
7524	-0.900281797	-0.744096934
7525	-1.18086422	-1.439239093
7526	-0.633898822	-0.511109738
7527	-1.246943433	-1.404992358
7528	-0.891545106	-0.920902058
7529	-0.973910144	-0.976781978
7530	-0.874017237	-0.862739584
7531	-0.7180357	-0.591330688
7532	-1.27593536	-1.573343081
7533	-0.93893716	-0.960146685
7534	-1.270012293	-1.521824897
7535	-0.936742562	-0.874817309
7536	-0.971025997	-1.124730717
7537	-1.022486335	-1.10532908
7538	-1.119630149	-1.168509533
7539	-1.033031077	-1.207255426
7540	-0.946594237	-0.938321442
7541	-0.758232387	-0.743343848
7542	-1.110836551	-1.294457978
7543	-0.97852928	-1.016193072
7544	-1.244537438	-1.520627001
7545	-0.995481567	-1.179636863
7546	-0.525196508	-0.290585564
7547	-0.883544714	-0.954096505
7548	-1.145201648	-1.411390002
7549	-0.9361847	-1.249127956
7550	-0.846526096	-0.741213017
7551	-1.066681168	-1.123126451
7552	-1.047613026	-1.445756919
7553	-0.824213672	-0.825596169
7554	-0.556429674	-0.397340063
7555	-0.893296984	-0.959616153
7556	-1.079065861	-1.232919702
7557	-1.213964206	-1.370463976
7558	-0.960652975	-1.057205825
7559	-0.988811571	-1.033206917
7560	-1.224336553	-1.49482837
7561	-1.082119521	-1.147807039
7562	-1.231452697	-1.416401817
7563	-0.970110278	-1.027244508
7564	-0.99422066	-1.098429948
7565	-0.773018432	-0.70980302
7566	-1.124730027	-1.364658739
7567	-1.20648358	-1.423427656
7568	-0.904377557	-0.977355115
7569	-0.773033731	-0.789172572
7570	-0.914939495	-0.979741754
7571	-1.072160157	-1.173728134
7572	-1.157432964	-1.39254703
7573	-0.589630877	-0.42959846
7574	-0.941703014	-0.936166395
7575	-0.755635281	-0.486491264
7576	-1.072928583	-1.268070917
7577	-0.741092533	-0.719425873
7578	-0.917249336	-0.795550205
7579	-1.064721492	-1.122785775
7580	-0.598984454	-0.448524383
7581	-0.884944875	-0.917523614
7582	-0.927602466	-1.076958436
7583	-0.879118727	-0.95328589
7584	-0.612432426	-0.490493851
7585	-0.777946673	-0.724539219
7586	-0.829858535	-0.829622026
7587	-1.194543108	-1.468312524
7588	-1.185915917	-1.329696536
7589	-1.124850481	-1.414446503
7590	-0.684113999	-0.578335536
7591	-1.275073414	-1.471658306
7592	-0.761387785	-0.740171279
7593	-1.084159763	-1.38376236
7594	-0.962663679	-1.064396783
7595	-1.161524819	-1.350408716
7596	-0.973611397	-1.126550024
7597	-1.035726133	-1.157223511
7598	-1.051077193	-1.14405634
7599	-0.915398441	-0.983548765
7600	-1.019802953	-1.10315427
7601	-1.080443363	-1.21818616
7602	-0.956465767	-1.013965869
7603	-1.052547832	-1.150839733
7604	-1.022070024	-1.105707389
7605	-1.138395787	-1.272550313
7606	-1.237132237	-1.448181889
7607	-0.816549837	-0.741456996
7608	-0.802455741	-0.874553886
7609	-0.884917851	-0.713852281
7610	-1.04026504	-1.337439712
7611	-0.888155071	-1.072187339
7612	-1.126892736	-1.331993639
7613	-1.183949168	-1.400234134
7614	-0.99040102	-1.237764349
7615	-1.055240242	-1.207808784
7616	-1.121079662	-1.403080895
7617	-1.115183707	-1.34472129
7618	-1.030018671	-1.028488434
7619	-1.03103659	-1.140546278
7620	-0.926873361	-0.982487383
7621	-0.982758063	-1.053201508
7622	-0.796399594	-0.750953514
7623	-1.190658236	-1.339487331
7624	-0.871867307	-0.866216417
7625	-1.078782265	-1.257639736
7626	-1.081066302	-1.368286283
7627	-1.084021094	-1.212793941
7628	-1.090336104	-1.263858608
7629	-1.202207729	-1.414475816
7630	-0.858758391	-0.972454398
7631	-0.996777617	-1.064248533
7632	-1.124740751	-1.233781474
7633	-1.147819862	-1.487026253
7634	-0.880345473	-0.659586551
7635	-0.582414427	-0.310544797
7636	-1.086884255	-1.183902348
7637	-1.23762961	-1.582336475
7638	-1.184121724	-1.367964888
7639	-1.181157285	-1.315688916
7640	-0.552875138	-0.366496919
7641	-0.967611316	-1.213414203
7642	-1.031983501	-0.997356445
7643	-0.559141923	-0.390094989
7644	-1.003161574	-1.13961118
7645	-0.696613957	-0.595861441
7646	-1.040673592	-1.259107971
7647	-0.958815883	-0.907359919
7648	-0.914345646	-1.07522866
7649	-1.060245974	-1.276617505
7650	-0.861315654	-1.021542555
7651	-0.803079586	-0.81950425
7652	-0.877883803	-0.944494726
7653	-0.922282119	-1.007197986
7654	-1.263512219	-1.563919963
7655	-0.713396015	-0.674094351
7656	-1.136664047	-1.394702266
7657	-0.753604912	-0.73165593
7658	-1.041015249	-1.085201364
7659	-1.062962072	-1.284908199
7660	-1.159131301	-1.397445849
7661	-0.676498309	-0.576491035
7662	-1.209737234	-1.425753171
7663	-1.110089845	-1.423794634
7664	-1.063967861	-1.113359495
7665	-0.924255346	-1.034003034
7666	-0.709146373	-0.646242836
7667	-0.955338123	-0.94598495
7668	-1.041120507	-1.28392314
7669	-1.064901395	-1.329039847
7670	-1.113545931	-1.266798075
7671	-1.058550003	-1.258190389
7672	-1.09019483	-1.297561421
7673	-1.115473789	-1.397898201
7674	-0.677315159	-0.566631416
7675	-1.139714438	-1.310312352
7676	-0.943142621	-0.881314191
7677	-0.986250978	-1.01430674
7678	-1.248790017	-1.525265769
7679	-1.116164231	-1.35722206
7680	-1.125600776	-1.503225266
7681	-1.150500413	-1.508492583
7682	-0.985365827	-0.940900888
7683	-1.005739491	-0.981526921
7684	-0.796851879	-0.782744591
7685	-0.802495108	-0.679800477
7686	-0.994639854	-1.037303638
7687	-1.031432819	-1.133212432
7688	-1.033208948	-1.466387261
7689	-0.781464884	-0.770097178
7690	-0.750553471	-0.632224889
7691	-1.01074618	-1.177442762
7692	-0.980252726	-1.039163936
7693	-0.953728518	-1.097723483
7694	-0.770429222	-0.677699012
7695	-0.900994379	-0.943363429
7696	-1.249605033	-1.476914899
7697	-0.670836614	-0.545632424
7698	-1.085170937	-1.24598526
7699	-1.005145094	-1.081102377
7700	-1.13316758	-1.350584884
7701	-1.029102245	-1.15917193
7702	-1.075441582	-1.181418725
7703	-0.99533822	-1.095163562
7704	-1.020225641	-1.231291359
7705	-0.991210072	-1.158324214
7706	-1.240581334	-1.380859494
7707	-0.955982588	-0.952978963
7708	-1.035413256	-1.072731038
7709	-1.286585806	-1.60925175
7710	-1.128404719	-1.532148069
7711	-0.894267855	-0.824499206
7712	-1.01505811	-1.112559227
7713	-1.049009907	-1.175600988
7714	-1.062054118	-1.220156349
7715	-1.024283129	-1.097550145
7716	-1.005258846	-1.04563062
7717	-1.130991478	-1.270765152
7718	-0.860001009	-0.803656487
7719	-1.1373227	-1.404078233
7720	-0.816817618	-0.836716374
7721	-1.109292925	-1.209084877
7722	-1.101341509	-1.257750985
7723	-1.009042827	-1.144115687
7724	-1.07874382	-1.230138179
7725	-0.84280679	-0.812143946
7726	-0.757698509	-0.716108334
7727	-0.826494111	-0.786831112
7728	-0.670510016	-0.499070403
7729	-1.101628898	-1.276420452
7730	-1.038624056	-1.140173528
7731	-1.030812493	-1.085637927
7732	-0.963890464	-1.164185386
7733	-1.029641179	-1.103469156
7734	-1.107320736	-1.405115629
7735	-0.976200851	-1.150513574
7736	-1.174705476	-1.363511982
7737	-0.979632701	-0.986377875
7738	-1.177716009	-1.402516464
7739	-1.028911061	-1.087917422
7740	-1.120369759	-1.386292487
7741	-0.917084821	-0.985708825
7742	-1.078410233	-1.378969938
7743	-0.848104459	-0.767907669
7744	-1.067458753	-1.181235902
7745	-1.044643875	-1.194067196
7746	-0.982565965	-1.03868563
7747	-0.714708831	-0.631714274
7748	-1.087930596	-1.443638596
7749	-1.153481247	-1.403438114
7750	-0.931524853	-0.869744598
7751	-1.040023372	-1.148519608
7752	-1.077296733	-1.253423938
7753	-0.946640444	-1.089417243
7754	-0.926573077	-0.825125037
7755	-1.079860641	-1.192882963
7756	-1.013072622	-1.212742542
7757	-1.061599527	-1.131328087
7758	-0.875618559	-0.813686739
7759	-1.07854716	-1.242227361
7760	-1.098878117	-1.225712027
7761	-0.825692124	-0.827841655
7762	-0.895105076	-1.039961439
7763	-0.876012013	-0.923682209
7764	-1.106789997	-1.504108573
7765	-1.020619313	-1.249606253
7766	-1.158352865	-1.448402772
7767	-1.011366957	-1.196122452
7768	-1.024380098	-1.042925136
7769	-0.92504683	-1.110156664
7770	-0.938072233	-1.215349418
7771	-0.973280519	-1.067237853
7772	-1.017649727	-1.151904367
7773	-1.172343601	-1.318812107
7774	-0.866557308	-0.955818902
7775	-1.094770185	-1.37391527
7776	-0.786534312	-0.798315147
7777	-0.846406207	-0.731780303
7778	-0.890990762	-0.767822514
7779	-0.982289286	-1.006273762
7780	-1.152397419	-1.508641701
7781	-1.020287862	-1.230974193
7782	-1.097560972	-1.362387196
7783	-1.040049142	-1.326989008
7784	-1.074451818	-1.319611656
7785	-1.114139521	-1.28942307
7786	-0.885811657	-0.797270163
7787	-1.196466762	-1.391104435
7788	-1.077862047	-1.371530723
7789	-1.088803455	-1.270077033
7790	-1.147001658	-1.36365187
7791	-1.172441173	-1.39344833
7792	-1.196199582	-1.515068534
7793	-1.033071129	-1.174614058
7794	-1.1273322	-1.325781658
7795	-1.22784711	-1.466886806
7796	-1.098082818	-1.21470534
7797	-0.966501583	-1.012480267
7798	-1.112366928	-1.302228548
7799	-0.709334341	-0.61244302
7800	-0.536186591	-0.353933658
7801	-0.912111733	-0.915522318
7802	-0.907009357	-0.951425054
7803	-0.98889255	-1.079590771
7804	-1.076970169	-1.259425366
7805	-0.821052945	-0.899042781
7806	-1.089470565	-1.367108394
7807	-1.147582423	-1.485566507
7808	-0.901177974	-0.82564215
7809	-1.136375978	-1.30175605
7810	-0.738411347	-0.683559292
7811	-1.040234165	-1.130747137
7812	-0.901486131	-1.047371375
7813	-1.104861029	-1.327953338
7814	-1.055050213	-1.202662697
7815	-0.587162678	-0.361329702
7816	-1.182893783	-1.308539491
7817	-1.022681275	-1.110000586
7818	-1.111863491	-1.307042663
7819	-0.970954698	-1.008229684
7820	-1.035906294	-1.102800416
7821	-0.768468632	-0.572247015
7822	-1.046615291	-1.075824913
7823	-1.14707225	-1.528631817
7824	-1.056821756	-1.150856689
7825	-1.008966101	-1.213447453
7826	-1.139110804	-1.33151666
7827	-1.169341918	-1.381638262
7828	-0.652334465	-0.564324087
7829	-1.11464737	-1.266738591
7830	-1.074088751	-1.425709379
7831	-0.853557695	-0.873770873
7832	-1.119407854	-1.330723514
7833	-1.227882357	-1.419724195
7834	-1.093304585	-1.227404554
7835	-1.147422109	-1.294019346
7836	-1.148058016	-1.299877075
7837	-0.981198316	-0.94731742
7838	-0.923238132	-0.913509344
7839	-1.060952594	-1.233124915
7840	-1.132081658	-1.285317944
7841	-0.971065944	-1.022186252
7842	-0.890306279	-0.977026286
7843	-1.040418136	-1.130775297
7844	-0.72957135	-0.664681853
7845	-0.956447156	-1.009280535
7846	-1.035844818	-1.063224404
7847	-1.197095781	-1.482233605
7848	-0.904357742	-0.824852621
7849	-0.913849491	-0.81556905
7850	-0.603060298	-0.481004619
7851	-1.068826921	-1.197498118
7852	-0.890000615	-0.965872222
7853	-1.038031942	-1.234206317
7854	-0.753007241	-0.735556168
7855	-1.0849928	-1.235330027
7856	-0.639406215	-0.355790236
7857	-0.898766646	-0.948820842
7858	-1.30726687	-1.606884359
7859	-1.019933259	-1.139265995
7860	-0.901484534	-0.952976386
7861	-0.968772642	-0.912884229
7862	-1.124399516	-1.242911423
7863	-0.909644578	-0.865687219
7864	-1.056118712	-1.206562489
7865	-1.044818594	-1.325290699
7866	-1.107808847	-1.27152205
7867	-0.982928964	-1.123241574
7868	-1.134817	-1.400874063
7869	-1.137620402	-1.356591816
7870	-0.904677773	-0.684767636
7871	-0.982359345	-0.966696634
7872	-1.068356726	-1.32797902
7873	-0.982689699	-1.174945917
7874	-1.136431072	-1.399389004
7875	-0.790627693	-0.730201331
7876	-1.166819824	-1.474364221
7877	-1.008500588	-1.175822623
7878	-1.161975133	-1.519961465
7879	-0.666239401	-0.53770845
7880	-1.081107804	-1.279005384
7881	-0.983587368	-1.112612611
7882	-0.816957814	-0.803808308
7883	-1.028403022	-1.221780707
7884	-1.002860276	-1.415800086
7885	-0.768263092	-0.622812322
7886	-0.750598503	-0.695765548
7887	-0.650769832	-0.549302016
7888	-0.856555093	-0.909001535
7889	-0.945985425	-1.011587932
7890	-0.75099132	-0.715032641
7891	-0.992055125	-1.197646483
7892	-1.068018119	-1.189158768
7893	-1.022377348	-1.23150867
7894	-1.156901446	-1.457941573
7895	-1.319144814	-1.564806007
7896	-0.73475374	-0.712737187
7897	-1.028853072	-1.148135881
7898	-0.628794948	-0.482845906
7899	-0.990698887	-1.252666033
7900	-1.025032435	-1.117064074
7901	-1.06187337	-1.240058917
7902	-1.218068285	-1.427346243
7903	-1.247416634	-1.521953047
7904	-0.613795793	-0.508547299
7905	-0.987664612	-1.119134499
7906	-1.216086011	-1.363046858
7907	-0.980422699	-1.304343278
7908	-0.924956459	-1.083198158
7909	-0.964297859	-1.135492577
7910	-0.888636505	-0.973610447
7911	-0.838268565	-0.855652479
7912	-0.826669326	-0.6950782
7913	-0.625216053	-0.509462755
7914	-1.085779077	-1.197845586
7915	-0.96863765	-1.146910634
7916	-1.258942729	-1.508080466
7917	-1.051074175	-1.252581495
7918	-1.225828178	-1.502589289
7919	-1.037801921	-1.132310516
7920	-1.193416448	-1.436623804
7921	-1.043381566	-1.0538981
7922	-1.00779444	-1.157183665
7923	-1.247712216	-1.526089428
7924	-0.852996131	-0.693171581
7925	-0.947995974	-1.031930463
7926	-0.7771532	-0.763155762
7927	-1.169270585	-1.290343162
7928	-1.076002826	-1.466854154
7929	-1.109590486	-1.274088358
7930	-1.046793314	-1.23767796
7931	-0.843713226	-0.906124742
7932	-1.112714138	-1.383948125
7933	-1.28396836	-1.548293863
7934	-0.789613025	-0.776064643
7935	-1.024638391	-1.112193492
7936	-1.036872256	-1.220982177
7937	-1.084522731	-1.349253496
7938	-0.808254557	-0.703487784
7939	-0.876249171	-0.78108911
7940	-1.160161503	-1.355003217
7941	-1.232170367	-1.592924857
7942	-0.631486558	-0.377195504
7943	-1.19955595	-1.478501491
7944	-1.253056169	-1.491815786
7945	-1.071039256	-1.287066342
7946	-1.265954198	-1.559642944
7947	-1.190667067	-1.413068598
7948	-0.966985966	-0.780357943
7949	-1.163896437	-1.473239181
7950	-0.774556411	-0.751638347
7951	-0.930993487	-0.856167219
7952	-0.96369747	-1.02292118
7953	-1.074396012	-1.273559362
7954	-0.950584001	-1.173747311
7955	-1.133938754	-1.261098346
7956	-1.135156411	-1.317150231
7957	-0.94999634	-1.047866311
7958	-0.853986524	-0.66238498
7959	-0.772092211	-0.553247928
7960	-0.854935051	-0.809835647
7961	-0.931112167	-1.020390578
7962	-1.02099768	-1.12601457
7963	-1.138060729	-1.288044241
7964	-0.59819396	-0.439702745
7965	-0.583807183	-0.451968497
7966	-0.861234395	-0.876119228
7967	-0.904698503	-0.927246458
7968	-1.06399322	-1.158451781
7969	-1.170279986	-1.342773922
7970	-1.038094471	-1.0855223
7971	-0.897298037	-1.06447514
7972	-1.030669964	-1.220503269
7973	-1.057412224	-1.16120398
7974	-1.049193031	-1.105297389
7975	-1.167946263	-1.448779165
7976	-1.16489016	-1.36893386
7977	-1.221618269	-1.501510931
7978	-1.139574357	-1.361155531
7979	-0.796137411	-0.505387736
7980	-1.031442405	-1.152424435
7981	-1.197448494	-1.360329892
7982	-0.821656327	-0.629907464
7983	-1.005192009	-1.09919301
7984	-1.060922682	-1.24818277
7985	-0.999078539	-1.233643806
7986	-1.104460837	-1.522120594
7987	-1.057125611	-1.35898191
7988	-1.190840484	-1.3507788
7989	-0.821499497	-0.810933643
7990	-1.095000578	-1.231883738
7991	-1.008331032	-1.264545918
7992	-1.074479208	-1.241864435
7993	-0.812116013	-0.861086028
7994	-1.289454337	-1.546489325
7995	-0.899618011	-0.937562407
7996	-0.956921477	-0.898560855
7997	-1.101042722	-1.280251474
7998	-1.069466587	-1.256428879
7999	-0.972271959	-0.898562103
8000	-1.135736033	-1.349583244