8001	-1.1377526794333337	-1.195904235874999
8002	-1.1013907016000013	-1.2716653217250005
8003	-1.1621168137833293	-1.4786961223449988
8004	-1.0009818570666698	-1.141052680314996
8005	-0.8955710914650032	-0.9943657620866634
8006	-1.1341383565333327	-1.4025108387500025
8007	-1.1166889067499945	-1.3263534330066655
8008	-0.8348268816950017	-0.6769747736399998
8009	-1.011416114151668	-1.1153586518716707
8010	-0.7302409781033384	-0.6830616990399971
8011	-0.9271942663333316	-0.9653475365499969
8012	-1.0231333908983304	-1.260713690750001
8013	-0.8256875786233331	-0.6181436843200008
8014	-1.0690254172333278	-1.3417310301049963
8015	-1.0671240572999974	-1.331697426881669
8016	-0.9655453817033349	-1.056120608281662
8017	-1.2584363184666658	-1.5346251080500044
8018	-1.0333238518416739	-1.0868658497716654
8019	-0.93019700428334	-1.0407906550100001
8020	-1.1579006564133358	-1.270565372518335
8021	-0.8553907030500005	-0.9274513026916669
8022	-1.2526642863233304	-1.5442566679466703
8023	-1.1472842772033343	-1.390111849646667
8024	-1.0527835623666695	-1.1387281044649968
8025	-1.0563586337666682	-1.1493800556316633
8026	-0.8945074467499994	-0.9269788398099971
8027	-0.7374582162166707	-0.6244792386616677
8028	-1.0574850100900046	-1.221031527596671
8029	-1.0541404362316782	-1.1415115575366683
8030	-1.0280465387000004	-1.1911181208099957
8031	-0.9841082628583325	-1.1638013185666685
8032	-0.9797580182416694	-1.0019261141733347
8033	-1.079491643900001	-1.165616874349996
8034	-0.862735313863336	-0.8657963299233354
8035	-1.0951069159000046	-1.268122557521665
8036	-1.199821787911664	-1.5504900696400024
8037	-1.248058371383334	-1.4705626427333391
8038	-0.9608811461200096	-1.0529163259133358
8039	-1.1254707017666665	-1.440668963110005
8040	-1.1329002118366671	-1.3882055106699924
8041	-0.8898445000666634	-1.0016307624516674
8042	-0.9913431552333278	-1.2431182097566684
8043	-0.6896916340833321	-0.6263578864033333
8044	-1.0595324912100053	-1.1904640896133327
8045	-0.7621656817083382	-0.7847033574416709
8046	-0.876805424683332	-0.866563854683332
8047	-1.0454567873316656	-1.22189327174833
8048	-1.1182986455833352	-1.427712626216667
8049	-0.8234407904583358	-0.837396200161665
8050	-1.104256620843334	-1.271685829303331
8051	-1.1566155098666666	-1.5784660098933392
8052	-1.1755385981666637	-1.447664505406664
8053	-0.7766867756750031	-0.7969652069433373
8054	-0.5221971240916663	-0.33655219864333286
8055	-1.227902044533336	-1.4652649466783325
8056	-0.9897351525833356	-1.2346623563766708
8057	-1.1031085691333362	-1.3619612867849968
8058	-0.7442915880400021	-0.7207825699766648
8059	-1.0973000199933356	-1.3064236010566637
8060	-1.0476322936666707	-1.265637683466665
8061	-0.9600833561250045	-1.1124778464199974
8062	-0.8631270164966665	-0.7181737782799997
8063	-0.9336890864050057	-0.8992624566183361
8064	-1.122060364883333	-1.4255256840800048
8065	-1.030763073889998	-1.2400289570083296
8066	-1.0449269510883314	-1.181765663496663
8067	-1.1124856908833338	-1.3581670441850013
8068	-1.0494367988583357	-1.1117608214066645
8069	-1.255647921331665	-1.543940232016664
8070	-1.001727068208332	-1.2026334627183317
8071	-0.8600162682250018	-0.8454467062116673
8072	-1.2436432513666655	-1.4705353935500052
8073	-0.9398883299833412	-0.9972502907333308
8074	-1.1764778652583319	-1.392458243910007
8075	-1.047779621383331	-1.236838336219999
8076	-1.0323103558416655	-1.1746679656333379
8077	-0.8636898824500051	-0.8624587323583336
8078	-0.8433179421750031	-0.7539850618566669
8079	-1.0194603628499948	-1.23206765641667
8080	-1.1211312468000005	-1.3036793617933327
8081	-1.092729969699999	-1.5119348644916648
8082	-1.1135846329500072	-1.3581658350233294
8083	-0.7231373801983333	-0.5220600648783327
8084	-0.9442902848316679	-0.8235816412166677
8085	-1.235791657831667	-1.3862430397666734
8086	-1.1151831255316642	-1.3773022663800008
8087	-1.0050115869483296	-1.229769694793333
8088	-1.0830012717500022	-1.161855868771667
8089	-0.9619934982716718	-0.8728735040516667
8090	-1.2188295488116607	-1.4888295407916672
8091	-1.1981649188633265	-1.4857127337816713
8092	-1.0394254434083363	-1.275301882576667
8093	-1.0687938271666697	-1.3945811791566682
8094	-1.0502364643666668	-1.2311991162949967
8095	-1.0477308124283324	-1.2378937294166659
8096	-1.0300859167333354	-1.3656494123200016
8097	-1.0215516269733385	-1.113240322601667
8098	-1.2825072199666627	-1.5621537602783357
8099	-0.9539310971166642	-1.0214234293966635
8100	-0.9883973013500013	-1.1116910580449988
8101	-1.005074117545003	-1.0976947850266667
8102	-0.9955370828500012	-0.9277049481066639
8103	-0.9763065867500089	-0.9992769032133351
8104	-0.8427651239000054	-0.819818255836667
8105	-0.727682529681671	-0.6643559583033319
8106	-1.0511411447333323	-1.1616514711783312
8107	-0.9699436196333376	-0.8900476110100005
8108	-1.1604071037333288	-1.4791322796300004
8109	-0.7399997525083332	-0.709798545861667
8110	-1.0295470438500005	-1.3890117888500042
8111	-1.1116793221799977	-1.314429772721664
8112	-1.0865564383399975	-1.2961395825866646
8113	-1.0283146471200073	-1.149310182708337
8114	-0.7960211449666649	-0.5784593491999998
8115	-0.9668062152733337	-1.0840193864866696
8116	-1.1320782497000037	-1.3086587838266617
8117	-0.9961773806783392	-1.0563590186816714
8118	-1.1366987754666686	-1.3890659364133338
8119	-1.1991154977833332	-1.4516254789066667
8120	-1.200200881513331	-1.5010641571366663
8121	-0.9949546213866749	-0.9635758758333343
8122	-0.8867872392000011	-0.9183634172599938
8123	-1.090483916516667	-1.531256051021664
8124	-1.0088485887700016	-1.1432352412266695
8125	-1.1356066925333397	-1.3667577047299968
8126	-1.064590815816663	-1.2652711893966648
8127	-0.9786611254083377	-0.9800162661833333
8128	-1.0004082797666654	-1.2586348504133373
8129	-0.8454453670933388	-0.7316462771883367
8130	-1.1449416432166646	-1.4867095130566659
8131	-0.8377388439500014	-0.7030402997699978
8132	-0.8181543693666709	-0.8225469395433329
8133	-1.1429441187483302	-1.3402623798583326
8134	-1.1418062110500042	-1.427307457285004
8135	-1.0215754089333302	-1.2221284593916637
8136	-0.7478618432750046	-0.7010599132216653
8137	-0.7890579789983364	-0.7965375178216652
8138	-0.7092242758333329	-0.6820057208199997
8139	-1.0570753790166636	-1.239777806889999
8140	-1.1596923398666645	-1.397178160140008
8141	-1.0023820725916688	-0.9864377183499987
8142	-0.9209542000666661	-1.0315694357233285
8143	-1.0680890423499985	-1.1962971851283304
8144	-0.556746803899999	-0.36507724780166617
8145	-1.1589392246483319	-1.4332731842683406
8146	-1.0482894541933334	-1.1829706103566675
8147	-1.0412833459400102	-1.0667039019783313
8148	-1.2356831261666679	-1.4853608865166712
8149	-0.93657730021167	-1.004015175216661
8150	-0.8510542092733339	-0.9284150889500034
8151	-1.1106831952133343	-1.406059585516663
8152	-0.82012623589	-0.8717519975083351
8153	-1.076039939083342	-1.1678190279466694
8154	-1.0820039931300047	-1.2104043691983353
8155	-1.047232271653338	-1.2024184645083313
8156	-0.6933650897833338	-0.422075010099999
8157	-1.1523718087816703	-1.301687945546665
8158	-1.0113117684333348	-0.9443569412199964
8159	-1.219764308496669	-1.3736703705166713
8160	-0.9967470165083436	-1.0443911448416638
8161	-1.07006715205834	-1.0804316516699963
8162	-1.0691335117600007	-1.1338197834500034
8163	-0.7724840026400058	-0.8156307419416703
8164	-0.9516782346566713	-1.0139292289383288
8165	-0.9936687525833328	-1.1988724891700009
8166	-1.1500308168333349	-1.6129456922466723
8167	-1.0951778656183384	-1.2119763074199983
8168	-1.3000244448299973	-1.5686606827000011
8169	-1.0717432599166652	-1.3345740885933353
8170	-1.035523192230005	-1.2328733505433365
8171	-0.603153787625002	-0.4911600855566675
8172	-1.056465015116671	-1.0702199800233356
8173	-0.9152999846500032	-0.8469679030633326
8174	-1.1353907712766673	-1.3558607453050022
8175	-1.035792525550001	-1.2125455340166695
8176	-0.9491495374166729	-0.8721246202999968
8177	-1.1462588302816619	-1.3995253432216743
8178	-1.0681756239833349	-1.3536385825883335
8179	-1.1152242756583315	-1.380168527476669
8180	-0.8693675118166678	-1.0054413402216669
8181	-1.045372784636674	-1.2363398144266688
8182	-1.0700841216099992	-1.1803063093416664
8183	-0.770514942516668	-0.550613116704999
8184	-1.148987647081662	-1.4079338711449976
8185	-0.8273473698666759	-0.8108834869433394
8186	-1.096105325841675	-1.1728117785499972
8187	-1.0016077256833327	-1.1970674962900036
8188	-1.0569602653300083	-1.1637838022666616
8189	-0.9824835211666682	-1.2837455947399994
8190	-1.0846479284666701	-1.1543480508166621
8191	-1.0555331525833356	-1.5214825670333356
8192	-0.824608623700005	-0.825853171126671
8193	-0.9688084591450046	-1.0300538420450038
8194	-0.8845603429916702	-0.9261680300699919
8195	-0.9230150182850057	-0.8082478922999984
8196	-1.0705032432333383	-1.1931565310849956
8197	-0.8997612375233448	-0.9056637317366656
8198	-0.9674627168750014	-1.1022749461283334
8199	-0.6584677404500001	-0.5766528250266652
8200	-1.0468215545916721	-1.2226913707250018
8201	-1.078947794849998	-1.2456009010999967
8202	-1.1913600697833342	-1.4599073868983357
8203	-1.0381562456049969	-1.2113866887066678
8204	-0.5960762464666671	-0.416204347404999
8205	-1.11977968851667	-1.3033214740249983
8206	-0.8260040376600023	-0.8062305478666705
8207	-1.0840455713383357	-1.2316820899633338
8208	-1.0822767993750018	-1.278001357334999
8209	-1.1091574820516648	-1.2923445618599974
8210	-0.8848227425833304	-0.9165644272933344
8211	-1.0072122394249992	-1.1678085708316654
8212	-0.8656038933816677	-0.6609683785733348
8213	-1.0703901332833383	-1.1714926977883315
8214	-1.1834451550500042	-1.3526489387983345
8215	-1.197416824091663	-1.4432411666283367
8216	-1.072158407780007	-1.206347584728332
8217	-1.0905336034333413	-1.193822261178329
8218	-0.8704357893666662	-0.9246689385016645
8219	-0.7004705849250012	-0.6555504236299986
8220	-1.0595038251250093	-1.1289227083316677
8221	-1.0175994967583382	-1.0545300275233334
8222	-1.12124072053833	-1.3127586212933284
8223	-1.0495637195483387	-1.2069909822900005
8224	-1.2168099179249943	-1.4925610457166656
8225	-0.8024508289999991	-0.8444089148033354
8226	-1.1043846171733294	-1.3021392669216738
8227	-0.973110193713337	-0.9938959997766701
8228	-1.1734771222133287	-1.4904739875966673
8229	-0.9331627534416704	-1.0242481895766655
8230	-0.8535288473116666	-0.665904884991668
8231	-1.159326046084996	-1.4001988314300031
8232	-0.9582380160716756	-0.9721879845499992
8233	-0.7240962591166697	-0.6930474788566665
8234	-0.9385885541566774	-0.9877290590716648
8235	-0.9610436559266661	-1.1180418214200012
8236	-1.1804835561499982	-1.3755719773933337
8237	-1.1134143600333362	-1.3317034402633343
8238	-1.1189471871733354	-1.354646286833335
8239	-0.7662807583166661	-0.7494488442349982
8240	-1.1052940727450065	-1.2802368680166658
8241	-0.7298596210900049	-0.6477679850266673
8242	-0.6718260565083356	-0.5382244209200002
8243	-0.9175907882083366	-0.8824195298433316
8244	-1.0643128086566662	-1.2623514875083355
8245	-0.9590789158666689	-0.9954961836133284
8246	-1.1665019958966663	-1.361645079333335
8247	-0.8433807143333368	-0.8358805605133398
8248	-1.1542724320000028	-1.4038315267166637
8249	-1.048517866110003	-1.176970310868332
8250	-1.061129709016667	-1.325352039299995
8251	-0.9899569650500052	-1.1283049348399972
8252	-1.0479448357500016	-1.2898309577783325
8253	-0.9736243067666688	-1.1433522257366693
8254	-0.9454063115500025	-1.0960436337900021
8255	-0.8784574236333305	-1.009033025341668
8256	-1.0633128369783411	-1.1923283043700021
8257	-0.7731416615000006	-0.8060771698666674
8258	-1.031776433621665	-1.2337715056216656
8259	-0.7156760870366713	-0.6694021546033343
8260	-0.9469393444400044	-1.0341436740866654
8261	-1.1189446176499995	-1.529289658213336
8262	-1.200922889630004	-1.391616368073332
8263	-1.134772869943331	-1.3449668414016653
8264	-1.0236042056166685	-1.3478887351266633
8265	-1.1322958621166697	-1.2572743148900056
8266	-1.138709760750001	-1.3185166411666627
8267	-0.803809762395007	-0.8294086939950025
8268	-0.8293314688333346	-0.8580381950766657
8269	-0.8780324101166653	-0.7803215366900019
8270	-0.9897223091066731	-1.0202890015783288
8271	-1.1377999377383297	-1.3820020290216684
8272	-1.1229884751500014	-1.1595543717333356
8273	-0.7620814995166684	-0.7863461290333322
8274	-0.834353189398339	-0.8940358736766657
8275	-1.0191990877150052	-1.1319438531716668
8276	-1.1310651816333255	-1.4030069695583451
8277	-1.1089850166966733	-1.2590629961266668
8278	-1.0247630539733392	-1.1341199106316655
8279	-1.2117435785316648	-1.516326177248339
8280	-1.0912048723999972	-1.3474780135616637
8281	-1.3358004829999994	-1.5441794198333374
8282	-0.9524068909499981	-1.2385171625466682
8283	-0.7653275562783369	-0.7011158774699984
8284	-0.8686137431833325	-0.902671767566667
8285	-1.1971730176816708	-1.3794389045950028
8286	-1.1570916351616627	-1.5224259986483317
8287	-1.0937651594083406	-1.2187619932050027
8288	-0.6719799712916674	-0.4537495038749987
8289	-1.138489828926669	-1.324068458228336
8290	-0.5496803097083346	-0.3959654034099979
8291	-1.151926977583334	-1.4497232923
8292	-0.9860050365500056	-0.98546820697667
8293	-0.8604611380666676	-0.865442982493333
8294	-1.0855814489950044	-1.2858820354649965
8295	-0.8623980528666684	-0.8509041983000002
8296	-0.8401819875250014	-0.8912189444966641
8297	-1.0316284086666647	-1.1649983455333335
8298	-0.8901378122483387	-0.8934844370699954
8299	-0.8973905067666704	-0.8873929652466652
8300	-1.1096543440000004	-1.3086840512499982
8301	-1.2139963925433306	-1.5066951093999987
8302	-1.073731252290003	-1.2078409123816696
8303	-1.1882549206900037	-1.4308713154966675
8304	-0.9626350700083283	-1.0688138581266613
8305	-0.9640727456666723	-1.017983770716667
8306	-0.6805083179566656	-0.5283629061016659
8307	-1.1336483895066665	-1.3715066666116689
8308	-1.1082008234666703	-1.180582253998332
8309	-1.184417452483334	-1.4482848184483406
8310	-1.0455352608333373	-1.250951961540001
8311	-0.8419665966833401	-0.7666467308783332
8312	-1.06606036840667	-1.183191004871664
8313	-1.1863431218333302	-1.2423290967666645
8314	-1.1223461596166682	-1.312903913516665
8315	-1.1145217606733273	-1.3593980860866632
8316	-0.9128094155666637	-1.0596289527383371
8317	-0.7984125545750039	-0.8177613632866632
8318	-0.8602716052916691	-0.864928064456668
8319	-0.9376610809666747	-0.8950135422483357
8320	-0.9483376467166691	-1.0811196191733377
8321	-1.1065369248083312	-1.2984165739766675
8322	-0.9505270151666685	-1.0657323507366645
8323	-0.9531795823333375	-0.9350420480433339
8324	-1.0239086687333325	-1.2938974440899975
8325	-1.0637110649499963	-1.3977816759300046
8326	-0.7765605134166648	-0.48763384434666757
8327	-0.9470677011916685	-1.0777284848666655
8328	-1.1643176684416712	-1.3269164777833369
8329	-1.0603754218000059	-1.0166841987100024
8330	-0.8513159391666661	-0.9414287237783333
8331	-1.1367842109500046	-1.3576163194116653
8332	-0.9835929621083329	-1.1266533162883334
8333	-0.7782677119083343	-0.5559432994133316
8334	-0.9821891559300091	-1.0494165407933351
8335	-0.8947207709750011	-0.9216743345833329
8336	-0.7503487758583332	-0.7238042136799997
8337	-0.8905234718916687	-0.9256034138033314
8338	-0.7727778450666684	-0.6252875871200012
8339	-0.7381941195833331	-0.7289792304533331
8340	-0.9431932910266688	-0.969555187059999
8341	-0.9630376272266679	-1.1125622090533298
8342	-1.0776871308833358	-1.1804336526599992
8343	-0.7271273212416688	-0.661960949030001
8344	-1.107448157828338	-1.2667273452116665
8345	-0.7114844655666734	-0.7233524149783365
8346	-1.088938295883332	-1.1740257239166685
8347	-1.0703160976666686	-1.3335683334716653
8348	-1.1088076964499982	-1.4127706806633353
8349	-1.1836010312633358	-1.3573250839333333
8350	-0.7070504896833346	-0.5655648976066662
8351	-0.8470436587833334	-0.8140034919916663
8352	-0.8318043376183359	-0.751507627079999
8353	-1.1308628931816695	-1.3829730201949961
8354	-1.217987439521661	-1.4806605174749972
8355	-0.9643708338500034	-1.047839260193333
8356	-0.7124883185666653	-0.638331728024999
8357	-0.8205420469083321	-0.6792967974150017
8358	-0.8164208623250013	-0.6508194486833331
8359	-1.0834645843283428	-1.205013123088336
8360	-0.8796202236833353	-0.9056234837283313
8361	-0.9097793683050024	-0.9080490612266667
8362	-0.8178450327833346	-0.8169040111133322
8363	-1.2893436223333343	-1.5155532679833366
8364	-1.0378608484666703	-1.285146654234999
8365	-0.9562364152750064	-0.9911588597983327
8366	-1.1702757123333325	-1.3869906957266676
8367	-1.1144123817500016	-1.4981178579183345
8368	-1.2053195803183328	-1.4380736032366694
8369	-1.0809254673500042	-1.3082814218499998
8370	-1.1641004490000015	-1.3949984755999991
8371	-0.9938608231700096	-1.0455426827966634
8372	-0.8428300741033363	-0.8905714612483301
8373	-0.8618331918499998	-0.6786124408800002
8374	-0.9180579459633358	-1.0058590355316643
8375	-0.950465451106674	-0.918523850169997
8376	-1.0522653318933433	-1.1687158218083356
8377	-0.9040826666616745	-0.9957532318966643
8378	-0.8848442870249993	-0.869280367088333
8379	-1.1738480519749952	-1.4537984104616744
8380	-0.899879678898334	-0.8000814124433315
8381	-1.0728731328833356	-1.179824819773327
8382	-0.8533812693300069	-0.826762612983333
8383	-0.8697663091750014	-0.8873414336666691
8384	-1.042254455183336	-1.1388028633633314
8385	-0.8498062351999981	-0.7240199176300005
8386	-1.179229816566665	-1.369074290226665
8387	-0.9686503507833312	-1.0542511793783322
8388	-0.9389566922999973	-1.1149415974550028
8389	-1.0116837727633372	-1.1654485334200009
8390	-1.1409386802999981	-1.4334192435416686
8391	-0.8564340284666647	-0.9153458910066689
8392	-1.266998240000001	-1.5621784311650029
8393	-1.114402540963334	-1.2481183964849973
8394	-0.9775990497999972	-1.0395717055866633
8395	-1.0908866937666621	-1.3444819225216644
8396	-1.0359278745500051	-1.1489759375400008
8397	-1.009687280104999	-1.1438403850950034
8398	-0.9381634029166703	-1.0830882925516676
8399	-1.1048689078566738	-1.2458757624683297
8400	-1.020443075333341	-0.9893956388333307
8401	-1.0953275954666715	-1.2852639900400036
8402	-1.1035146445333361	-1.3146069954283284
8403	-0.6325975262000011	-0.5349729874383323
8404	-1.0319663024833339	-1.2263166105400038
8405	-0.9114620010550034	-1.05139551516333
8406	-0.8718079242816704	-0.9607521951083334
8407	-1.003524834249999	-1.360707777583333
8408	-0.5803902687083352	-0.42595702167499855
8409	-0.9829654356333358	-1.1227202427599945
8410	-1.1556471338833323	-1.4584133675166648
8411	-0.8133179883483345	-0.8409346882633316
8412	-0.9404023524083409	-0.92393747023333
8413	-1.0691869724683436	-1.194473349751666
8414	-1.1358549454366618	-1.3920811123416639
8415	-0.7681465255000033	-0.6125566767466653
8416	-0.986856558064999	-1.101807046731663
8417	-1.1856573878083305	-1.42343432462168
8418	-0.9358173590833311	-1.0159232614333298
8419	-1.0102932772266688	-1.1214858894133297
8420	-0.7109414851333357	-0.6932886550116665
8421	-1.113556092199999	-1.4665251102500014
8422	-0.6865799538500014	-0.41390186573999965
8423	-1.094653189695006	-1.1907393880549972
8424	-0.8129498832466706	-0.7194609477516677
8425	-0.7789225688500057	-0.7571437626216657
8426	-1.2435293093333335	-1.4367619595000005
8427	-0.939704397799999	-1.0861660095433294
8428	-1.1819765162566742	-1.2971021252433343
8429	-1.160507266148333	-1.4172737993216773
8430	-0.9636961630166695	-1.0401100735600022
8431	-0.9434996395333342	-1.032321732021662
8432	-0.97551721919834	-1.1334763658050007
8433	-1.1907360940333362	-1.5128256925666694
8434	-0.9863671352833377	-1.1598449083933307
8435	-1.0725760283999992	-1.1958553910283338
8436	-1.107604680016674	-1.2936265193949978
8437	-1.0960169156500013	-1.2293738255999993
8438	-1.068006008210001	-1.1889708547533349
8439	-0.9379221621833301	-1.1207648232850007
8440	-1.041300876400004	-1.121079159196671
8441	-1.030904285800005	-1.1287037130449973
8442	-1.1473419296983407	-1.2900168788266657
8443	-0.9512803735333344	-1.03094843375333
8444	-1.0777701235916688	-1.2478107679216643
8445	-0.8008228457666667	-0.6534944659566679
8446	-1.1970087693299973	-1.455536282461666
8447	-0.8570238285500006	-0.7444384223466636
8448	-1.074223490866665	-1.415413310656675
8449	-0.6764963706499999	-0.6098524462666651
8450	-0.9406753978500055	-0.9896039577833348
8451	-1.1129062789866717	-1.244054372500006
8452	-0.6697191260583366	-0.5733210898033351
8453	-0.834870166508337	-0.8508516755566652
8454	-0.909124876083333	-1.0107612798766605
8455	-1.1608811236000005	-1.4542617097683357
8456	-0.8807761567166651	-0.8296335253016647
8457	-0.928063817541668	-1.0504416682483357
8458	-1.0335346707166668	-1.1243333341083266
8459	-1.2310664653799979	-1.5272659485166626
8460	-1.0081432403883426	-1.0605297870449972
8461	-0.9806956876716695	-1.06323881540167
8462	-1.0208795149650085	-1.1098856876033296
8463	-1.0541946883050044	-1.0839927109616663
8464	-1.096846332183332	-1.31342623631
8465	-1.0217869441833365	-1.1157610988616653
8466	-1.1638180533633298	-1.3868147449516692
8467	-1.0406505334733274	-1.2341500526583324
8468	-1.0243719980583337	-1.3103598869883304
8469	-0.8923947908583411	-0.8719036914049977
8470	-1.0147734274000073	-0.9103924670699967
8471	-1.0257615852333322	-1.2644714229366683
8472	-0.7479508308066688	-0.5621722244533354
8473	-1.036476012433333	-1.333843579113331
8474	-0.8186739394333362	-0.8996709719033349
8475	-1.0842368324233334	-1.2900375090149971
8476	-0.921959749796672	-1.016515798383331
8477	-1.079957118050001	-1.4493742490850012
8478	-0.8648823904150046	-0.8443047280916675
8479	-1.083992650633333	-1.17391069641333
8480	-0.8304151144666715	-0.8680016748266687
8481	-0.9523299263566675	-1.0524278953466673
8482	-1.259293691498329	-1.5221794235749995
8483	-1.2079278300333294	-1.4575879906133389
8484	-1.2013384053500062	-1.4667938084666703
8485	-0.869270417495004	-0.8255565219150026
8486	-1.0032188595150089	-1.0873439671500007
8487	-1.102158186180003	-1.3093478117933361
8488	-0.5733980220000021	-0.4021621262766669
8489	-1.0384690682833306	-1.3168450843250012
8490	-1.0319225252666626	-1.254277162573333
8491	-1.147351707065007	-1.2820130126699958
8492	-0.9861377036116704	-1.0063570362633325
8493	-1.1197146638266666	-1.296180782589999
8494	-1.119714168481668	-1.3472597229833265
8495	-0.673735338808334	-0.4957364038949987
8496	-1.0120354425066707	-1.1940029639083356
8497	-0.935509229426671	-0.9705368972966665
8498	-1.197573242199996	-1.4503129295833288
8499	-0.9205001874	-0.9469541791566605
8500	-1.0546384494666705	-1.3555615692150034
8501	-1.0285261150916627	-1.2171141187883314
8502	-1.0523708978666748	-1.123169718728331
8503	-0.75056766784167	-0.7707702488516667
8504	-0.9362136037500001	-1.1569859855866653
8505	-1.208047200228334	-1.3935636717633433
8506	-1.1887293129166652	-1.5379526172800018
8507	-0.9862253968500052	-1.0625234619466655
8508	-1.1629395587466633	-1.372760294283337
8509	-1.0567391134083424	-1.1923410562816639
8510	-0.9311901790999985	-0.8193909592066693
8511	-0.9196789183999966	-1.1009459616816646
8512	-0.8901661254800025	-0.8446104776350021
8513	-1.1337654746499968	-1.3590602141666654
8514	-0.8926487655833386	-0.8297674623449997
8515	-1.0720543387833386	-1.2702991597916629
8516	-1.063793970666665	-1.3903349964250005
8517	-0.8214371145833297	-0.9474272967
8518	-1.0976864989216661	-1.3141338356333352
8519	-1.085436371710002	-1.258877604231664
8520	-1.0969899771666667	-1.350064634728331
8521	-1.1160250430833343	-1.3848379361583327
8522	-1.090450996348334	-1.2679156105850027
8523	-0.9846726584833327	-1.0723633261116656
8524	-0.7776417918333322	-0.7891829617466676
8525	-1.0748299749166685	-1.1879696550933323
8526	-0.7914497366166682	-0.614497053426664
8527	-1.284921533803329	-1.5639499445316662
8528	-1.2315727221449966	-1.5044246125999976
8529	-0.9258574283583374	-1.0369602221050016
8530	-1.1580068936166708	-1.5215444282633346
8531	-0.9789698187966744	-0.9463139863833309
8532	-1.0116047862999966	-1.2762167891300018
8533	-0.9134965264500051	-0.906982408403331
8534	-0.9100473284250016	-1.026941233406667
8535	-0.9771847142683369	-0.9951953515933332
8536	-0.9972189107999987	-0.8858839234400013
8537	-0.9013859848150003	-0.9786406871266662
8538	-0.8688626158666606	-1.0727326585133345
8539	-1.1503594705666653	-1.362984042186667
8540	-0.8595234591816668	-0.6300529978166659
8541	-1.0913960301950014	-1.3576842037833337
8542	-0.8840712906666635	-0.8995305213483327
8543	-0.992318890780001	-1.1632844877416686
8544	-1.2541505731633327	-1.5007175292166732
8545	-1.2557762814983342	-1.4667060309500086
8546	-0.8669396451850052	-0.857331079786669
8547	-1.1778224628316705	-1.4089724945833335
8548	-1.0140807530666704	-1.0267131469666686
8549	-0.8000164718166654	-0.8122206042499972
8550	-0.9059453407166653	-0.7365736252166674
8551	-1.0756997785816687	-1.2553111708366684
8552	-1.157339420133335	-1.531746778774995
8553	-1.0170416324266747	-1.0816979498616657
8554	-0.9306275079550017	-0.9601709288516628
8555	-1.0436455347833364	-1.1802609339816625
8556	-1.0757301937116746	-1.1904012269949988
8557	-0.9690638368416693	-1.130768989674998
8558	-0.8932616396999997	-0.7474462915550012
8559	-1.131274650350001	-1.1469087357716663
8560	-1.1599569609333327	-1.364746745906668
8561	-0.7546778526949994	-0.7665425433866676
8562	-1.1234883696999949	-1.374096286916663
8563	-1.1708516691816642	-1.435478113478337
8564	-0.7133191979833354	-0.5441766041300008
8565	-1.0876722252166702	-1.4058326490616653
8566	-1.035018224774995	-1.197277960340003
8567	-0.9732504280166624	-1.285818736176666
8568	-1.2270811817899983	-1.417636477900001
8569	-0.6910436135616693	-0.6456433922366651
8570	-0.8783300895499981	-0.73983235392667
8571	-1.0667286639500002	-1.2276370776549974
8572	-1.2723273296899975	-1.500885951443334
8573	-1.3000455379916662	-1.4717750016500015
8574	-1.1107229431333352	-1.4547169460083345
8575	-1.0718894700666637	-1.3290772620233342
8576	-1.0587214005666683	-1.1919570465199962
8577	-0.7548624432800005	-0.6687810913549991
8578	-1.0322970215500027	-1.1702881452466714
8579	-0.991215546843342	-1.059115825820003
8580	-1.1915806944983351	-1.4163630320666667
8581	-0.9297353241433355	-0.911975122520003
8582	-0.8277943988300018	-0.8661675094750008
8583	-0.9541146029833374	-0.912980634810006
8584	-1.0779728916950062	-1.2437053891500034
8585	-1.003749634995005	-1.0181431528100036
8586	-0.8312007153416666	-0.8014656667900019
8587	-1.099159318616671	-1.3998182401333368
8588	-0.8915888175666615	-0.9616408064783323
8589	-0.8908874233250026	-0.95374356344667
8590	-0.6183593603749982	-0.494599670533333
8591	-1.0259830639183343	-1.1847006962566637
8592	-0.8399935984650054	-0.7906879906183361
8593	-0.683469717866665	-0.6087708546749989
8594	-0.8619859507900058	-0.9131118636216623
8595	-0.6192787746666664	-0.2946305763699996
8596	-1.1945352798333335	-1.4527418166933372
8597	-1.010430778950003	-1.1276556556333277
8598	-0.9645043318116747	-1.0429082116799981
8599	-1.1256749928666665	-1.4014241244500014
8600	-0.9124026929500055	-0.9537205427000005
8601	-1.1648541152783345	-1.3151323602333362
8602	-0.9980799077716654	-1.2097629342533376
8603	-1.1693812580666663	-1.430309826166668
8604	-1.1018356861816732	-1.2067556079833344
8605	-0.8291737051999956	-0.9285774756233327
8606	-0.9289969778550088	-0.9341072688783328
8607	-1.0023433773033332	-1.1531806885516684
8608	-1.121202656850005	-1.2782316146483332
8609	-1.0612924861166697	-1.418246404483334
8610	-1.122654595716665	-1.3608135373749992
8611	-1.0524705696916712	-1.2732320396666612
8612	-0.7847565636416681	-0.8229914834133357
8613	-0.940704062366665	-1.0876776945999975
8614	-0.924338746266671	-0.9834551066949981
8615	-1.1715806438166676	-1.4841123433500012
8616	-1.0320152314583328	-1.1224382661383316
8617	-1.0078990470333435	-1.0258444272666656
8618	-0.9587925003916687	-0.9149034689700039
8619	-1.1322570587666585	-1.3911724418300013
8620	-1.1001541882833363	-1.252312675451667
8621	-0.9279928955666696	-0.9486637262950002
8622	-1.1482127673350073	-1.348630985733335
8623	-0.9826991588416675	-1.1045294291599916
8624	-1.2052091323333283	-1.514237891678333
8625	-1.1032114183666635	-1.443287827538335
8626	-1.0672172223483356	-1.1532763922100002
8627	-0.8727278850000064	-0.8087787405016674
8628	-1.1003924783716723	-1.219589574033339
8629	-1.142115849861666	-1.3390328077833333
8630	-1.0369890985800023	-1.1977546193116673
8631	-0.7159309509566719	-0.6749765550666671
8632	-0.98601959569334	-1.0266807538599987
8633	-1.056559083666664	-1.2824182062416662
8634	-1.0778471809500003	-1.2541395330566698
8635	-1.2264786017666653	-1.5456195805166673
8636	-1.193659395999999	-1.4029630218833329
8637	-0.6099329299550005	-0.5028633519999984
8638	-0.8594676925749978	-0.8307812994983326
8639	-0.9698870783633361	-0.9696759239466686
8640	-1.0924131380833386	-1.2316431689816696
8641	-1.1201617098500023	-1.3195415335099954
8642	-0.5944781054333345	-0.40888750857666856
8643	-1.0996451216833358	-1.2435911760633358
8644	-1.1542851962666654	-1.431906760043337
8645	-0.7006587627499985	-0.636226008616664
8646	-1.2199307297650053	-1.4440744156566658
8647	-0.6609178713249996	-0.5159424413583312
8648	-0.9042198686666676	-1.010030590531666
8649	-1.1484679486450016	-1.4009836367949977
8650	-1.292366018666663	-1.5639070453550017
8651	-1.0405955367666684	-1.1979769114566658
8652	-1.1898938714999976	-1.5359979468483342
8653	-1.0129353182499936	-1.1587274326499963
8654	-1.1602722591499985	-1.506481439543332
8655	-1.208172190233328	-1.5529408456166678
8656	-0.9333716453950113	-0.9404852494200043
8657	-1.2167870766666666	-1.4953118558833303
8658	-1.1052230477933418	-1.2496692854766642
8659	-1.093927322166663	-1.2837384380666625
8660	-0.9328955404800089	-0.9101766730433336
8661	-1.1901212995700021	-1.3908210382883393
8662	-1.0637056107050047	-1.1413319252666687
8663	-1.0453568720383277	-1.2673320101483339
8664	-0.9727632839416629	-1.0905955198933326
8665	-1.1069747665483372	-1.2367346457283377
8666	-1.0686133814416634	-1.2305080420516652
8667	-0.8735362224550021	-0.8516892575266699
8668	-0.8504064459550043	-0.8050072330983324
8669	-0.932218996633339	-1.1098171927800042
8670	-0.9762295492083342	-1.1504821105966625
8671	-1.0436450317666697	-1.4030879792316737
8672	-0.8761881819666715	-0.8870247977749995
8673	-1.0349387863616726	-1.1778320963450002
8674	-1.161059562696673	-1.298466063236668
8675	-1.105644960799999	-1.5044643320166664
8676	-1.0261671488283395	-1.1406858021033301
8677	-0.9904411783816698	-1.172969242096666
8678	-1.076827407650002	-1.5155024216100055
8679	-1.1085661960316664	-1.3321213255099984
8680	-0.9612979920166702	-1.104611308251662
8681	-1.0738161461666673	-1.2734261506716693
8682	-1.360729522663334	-1.6091894952666674
8683	-1.0729383677200028	-1.2734059794983361
8684	-0.9375934640583309	-1.1114734731466709
8685	-0.9684039351333352	-0.8989833276199979
8686	-0.9256704873999982	-1.113114276690002
8687	-1.1062738098333311	-1.127964274796665
8688	-1.06449484373333	-1.3460066725116675
8689	-1.2267548572166689	-1.5160136663766743
8690	-1.0333865765149997	-1.1834876861366634
8691	-1.1591526691333391	-1.5219268363483351
8692	-1.043709992916661	-1.362733483143337
8693	-0.7345449802933383	-0.7190519058733309
8694	-1.152420559283333	-1.4554432425433366
8695	-0.5179725247000003	-0.3376335747966667
8696	-1.0880498785150023	-1.2101716502550033
8697	-1.0947023169	-1.3353191444133357
8698	-0.7134929853250037	-0.6519047167716676
8699	-1.0402030166000023	-1.0992707548983318
8700	-0.8715842950499971	-0.9360361598733352
8701	-1.0256462003033344	-1.1701618469116584
8702	-1.0676207754200024	-1.1692741350983311
8703	-0.8296114808166674	-0.856738319058332
8704	-1.239033858333336	-1.456853877365005
8705	-0.9920107523333361	-1.3009769571083365
8706	-0.9262649978233394	-0.9866473086299995
8707	-1.2459442787916644	-1.429955823466672
8708	-1.1529169402266646	-1.3795057862583355
8709	-1.0024446564000078	-1.0121482692833326
8710	-0.9856456008500025	-1.1678225664916642
8711	-1.0413362344166668	-1.114310700984999
8712	-0.9637348106466707	-1.00985837106667
8713	-0.9926160972250038	-0.9830058570866683
8714	-1.215434875958329	-1.4844261337800062
8715	-0.9636075371499954	-0.978983849936665
8716	-1.107341418246669	-1.2579306158883292
8717	-1.064458258451672	-1.171475421013337
8718	-0.759769051266666	-0.6543516397983333
8719	-1.0505508739500051	-1.1567499214233312
8720	-1.0128231220783435	-1.1351015005216663
8721	-0.8231447151333342	-0.8652753130316625
8722	-1.0325468728666658	-1.1338992267766612
8723	-1.0409025081000014	-1.3140922840999987
8724	-1.125416982766667	-1.5017960538800033
8725	-0.9780244338033354	-1.0229645041083366
8726	-1.2245761929999992	-1.5109722867166735
8727	-0.9002362828866671	-0.9776685368766667
8728	-1.0531293134566728	-1.2017391245099975
8729	-0.9332167581300072	-1.0239769990733376
8730	-1.1960793454683338	-1.410814408109993
8731	-0.9853356095200062	-1.0642654925183346
8732	-0.9111570668983459	-0.9031173351466675
8733	-0.7896868199833343	-0.7345487246149998
8734	-1.3505455304999985	-1.6459346172500007
8735	-0.9223344831000051	-1.0164721421600005
8736	-1.1514655939083356	-1.3237461248149998
8737	-0.9279026732583363	-0.998247509391665
8738	-1.0277469186466681	-1.1562215433150034
8739	-1.0205293043249988	-1.264615025380004
8740	-0.8284842476499978	-0.8783572603250042
8741	-0.7052407894916675	-0.6207773794099996
8742	-0.9903317662416684	-1.1077593935433288
8743	-0.8838241841966653	-0.6813066291266672
8744	-1.1648205648100036	-1.3674734886533364
8745	-0.9554233253666627	-1.11323731562667
8746	-1.0230481474083353	-1.0881632162099941
8747	-0.9379998136500003	-0.881166760195
8748	-0.8963126895449992	-0.7718518432766702
8749	-0.7801554823083349	-0.7753360625199988
8750	-0.9404202894166726	-0.9695814998083303
8751	-1.0136558661500084	-1.0820212073900035
8752	-1.1339766493999999	-1.4308298064533282
8753	-0.8609613453416691	-0.8980383828716669
8754	-1.0733904183366778	-1.171065752165002
8755	-1.0524108343416643	-1.2043680164816641
8756	-1.0449633915666756	-1.1503884623683296
8757	-1.028428307600002	-1.2181418799100043
8758	-1.0171000710250089	-1.0554596112600048
8759	-0.9629001099333313	-1.103241311445
8760	-1.0979219006900054	-1.2802637552266658
8761	-0.7714242144200055	-0.7120981255983339
8762	-0.7998348876516682	-0.6874829098100004
8763	-1.0764851767999997	-1.303143527283334
8764	-1.2340811165166625	-1.4781987907683358
8765	-1.236665649981669	-1.4470301303333368
8766	-1.1287864688533302	-1.320884755890001
8767	-0.9684501425816706	-1.002613641256669
8768	-0.8943711236250044	-0.7723902034816661
8769	-0.8444651483499973	-0.9738218444716668
8770	-0.9248686980000012	-1.0810812704133332
8771	-0.9722836856083386	-1.0291722420183356
8772	-1.0381755287833345	-1.2999743507500028
8773	-0.8965782948916756	-0.9748909358566717
8774	-0.6507233636833344	-0.40045293380000013
8775	-1.0231473083666731	-1.0337727023333318
8776	-0.8483823388333334	-0.5893111061333333
8777	-1.1782786052666745	-1.2624090858499992
8778	-0.680216477341671	-0.5667213369966684
8779	-1.2147028085849971	-1.4239004966050017
8780	-0.9995519105433375	-1.1371384058883296
8781	-1.039649732115005	-1.186284485811671
8782	-1.003767193131668	-1.198081994895001
8783	-0.9573701260166667	-1.0308580845216662
8784	-0.6335897116750043	-0.5344965988349981
8785	-1.2003534520000005	-1.4474961110666633
8786	-1.1284539333333354	-1.6040700322166634
8787	-0.8465877354833317	-0.9514192781516664
8788	-1.0521791238066767	-1.1159766714000068
8789	-1.1885418818000002	-1.5533384149733396
8790	-1.2724985703333302	-1.5365187338166681
8791	-1.15740531896667	-1.4177490045049999
8792	-1.1321531564166707	-1.4101968591833287
8793	-0.7567300993666676	-0.7030301521016664
8794	-1.011616457976667	-1.1440187266799957
8795	-1.1225301798666671	-1.368887224231663
8796	-0.772417708090001	-0.7279287662516654
8797	-0.8783382817566684	-0.9438379402183384
8798	-0.905483917883335	-0.9196618191233303
8799	-0.8705848765366719	-0.8456339489816703
8800	-1.121431400971672	-1.2815683315316608
8801	-0.6364590815833353	-0.4454077079799988
8802	-0.9651415704333371	-0.9323839709666645
8803	-0.9916755656500037	-1.0027567741333339
8804	-1.2892361963833354	-1.5955522322499947
8805	-0.8861715120050061	-0.9630159927533253
8806	-0.8393663568083346	-0.9266422758866651
8807	-0.7916128627833365	-0.7283449369950004
8808	-1.0100593844333328	-1.304206097658336
8809	-0.9197140316833324	-0.978655988125002
8810	-0.6761450470500029	-0.5982867645783323
8811	-1.1125050409466695	-1.2379501632549996
8812	-0.9439723627166623	-1.2347955719966683
8813	-1.1107432864666664	-1.4345339213666666
8814	-1.0781525529500007	-1.441867703350003
8815	-0.9774434134833391	-1.1197275926133339
8816	-0.9676476648166721	-0.9718751876999986
8817	-0.8994230191	-0.9430473484216619
8818	-1.189755758630004	-1.3223657663133368
8819	-1.0348535863466704	-1.1742845954149967
8820	-1.0756997785816687	-1.2553111708366684
8821	-1.1414370994316685	-1.3444691239300008
8822	-0.8527979058833318	-1.0451017798600006
8823	-1.0296597652833321	-1.2626008091899967
8824	-0.9702699831250091	-1.020752701571665
8825	-0.9180086758750009	-0.9941233999583335
8826	-0.8434606887666657	-0.6426034734533338
8827	-1.283576774813333	-1.562566468616662
8828	-0.5730462417416656	-0.37285605644000036
8829	-0.9349697924950049	-0.8193318727800023
8830	-0.9010265513300023	-0.860962587608336
8831	-0.9046306127166669	-0.9436367637433374
8832	-1.163633922201669	-1.3421880707000007
8833	-0.9952601194433383	-1.0789864410399983
8834	-1.1648652500983327	-1.3046877005966708
8835	-1.157172309300001	-1.41953708749667
8836	-0.6474915558666693	-0.5288918242300006
8837	-1.1390964304666655	-1.3517856942916668
8838	-1.1968513559283314	-1.3588810387983332
8839	-1.2011354000166679	-1.4907194507500015
8840	-0.8548828156316725	-0.8563231546266661
8841	-0.8223753683700041	-0.7680802926666644
8842	-0.9935515547800023	-1.1368898368066633
8843	-0.8809042852833321	-0.866949651426664
8844	-0.9969875302000026	-1.355888654563334
8845	-1.1034522357333305	-1.2453734200083353
8846	-1.0032259535383419	-1.0740595078366628
8847	-1.034708547150005	-1.261883459304996
8848	-1.0836762969333325	-1.2086978481983321
8849	-1.1690089259999992	-1.3787606719666703
8850	-0.92622544745	-0.9228667006083329
8851	-0.8848681478633351	-0.7965471446966654
8852	-0.9413667908166644	-1.0833894228883358
8853	-0.8295141277583378	-0.8190029481666705
8854	-0.8223986662500024	-0.8822449163183286
8855	-0.8842959027450079	-0.9301013026816645
8856	-0.9986084151833403	-0.9312922265066654
8857	-0.6413186127333332	-0.5647268802633322
8858	-1.258642857466667	-1.6309917386500017
8859	-0.8780972220416697	-0.9463659860866649
8860	-0.9786910797666668	-1.1571914074983334
8861	-1.0016912613150097	-1.0685358960983304
8862	-1.1513909368500035	-1.3511690263700005
8863	-1.01321620025	-1.4125706293483362
8864	-1.1918946798000034	-1.455742416123339
8865	-1.0274203152583323	-1.1619588277233275
8866	-0.9924076797600127	-0.997547542251667
8867	-1.1151099962500053	-1.152747186649999
8868	-0.6956743469250027	-0.6425640498783332
8869	-1.0466663995833332	-1.303688913966662
8870	-0.8258795816000023	-0.8752770422716658
8871	-0.8956869132333347	-0.8930555405216715
8872	-1.043390337008339	-1.0729445996533316
8873	-0.729987979980001	-0.7099754856400021
8874	-1.1412501813000018	-1.3968388601516684
8875	-0.6278433023416684	-0.48052882724833207
8876	-0.9297634922316719	-0.9499205904833357
8877	-0.8787710045833331	-0.6895037820483336
8878	-0.7407898360499997	-0.6536159947366679
8879	-1.0358269874916628	-1.1604288863899965
8880	-0.7111366623333335	-0.33985168042833347
8881	-0.7799869104583385	-0.6873426359050014
8882	-0.5401800576916663	-0.3373881087500006
8883	-0.9799466536250079	-1.0001057550266603
8884	-1.0118298674816715	-1.149890135123328
8885	-0.8409525593916664	-0.6804949831566658
8886	-0.9805858649566687	-0.9735128130000027
8887	-0.6034385617833355	-0.4193561247233329
8888	-1.034197354766661	-1.2885781964416723
8889	-0.8825496922000002	-0.8393458496833315
8890	-1.094905395826679	-1.1703941204616652
8891	-1.0403905224166747	-1.1057804272999996
8892	-1.0620152915750054	-1.1941905865733347
8893	-1.0339108661950056	-1.1484652786533307
8894	-1.2310897535983352	-1.367606947283338
8895	-1.0903862123450048	-1.1838750921583294
8896	-1.0079799375666676	-1.272729348828337
8897	-1.013701449716673	-1.0923382756000006
8898	-1.0425403516650102	-1.1663148117833342
8899	-0.872425456308333	-0.8975982160183368
8900	-0.9398883299833412	-0.9972502907333308
8901	-0.7984111365666664	-0.5475909493966666
8902	-0.8882721814966728	-0.9434343220483334
8903	-1.104729911	-1.6021445548166697
8904	-1.1861835574999964	-1.607762232833335
8905	-1.1149638597083393	-1.279586127946666
8906	-1.0334187844166716	-1.2403766153349982
8907	-1.1072752745200003	-1.2872368023916625
8908	-0.8304135130083391	-0.8432192613883314
8909	-1.0471294747916688	-1.1632723064916695
8910	-0.8822807085266707	-0.8427560064183376
8911	-1.007926396900003	-1.0368431701133294
8912	-1.071040913566666	-1.172610522270001
8913	-0.8645223584416676	-0.8655950866766652
8914	-1.0816799123266716	-1.235759351860001
8915	-0.9815945243566719	-0.9573626634666659
8916	-1.0550592046449967	-1.3399704123200036
8917	-1.0513577661333278	-1.3148706941149997
8918	-0.9023659542900044	-0.7614650793483322
8919	-0.7360055839116699	-0.6433515966083334
8920	-0.9914359037749964	-1.1711546414566676
8921	-0.7109204475266698	-0.6952997596649997
8922	-1.043723467206661	-1.2550616661483356
8923	-0.6729152934166672	-0.603470995931666
8924	-0.9577661313466693	-1.0821744515816687
8925	-0.9445839390833328	-1.0339601086016632
8926	-0.9913528800933417	-1.0593096226566707
8927	-1.059905116816667	-1.2969409032166648
8928	-0.9411960178666633	-1.115936507069999
8929	-0.9950989736500055	-1.042808133725001
8930	-0.8997073107166667	-0.8300609584566646
8931	-0.7480577328000009	-0.7272749459316618
8932	-1.0525399504999977	-1.1907799353250021
8933	-1.1118063231416613	-1.383473043168335
8934	-0.9412960048900019	-0.936325871390005
8935	-0.997338683183335	-1.3519820787150005
8936	-1.1182795951166702	-1.323444600045001
8937	-1.0724930430933348	-1.1259850470966664
8938	-1.1532241711483404	-1.3625576481299955
8939	-0.9744648976166739	-0.9560620546633317
8940	-0.9856759654800068	-1.0295686887400035
8941	-0.9471248451833314	-1.2646898518000005
8942	-0.7905936218833322	-0.48074094148333474
8943	-1.1258434765216683	-1.3506184429499986
8944	-1.10862075785	-1.3587779069166683
8945	-1.0938790079833358	-1.3700608989399983
8946	-0.767138758058334	-0.7132068122566667
8947	-0.9400877851583314	-1.0147188722849982
8948	-1.3063721888333328	-1.446464688833333
8949	-1.0257435077650037	-1.0572191355166696
8950	-1.006491947233339	-1.2727282532933357
8951	-0.8861196015416662	-0.733907773768332
8952	-0.9445901583650037	-1.017028928776664
8953	-0.8825543570749984	-0.9581262646916674
8954	-0.8387765629833334	-0.8706327799066697
8955	-1.0477771345000038	-1.1828397976233345
8956	-0.9537676523999996	-0.938717374396664
8957	-0.9050943643016721	-0.9665075123950023
8958	-1.1679182051833352	-1.3847923896533376
8959	-1.1230646287366681	-1.2426358788233312
8960	-0.9384600771416758	-0.9605167107549978
8961	-0.8845323944133383	-0.8340028901349978
8962	-0.8828224479166664	-0.9793661394966653
8963	-1.1401038538966684	-1.2500202793866684
8964	-0.9285247265333407	-1.002163486255001
8965	-0.9671813124499951	-1.1316475861783344
8966	-1.2040618262800011	-1.4594751474099958
8967	-1.1655863773333324	-1.5753369213166697
8968	-0.9214616599166647	-0.8888159953116642
8969	-1.2560934742333276	-1.5566422228816679
8970	-0.8253578100816661	-0.6221928575166669
8971	-0.977050651683333	-1.0253856811149933
8972	-1.0728984978850087	-1.2401731152516613
8973	-0.9024537939000027	-0.78156895693
8974	-0.7192988701333347	-0.5078988539600007
8975	-1.0510156169833376	-1.2251482223699994
8976	-1.152929191433335	-1.2836385535383281
8977	-0.8495546789966711	-0.8570047091849993
8978	-1.0849051848833364	-1.1802111563333302
8979	-0.5765954100750011	-0.4209967272900008
8980	-1.0772955766633305	-1.1808031254233333
8981	-1.1580017535900018	-1.3735499204299988
8982	-1.1582560461133264	-1.420522692165006
8983	-1.1948642136149996	-1.4338938244366606
8984	-1.1965883383316689	-1.4296079753166684
8985	-1.1880675628316717	-1.4135295651100008
8986	-0.8213897195500008	-0.8949353142099973
8987	-1.0697090132733449	-1.213011016925004
8988	-0.9116595843233363	-0.9810729576666695
8989	-0.8657027681833359	-0.942699769955003
8990	-0.9874148629733364	-1.0980845369633325
8991	-1.0460017241666641	-1.3611313806666694
8992	-0.9191658856566677	-0.9907786617816677
8993	-0.6765239926666663	-0.6058193792066654
8994	-0.968909448563339	-0.9376452682766651
8995	-0.762033256924999	-0.7519878874866632
8996	-0.9116301194716744	-0.9882523945499975
8997	-0.6533327377666663	-0.5518356021199986
8998	-0.5936379171666666	-0.4003511882183337
8999	-0.6015495937166672	-0.3762218808616661
9000	-0.9856149137300061	-1.1033965789283358
